30
50
60.2379 24.1966 -29.2672 -36.7632 -5.5128 39.6934 -64.3910 -15.8394 86.9248 18.3737 29.9300 -80.8145 -14.6211 78.5126 -54.3743 -34.3041 -54.1691 81.4441 95.6656 65.3095 -19.3514 -93.2159 -97.4700 35.7639 -7.6306 -1.3131 61.2993 -22.2155 -16.0927 43.2141 9
-7.8837 -66.2293 83.0153 70.7799 20.5829 62.0522 50.6558 -74.3756 -82.5656 -41.1924 -14.6051 -76.6863 -55.0809 -29.5174 -65.9193 -40.1159 -35.0106 44.5510 -87.7951 -83.9608 74.5765 -74.6279 -75.6069 14.6923 56.4172 -8.1313 -21.4486 -77.9033 54.3702 -82.5903 5
-32.3526 90.6684 68.0413 50.1966 -82.8997 4.2019 -80.4552 -12.2087 -55.9288 -34.5705 -46.4630 -24.2483 -10.8641 -50.5713 -67.9725 -84.9503 -43.7422 69.1932 98.8588 -62.1319 -77.0956 12.2371 -43.8603 93.0436 50.0823 -47.3749 9.0043 23.3101 55.8668 14.0299 7
-5.3541 -89.7829 49.7190 -89.1787 -74.5195 -98.6694 -63.8046 -70.8956 -90.1879 78.0884 -48.8930 -85.1632 44.7440 -48.8677 79.4044 -26.8923 22.9425 94.8045 68.0028 45.0443 49.4904 -7.8134 -69.6116 -59.2038 -25.1822 -37.3367 -83.2906 62.2434 -98.0657 -55.3454 8
43.8631 -51.6015 -31.9286 -20.2052 14.4261 54.4454 -66.7619 -31.6626 -64.7412 -8.7654 1.9419 -76.7457 -91.9319 92.2140 97.3594 -14.6503 38.3607 76.0468 60.5732 -66.9606 95.7721 -64.8478 -58.0612 42.6477 -12.3657 38.2561 -42.0163 -14.1452 -61.5418 -67.4942 2
-0.8209 -35.9450 77.2805 -59.1683 59.1505 -94.7312 -11.6376 -5.0580 10.5704 -10.4601 -63.6665 -11.0969 13.4049 -39.5089 -44.1323 80.0874 76.2688 30.5671 73.6543 -13.1576 -79.4379 -34.8818 78.8206 82.7490 8.8790 87.3371 13.4797 -70.9391 -36.6944 -88.1992 8
83.6562 43.6628 -13.4942 30.7861 61.5467 7.4247 81.7933 24.6644 -46.6163 87.9303 -77.2396 -63.3299 56.9981 -48.9590 -98.2062 33.6193 -89.8878 -1.7607 4.0586 -29.8673 15.7173 -64.1933 -64.7476 67.4431 -35.9435 82.0811 -50.0090 -5.2795 -79.2363 -36.9288 10
39.3431 44.8986 -10.1250 37.0878 -17.4986 23.5519 -63.8821 -91.3704 9.4359 59.1249 -28.1634 25.3895 -32.8363 -76.3866 -0.7511 -89.8444 -4.7656 -51.9966 8.1103 -61.0653 68.8721 -59.2098 86.2732 12.1548 76.4081 -36.1515 95.0423 89.2453 81.3449 0.9582 7
49.5212 -95.8542 -41.1279 45.0981 53.2954 -63.3778 89.4528 21.4336 11.9786 -30.4112 -17.8336 -50.9288 34.3406 0.4397 -22.6980 50.1162 -60.1025 66.8612 86.6483 -26.4566 10.6266 0.7141 -70.2514 -35.0648 -11.5504 67.5861 -63.9992 -45.2934 4.7503 -41.4120 8
-2.3427 66.5765 60.6280 84.9229 64.4667 47.5507 68.5154 -84.9770 -81.3123 -14.6467 98.0503 93.3926 64.7049 -0.8934 -59.9127 25.3723 81.8844 -19.3627 62.2873 28.2097 39.7564 -72.0079 -50.0003 -55.6021 59.5977 38.8395 59.8536 -22.7723 -92.2964 -74.5816 10
19.9840 -94.8305 43.6103 14.7500 42.3499 24.0713 -4.1061 -12.8983 -19.3364 71.0065 -94.2190 39.0440 53.9523 -30.2478 -82.3967 -57.5259 -68.7393 -70.8468 12.3376 -25.5281 19.0008 -59.5757 60.4591 -52.2865 89.9498 -3.8246 -19.9457 -10.1661 99.3729 -79.7226 6
-40.3439 -70.9436 82.6142 4.2332 5.9249 81.0135 -87.1215 -14.4767 16.6194 -64.1572 -67.0558 -67.9622 -35.8883 -29.5023 46.0335 -56.3761 -33.4387 -44.5925 39.5048 -74.1481 50.4926 -80.0126 7.1812 9.3164 -15.5662 -93.8957 -14.6859 -12.1723 40.2858 0.3297 3
42.6742 83.4529 -51.5668 -24.3929 -89.9205 68.9320 -64.0518 -93.7992 -19.7742 -92.2938 11.1272 87.4915 -50.4300 3.4189 1.4333 -95.1925 80.1004 -1.0238 66.1441 -55.5825 -86.3327 47.2162 3.1439 16.5820 82.5016 -73.6275 71.8739 -78.1311 42.2018 -8.3867 8
52.5691 -39.8668 -68.3309 -97.5022 -5.6704 -74.9469 12.1543 25.6033 13.4791 85.1980 -25.3966 92.1841 36.5072 19.7005 -41.3035 39.4042 0.6789 42.1514 84.7277 76.2942 -22.5845 -41.9415 15.9562 -37.5881 65.3429 -70.7120 -38.5353 69.3707 52.2911 88.1798 9
-48.4039 -23.4788 90.5173 79.9583 80.3010 -87.0089 86.7413 -66.5435 -91.8162 -3.8527 -76.6254 -55.5931 8.2132 56.7921 -67.1816 -19.6634 60.4421 -95.4492 17.0839 -42.0483 6.2575 23.0446 -86.4013 -41.9967 -35.4852 89.2699 -30.6861 0.1838 14.8517 50.8649 10
4.7036 7.6212 -92.5684 -59.1052 89.4562 -35.4569 60.1635 -27.5626 -69.4002 -99.6839 -0.1216 49.8434 -0.7991 67.1305 89.5126 -13.6084 -59.6147 -97.1266 32.9781 -19.8246 78.4092 85.5465 20.7484 -11.1148 78.3279 16.0528 71.4353 15.1677 5.2963 58.0582 3
84.9086 -55.3839 -46.0099 -86.2323 -89.8447 -22.9827 83.9805 -62.2245 -69.0873 95.7358 78.0366 -2.5552 36.1197 73.3117 -18.6975 -35.8165 23.2897 93.2660 64.5512 40.2674 -23.1385 82.8209 -1.6276 -68.2775 99.9453 42.7086 2.4238 83.9670 54.9877 47.7783 1
2.0176 -84.0720 -72.2549 40.7295 -34.7489 27.0553 74.1851 62.2966 43.3877 -58.5866 42.2538 75.5992 -52.9112 -65.5193 42.5239 86.5985 54.4303 95.4521 -56.2522 -8.3343 37.1199 19.2800 59.3179 89.1961 -59.2355 -54.8137 -8.7380 -58.9527 8.9787 -80.8483 9
-23.8694 68.9214 -87.8914 69.8481 -97.8948 11.6461 -95.2467 6.1710 -11.3062 -40.8291 -52.4030 -76.4613 62.7377 68.8352 -90.9530 -29.6655 92.6533 -15.4788 -34.2181 -33.2240 -82.7129 76.5844 36.0848 28.8986 19.6927 -6.3017 -0.3260 -9.8921 -12.6108 -23.5778 6
60.3704 -82.2980 50.6492 51.4205 78.3606 79.7016 -19.8814 50.3567 14.2258 -22.2653 -26.4427 -9.0065 52.8256 -62.7139 -69.6116 38.0879 19.7750 38.1085 72.1538 67.8512 -21.8518 48.9651 77.5411 -80.0328 -71.6783 21.7969 52.0481 -44.4863 53.9795 -19.5046 10
85.7140 -14.0600 14.1129 45.7451 -79.3990 -81.6882 42.2556 -21.2772 10.7098 -63.1841 56.0090 0.2906 -20.7837 -76.7312 97.6500 33.2300 -0.7314 -94.5446 -26.9410 -94.4007 -26.6990 72.9234 64.2325 24.8521 -57.1186 89.5726 25.4614 -74.9050 7.9760 -78.8023 7
40.9121 -74.6779 67.1039 38.1300 53.6111 -24.8107 -85.4671 -5.3751 74.2695 40.0283 48.0468 18.7933 -99.7219 28.7380 -28.2226 -11.2226 -79.5266 -26.8517 32.0829 70.4477 77.4640 -55.5554 86.0446 63.0136 62.0571 -73.9442 66.5503 87.2078 89.9545 83.4295 3
-31.2960 -26.8194 -20.6340 -12.3379 35.9667 31.3149 -26.6358 99.9558 61.7703 -44.1233 46.7207 -1.1301 -98.0454 -97.4424 -54.8175 -75.7106 78.6087 -45.2115 91.3528 54.9179 53.1868 -71.0693 -45.2361 73.5513 56.2963 -41.1335 64.4956 -14.3593 15.9753 -49.7956 8
83.3179 84.5506 -73.2011 -47.0004 42.9349 46.8753 69.9002 30.2064 37.6094 43.7466 64.0672 93.7728 69.5511 69.0763 -90.7524 -93.4671 -26.7301 -60.8678 53.5359 65.6079 68.0246 68.6725 -6.8474 18.7273 67.4531 -79.8033 35.5706 -12.4064 -37.0004 -25.1542 5
-73.4853 -45.2898 -56.0342 34.0100 -79.4100 76.6213 -55.1181 -89.8027 12.3521 65.6157 29.4658 -25.1865 -17.2527 3.6483 -2.1163 -82.1678 23.8268 40.8790 40.0765 80.9005 43.2100 92.4169 19.4617 75.1480 19.3508 -74.7595 20.7092 17.1402 -39.4645 -0.5065 3
-57.7631 -15.3177 -89.2326 -0.0081 74.3584 -80.3429 -50.9254 -92.0185 34.7310 -71.3707 -58.0132 35.8892 -32.8514 -42.0354 -5.1609 38.4762 80.9079 -39.8523 -73.2508 81.5985 43.6835 39.3618 98.8897 -91.6113 -59.6654 87.7642 37.8421 -10.7788 -48.9422 -7.3428 4
19.4590 10.2486 -63.5134 60.8074 31.0986 -2.1079 17.3681 17.9999 -5.2671 -80.8149 28.9257 -36.0969 -96.6257 -93.4652 75.8387 39.4315 -52.5518 9.1054 -13.8232 -49.0606 -40.5620 -86.6991 91.8108 24.3613 -87.4821 44.9053 -85.4648 -28.8609 -57.4333 32.9894 2
-4.3337 88.9028 -44.8250 -99.1359 -50.7536 92.4282 64.4361 90.0623 31.0744 68.9944 52.2679 -66.1514 48.9552 89.8418 -81.2480 -78.7330 -17.0217 -60.0213 83.9498 17.0146 15.2621 78.2366 57.2367 19.3099 -78.7829 -84.1276 13.0512 -59.8374 -36.3631 2.8837 3
-36.9285 -42.4279 84.1830 -66.8415 46.5573 90.2993 4.4373 -54.9563 67.1385 59.8334 82.9917 -31.0674 -39.9351 8.7355 -22.4496 20.9283 -53.2723 -65.4346 50.4977 -38.7559 -84.9733 13.1273 15.0011 95.0861 -3.6527 51.8583 91.8368 -3.7531 17.1887 -15.5514 3
-42.0014 -73.9462 -33.7831 -5.0347 16.7302 -42.5379 83.4389 -81.5466 -3.5665 59.3620 -39.2664 44.0421 62.9874 -6.5144 -23.7655 87.5712 11.4643 -79.5978 -23.5803 48.9758 68.5483 73.4716 -83.2986 -1.9777 -50.8130 46.2405 31.0295 -80.3281 -97.0329 22.2607 3
-89.1856 43.4684 42.0606 16.4223 -67.9339 -13.3928 30.2611 59.8619 -77.3405 -29.8257 -89.8882 54.1609 -56.9636 -34.1261 7.9353 -59.4243 84.9747 -71.3913 -10.6918 31.1934 -10.0417 -42.8525 2.5524 62.9384 -40.7681 8.3474 -31.9663 73.8438 91.9725 30.2885 10
-81.0768 60.2615 -57.5106 -32.3439 42.3899 51.0886 -12.9476 -65.0110 -46.6132 -75.0474 -1.0925 51.3340 -61.5899 -36.0835 23.0104 -88.3217 -43.6903 25.4337 -78.1950 14.5511 -29.9859 44.0486 -83.0527 -27.3631 5.2120 54.8142 88.9403 -44.0896 -89.3041 64.9210 7
-43.9688 -19.3742 -0.9860 -10.3640 47.1321 22.4320 70.6814 -57.9493 -7.3579 -22.8664 11.2436 -79.2226 2.2139 49.0368 -90.2279 28.4207 88.6780 32.7639 -95.8132 97.7328 80.3236 82.8946 55.8566 6.8444 -62.7806 -26.8410 -19.7705 11.4392 -10.8240 -50.0233 1
78.1635 96.2539 -31.0491 -21.4469 -16.4843 49.5668 72.6361 9.8583 -6.0809 60.7550 74.8108 -77.3626 -68.5911 1.6419 -59.3523 -67.1724 -20.4358 -1.4679 -60.9397 22.2332 -12.9085 -65.5786 48.1973 45.1411 -39.6773 -48.8835 -8.0276 -85.1672 -63.1588 -57.6485 3
-37.5582 -26.1481 16.2262 -10.4231 8.2932 56.6969 -26.3669 9.7487 60.8854 -53.4372 89.9899 -49.0632 88.7589 14.2592 -59.7894 -23.1618 33.3739 22.4554 45.9080 -70.4435 -74.2419 20.9336 59.6091 53.1141 -53.3775 46.5264 -84.9987 15.7972 -32.5173 -49.2963 3
5.2891 45.6381 93.5494 43.8374 -37.7925 -76.3870 -45.9629 -27.9004 82.0593 -45.3230 76.0885 -89.8357 11.5641 -76.7365 -82.9026 18.6277 76.0280 -41.7623 -14.0236 -41.4008 96.1460 34.3401 -13.9519 54.4016 47.2115 -48.3016 9.6990 -24.4527 0.7009 -29.7667 5
-12.6866 22.8690 40.2092 58.1033 64.5474 97.4632 -51.3307 75.6301 -31.2527 4.8264 -16.0575 -45.4472 -18.7150 56.4820 3.2811 27.5424 -31.2965 -35.3526 -45.1439 35.3315 -64.3534 -9.3398 36.2531 -58.4815 90.3596 90.5197 80.7884 21.8696 -20.4153 -33.5679 7
-94.7456 92.7825 -98.3907 27.6569 -17.7368 64.0060 -27.1540 -70.3015 14.1573 -70.1979 -78.3152 74.9603 -21.5314 88.1977 -5.1043 -79.5537 -26.4555 -5.4222 2.3163 64.6429 -14.2384 -69.7427 3.4778 68.3125 -8.6543 -1.7915 -13.4571 -12.9055 37.8003 -35.6521 10
-62.1183 -14.4746 62.5837 18.3006 60.3237 74.1123 54.7676 -56.3537 10.8058 -29.7291 6.6569 75.2525 84.3684 33.5540 48.0634 27.1183 68.5305 -79.6463 27.9465 -38.5268 10.5032 74.9011 -74.0817 -39.1639 -27.7978 -60.0663 62.0734 77.1523 31.5474 23.6928 4
42.0764 -90.6025 -12.9936 37.6747 -12.8037 -99.8133 64.0944 74.6891 -31.2234 65.0475 97.3722 -39.4853 13.6063 96.8904 -84.0464 71.3073 -69.4254 -13.2509 -94.2286 -65.8121 -63.9936 12.6659 26.6520 -98.1235 -89.8320 85.2598 32.5516 -92.4099 -92.0587 -41.7272 6
-14.3192 -32.5387 88.4543 15.1750 -11.4414 85.3751 3.7939 45.4095 -97.9900 42.1712 85.3182 55.0374 -48.3645 -8.5658 -56.4105 37.9797 -10.3331 61.5502 -11.6004 -37.0557 42.0046 -43.2616 35.3742 12.8557 27.2971 -30.6715 89.1864 70.1590 98.6892 -60.3940 10
45.6784 -64.5679 -65.6720 58.6357 -37.2057 40.2757 -73.6199 24.1559 68.3790 -19.2841 -54.2965 -31.7148 -88.1335 -9.2283 84.3253 -88.7691 4.5518 -52.9366 40.5584 92.7478 -14.7106 -68.3996 -56.8983 -35.8397 -1.0483 71.6883 -59.3097 -53.4230 20.2867 7.6341 8
-29.8389 22.6681 -56.6953 3.7670 -45.6549 82.6461 27.1960 80.3271 9.4709 56.2472 29.0844 22.4463 -87.6809 67.5048 95.9588 33.3034 -88.2903 25.4164 81.0573 -27.3362 34.4908 -88.9712 21.7130 85.5233 92.1533 48.9130 -62.3631 61.2322 91.1617 29.4598 9
-70.3024 -3.7579 -21.4219 -30.8870 -71.7609 20.6310 74.2538 69.8661 -3.2525 93.5013 -86.6196 92.3937 56.3183 37.6897 36.1186 12.1863 66.0924 43.9788 -71.3355 26.3390 -33.0512 56.7490 -6.9799 -39.1769 -22.9908 13.6917 23.9195 70.7338 79.1396 23.5825 1
-56.5117 15.5679 -21.1072 92.5465 -34.9123 -73.5430 -5.5866 -20.7193 21.7339 39.5467 56.4814 -81.6253 62.8751 -98.3000 -36.4977 -22.2553 81.7001 -5.7448 21.8277 -99.5485 -87.1414 -7.6531 2.5725 -71.9936 69.9003 -27.2917 -6.0072 -16.0063 -46.3009 -72.6305 10
-93.9227 67.3071 -73.7483 36.6210 -78.3707 -78.2340 -19.9254 -57.7684 -93.8548 -87.4380 -69.3236 92.6316 69.9648 91.5523 -77.7926 0.0251 -88.4268 -92.7614 -89.4161 -59.0165 -32.3240 85.4309 -8.9958 -4.3177 -45.3729 14.2985 65.6231 -23.7578 72.5920 -83.6173 8
83.0618 -77.6391 97.1201 11.9083 -18.1757 -6.8994 62.2094 40.0354 32.6206 96.6024 89.3834 -54.8944 32.1093 48.9356 3.5119 -9.9378 -83.6778 -52.4648 -17.0012 -93.5290 -79.3130 -27.6778 -90.9330 -47.5288 45.0904 65.5478 -75.8203 -99.7726 31.8818 30.0012 7
73.5483 -14.7999 32.7563 -35.5632 40.9164 -41.7113 46.3893 62.9587 -79.6994 -45.1092 23.0179 13.3161 -78.2204 23.8317 34.8413 -5.0078 -14.5518 -50.2584 -2.5480 -60.9721 12.2694 27.8546 77.7727 6.7278 -18.1386 94.5578 30.8140 41.6643 73.3188 20.3408 2
-48.7715 -5.8117 -12.8433 58.9764 19.7181 -19.7457 77.3773 -25.3341 32.3367 -84.0392 58.4492 -62.5351 83.1701 12.5168 70.4767 95.0911 31.8648 47.5170 -46.5493 27.6520 -47.8462 95.9714 -76.3920 -95.8812 71.2972 47.2053 -38.3820 -93.1902 -4.8546 27.9604 8
-35.5439 25.9400 81.8377 -84.6411 -21.3421 99.1788 -12.9815 10.4090 -36.2915 -6.4850 74.2620 -9.5964 -78.1785 86.7644 31.1610 -57.4981 -70.8801 -41.9122 1.8487 86.2608 -27.8537 -30.7751 -98.0245 21.1768 -39.2895 -11.6960 86.3910 -10.0728 20.5876 4.4291 6
