15
100
74.9638 -93.4914 49.2018 29.4674 98.5815 -55.6258 -39.1124 27.4678 -19.8328 -12.5395 13.7897 -20.8294 25.1272 8.5510 -82.8508 1
-54.2596 25.0870 64.3094 -17.9873 -89.4959 -26.0262 -25.7905 2.0992 -33.3528 -26.7009 19.5067 -99.0681 -38.1936 -33.5261 -52.3077 9
71.7549 -34.1199 -66.6945 86.2407 -49.7867 -34.9620 83.6576 56.3801 -53.7889 52.1411 83.8249 97.6837 73.5079 33.7005 -18.7863 2
-61.8997 -26.6281 15.6221 22.3431 -61.7025 -92.7750 79.8136 10.5857 -78.5458 -31.8570 19.7833 -11.9450 -32.9023 35.1397 -66.8715 5
44.4685 -76.5355 89.4142 -77.5596 47.2869 -4.4566 -60.5290 -88.5419 1.7170 -76.8724 -81.9489 -38.6246 99.6655 -92.7965 12.5029 4
98.1360 62.8111 -42.7671 -61.5673 99.6726 1.5612 51.6697 38.4993 20.2811 67.4482 43.7349 79.2947 30.1820 -69.6227 -13.6061 5
-28.3362 98.5040 4.0379 88.0347 -57.4957 -11.4500 19.6474 3.8246 21.9382 26.6151 91.1239 -11.9441 -58.8951 -42.4941 42.4127 9
-79.6060 -13.1316 80.1073 -26.3866 -92.3575 -30.3406 -76.8862 69.2644 -86.5107 33.7097 12.7235 79.7126 -86.6656 92.4036 62.9961 10
35.2012 -96.2926 76.9741 45.7935 -29.7385 2.5624 -35.8789 -17.7565 39.2025 69.6852 92.4830 15.7686 -7.5196 -2.6970 -63.0511 1
22.4577 37.4568 -42.8107 83.5645 -62.7903 -89.6296 -95.7358 64.9127 -63.6428 26.3869 -93.4565 44.2012 -54.3686 4.4164 -78.5829 1
-6.6015 35.0123 -85.3186 -51.7370 29.7089 -64.1016 -27.7604 -28.4363 6.7551 -34.7628 -53.7807 20.9839 0.6434 99.5193 -99.7906 2
-37.5863 14.9331 10.2751 -31.6202 -76.9921 57.9212 99.1466 -9.7787 -98.1575 99.5573 82.0594 17.1794 -73.0021 -71.2495 63.4241 2
-2.2825 87.4564 91.8348 21.1129 -81.7593 25.7161 -71.5841 -77.9623 4.0900 87.7224 93.4255 -45.4705 -23.6880 -5.3988 65.4227 6
-79.1537 5.3851 8.6884 1.4761 -55.6805 4.6038 -66.6936 43.7610 72.5368 -76.7480 -51.9757 -32.3722 -61.6978 58.0662 94.4028 1
-41.7649 -90.8413 30.4990 6.6138 -3.2753 12.0323 -56.9666 13.7911 -58.7857 -32.7535 -20.7279 -87.1501 -41.0816 -60.9633 -37.2172 6
60.4911 -99.5118 89.1919 68.2567 -95.4763 74.5735 -92.4002 87.1948 7.7642 -11.7303 -30.7080 -7.3052 -55.6623 72.4538 80.9848 7
-3.4061 -36.5518 -81.0647 69.7322 42.1644 22.0312 97.3845 25.5903 25.2061 32.3315 -3.6260 -85.2584 -19.7813 17.6383 89.6899 7
-75.4811 -78.3981 85.7995 -43.5977 48.9593 55.6843 86.1092 -34.3001 25.1257 34.1617 -92.7057 19.9651 98.4317 61.3695 -63.1638 5
-36.1906 43.9996 -94.2543 -76.9071 34.7474 46.8427 32.6841 80.9796 20.9232 -48.5560 46.2070 -2.7265 61.1229 39.1135 67.2602 2
-43.5681 69.3231 -99.8399 17.3842 66.6406 -26.0351 -96.9388 8.0282 63.7836 67.4045 -20.5431 5.5608 75.0219 -38.5057 -24.3951 6
-48.4459 -52.9864 -99.9493 19.2341 26.3261 82.2551 64.3518 48.1133 26.7649 -78.8213 -64.9369 -22.2309 23.9643 98.0900 68.4932 6
11.0408 -71.0014 -89.5151 -6.8875 -99.9047 52.1306 44.2841 -7.6783 29.9763 -19.3989 34.9135 -99.2392 -17.3779 -71.3132 -66.9378 4
-64.1359 -66.7935 -97.1184 49.9788 -64.4869 90.8185 44.1046 63.6784 -99.9438 -71.0068 -72.7183 -80.9050 -67.7604 5.6688 -42.0050 9
-75.8671 79.1546 -20.1905 -74.5101 11.1286 20.5084 27.0031 73.3725 82.3983 10.8719 -43.0423 -57.0502 54.5095 98.9916 -91.1371 10
-87.4869 -34.2217 40.3938 -70.4112 -78.5287 -31.6091 -17.9929 23.4846 21.3076 -44.0992 27.6517 93.4965 -25.6329 -13.3374 -70.9596 3
-4.9533 30.5828 -8.1792 -46.7643 59.8668 29.7121 89.5468 -46.2178 -15.9428 25.5750 -14.2076 -15.8806 28.2326 50.0209 77.5570 9
-76.9892 -26.7911 -18.0165 23.7214 -21.9234 -48.5302 -74.8650 -51.1848 -57.1481 50.6327 71.1038 -80.3828 99.6257 51.8752 11.3489 3
42.0409 -33.5621 -76.0205 68.9266 -43.0382 10.0509 -6.6293 39.8569 16.3009 -88.7079 37.6803 -61.5863 85.7049 -31.5702 9.4701 2
-26.1431 -15.0131 40.9204 8.3344 52.6242 -90.0907 12.0440 64.0831 0.5327 -4.3934 -7.9635 -91.8445 -12.3205 86.5840 21.2366 7
-35.8572 -8.9547 8.9577 -11.5250 -47.5884 -95.3137 -79.9361 -55.4906 67.5972 -25.2899 -82.9557 54.7877 -68.6198 -95.9819 -49.1312 9
-3.8777 -13.3127 -70.0008 10.1469 31.9896 -10.0650 -56.0355 -20.3238 -24.1954 -95.0369 73.9186 48.1357 60.7689 -90.6543 68.2365 6
-45.1893 52.8506 22.5019 -27.1281 -13.6621 93.8357 54.9057 37.3589 -58.6874 -71.1961 -81.4361 -45.1940 46.5240 -53.8796 -9.8023 3
-65.6105 49.0075 -38.7495 -95.7669 80.9244 -77.2065 55.9166 -59.4201 0.2288 -30.3384 -93.7496 10.5060 -46.4100 29.1418 68.2708 4
-81.9739 -78.2074 -75.5708 67.3989 -87.6613 5.5605 -59.8520 -72.7450 -89.7183 -67.2927 -89.7284 2.9672 -28.8192 -48.1195 9.3705 7
57.3756 -45.8802 -38.3585 39.8130 54.8428 -7.6071 -98.7606 85.6784 -76.8635 -26.2873 84.8215 -24.1344 -15.2344 99.1106 -25.2082 1
10.2617 56.3712 -43.5421 -34.8301 -19.1041 -75.9654 -84.5108 21.5378 44.2339 -94.6840 27.4975 91.0371 -82.4151 -49.6879 -82.1987 10
-84.0312 78.7343 96.7958 -8.9868 -9.4894 80.8073 78.3579 -85.5784 -90.4608 -84.3721 -20.8947 9.2350 -52.5603 -37.2831 94.4303 4
43.0165 -6.1090 -94.8045 -78.0406 54.3200 2.8373 -0.2328 93.4937 12.9545 -32.1756 -5.5559 -9.1800 -81.8131 -14.2126 28.4036 7
-27.4065 65.9152 12.7178 60.2152 47.4304 -0.8214 69.7498 45.5716 16.5192 -97.7219 -39.0967 -66.4391 20.3090 80.3739 85.8210 1
-83.1840 32.6084 65.3199 -36.3846 94.7747 87.9478 -49.3841 -42.3644 56.8296 -49.2556 4.8582 26.5663 -59.0192 74.4752 -13.1294 6
84.1064 76.1882 -58.3999 -28.9124 45.5729 -57.4857 40.3745 -53.1802 87.7232 98.9498 -45.2121 22.1863 28.2109 84.1377 -62.8599 8
43.2358 5.7510 50.2717 94.1279 -38.9691 52.3734 29.6730 9.2892 -41.5472 93.1820 50.5365 -98.4519 -39.2626 8.7941 48.6747 5
84.6986 1.6092 85.7552 -37.9071 -54.7799 65.4245 83.8339 -66.5044 56.8788 -71.5831 -97.6794 -90.4838 -36.7338 -23.2399 23.3343 4
70.7460 8.6826 67.8654 43.7694 51.6656 47.9674 66.6669 89.8861 86.7369 85.7047 22.1832 -34.6313 -22.8470 -11.7803 -50.1061 4
-83.3813 -36.9988 71.9852 79.7552 81.5455 -80.5330 1.9536 -53.2255 29.5961 1.0797 67.0324 10.5600 -92.0140 -5.6115 -22.5452 10
97.8484 -82.2420 5.9370 71.0913 -57.2507 -36.4154 -87.3448 -35.0117 69.4121 26.3248 35.0762 39.3194 61.6501 48.0527 -87.9912 1
-20.8920 5.8565 93.9345 10.1505 14.7353 23.8803 -36.8501 68.0691 16.4711 97.6386 40.6578 -20.0055 -38.6462 -51.2842 -41.4825 1
-18.4617 -41.1123 -46.0411 -44.3451 41.1315 45.6541 -15.7572 -66.8164 -70.4337 44.5190 74.3842 62.1921 -31.7374 45.3180 88.8224 1
-26.5775 -28.6537 -12.4518 39.0827 -46.7523 62.1105 -20.8312 -7.1822 33.5533 -57.5580 2.8459 -70.5615 32.4338 18.2752 -34.2441 6
-94.6143 -94.2248 -78.1821 75.2955 13.5867 41.3823 80.4712 76.3040 -51.8815 92.7312 -18.7797 35.5573 45.3967 40.3992 8.6317 8
54.8566 -26.4443 81.7726 -1.1789 -55.7353 -64.2399 68.5059 -7.0215 78.1875 -99.0352 1.0947 11.6321 -48.3300 76.3972 -32.7969 3
63.8050 -10.9824 -91.5414 -93.3026 -65.3693 -94.6836 62.4457 -64.4802 -86.8362 -77.4502 -28.9096 44.8620 34.6080 24.6534 -37.3649 9
-42.9102 0.4362 98.6301 71.3503 -9.7408 -62.5296 64.4458 43.9212 7.9610 0.2938 68.2207 -18.0465 19.3652 -5.3311 2.0303 10
97.3452 -88.9539 -87.2611 -10.3272 -66.6246 -50.6597 -46.9912 -85.8316 -53.4593 -25.6716 13.9193 74.6967 96.2513 17.7362 -52.6979 6
-81.0980 -5.2097 -33.9076 -77.0297 -46.5218 48.6579 -89.3995 46.3129 84.4348 67.4547 83.2882 5.9339 -70.7582 36.5981 37.0960 4
84.5772 3.7410 -31.0409 95.4542 43.2196 76.1594 62.3873 -65.4933 -28.7350 97.3786 -84.5111 -73.7321 -9.8722 -9.7035 17.4229 7
23.3238 -92.4170 -34.0932 77.6743 -65.3150 -62.0988 -62.0415 0.2358 -61.0804 12.3359 -46.1264 48.4111 37.6229 -62.7537 -47.5367 10
79.1341 66.3871 70.7881 -72.4285 -76.3996 37.4430 -58.7109 -57.0262 50.3955 68.4664 -88.3611 89.2264 25.3222 -72.9538 -38.0237 1
39.5185 -80.9288 -33.0570 6.1416 58.4979 -50.4144 43.9450 -79.9882 3.9848 -84.3586 97.7138 -63.4974 -65.1560 -43.4824 -13.8413 1
17.7011 21.5318 -97.4965 -4.9899 -7.7372 -16.6366 -11.5514 -98.9200 86.8124 93.2198 -13.8823 75.8919 0.0539 16.4294 74.5355 3
3.0955 -78.1390 -79.5067 -29.0516 89.2681 -36.6021 34.0471 -46.9715 -72.2011 5.1180 -51.4944 10.5632 56.7860 90.1268 -9.7888 5
14.0335 -76.3934 30.5150 -12.2995 59.3634 -93.7788 -99.9298 -62.3231 33.3024 62.8460 29.3881 88.1259 -65.7046 -29.9626 -92.4710 5
59.6722 88.7799 12.5218 81.0630 16.5180 -1.0427 53.7757 8.7154 34.5496 -70.3429 59.7888 -78.1043 90.2769 -99.8706 -5.7386 1
-72.6209 -78.3233 48.7593 -48.4669 -7.1011 37.8495 -9.3975 43.5628 54.8969 64.6421 -0.4217 62.5391 17.1432 -91.6765 18.9955 6
5.0253 -90.5360 -0.1498 28.2150 -29.3701 -95.5377 -0.1066 57.3700 -75.2036 46.9736 82.2592 -57.0894 80.5261 -96.1233 -25.7341 1
15.4292 -71.1646 95.9186 -87.7621 -65.8325 -65.8493 2.8660 89.8363 -81.9351 86.7884 71.8665 -99.8679 -76.2704 36.6458 -9.6857 9
-79.4197 -7.1016 37.0062 96.5511 -2.0359 88.8691 -14.4381 -20.6421 5.6985 -61.3687 72.5475 28.7121 -15.5504 -64.8527 -30.0130 6
-64.0571 37.3469 -95.1585 -7.7621 22.7678 -33.6276 -50.1143 4.0910 -56.9467 76.0989 -5.2503 -42.5057 -61.3818 61.5585 -69.9106 5
-63.7834 99.7068 -53.9508 -61.6241 10.8023 82.0453 -56.6966 -93.7477 28.8260 8.5565 -13.3946 59.6129 -28.2037 20.3721 -98.7461 3
85.2433 81.8535 -86.8072 29.5847 -99.7584 -32.0060 56.2959 -74.8100 -59.4390 88.2886 -57.4598 38.0710 -79.8936 46.4056 -0.2150 2
-30.4901 93.9382 -1.0114 -74.0303 -73.0559 84.8178 75.8128 69.1652 -68.1862 21.7627 68.2686 90.2482 -46.2380 85.7594 32.8172 10
30.7885 -24.2117 -30.7908 -37.8285 -46.3084 31.5779 -75.9281 24.8579 -54.5932 42.8609 14.4959 -22.2855 -96.1875 41.5036 -44.2515 7
-74.0957 -79.0647 21.0468 -69.9389 -83.2233 68.8073 -42.9043 46.2089 52.6929 -88.9919 -33.8395 -40.9507 2.2812 -17.8801 -65.2473 8
-9.8582 -50.4838 26.4953 61.1515 -32.7872 63.1304 -54.0052 61.5544 -75.3544 80.6302 4.4717 -0.2340 21.1124 -11.3822 -97.3278 9
-78.5784 -89.8277 69.9133 -68.9838 85.2581 58.9517 42.7196 -60.2456 92.1732 -42.5034 82.9066 11.3399 -1.0831 -56.5258 -98.2325 4
-47.6997 -11.3610 14.5703 20.4006 -0.3094 -91.3169 -77.1777 2.5725 -89.8742 56.6012 -41.6725 37.6654 -78.2283 -68.8287 -92.5552 6
0.8112 -37.4269 85.3875 34.9609 92.5744 -92.4442 -97.5810 -90.9859 -41.0973 27.8005 18.9831 47.8938 44.8017 -26.4052 95.6506 6
-75.3607 -82.8676 -79.6626 34.1240 -45.2620 -28.4201 59.0769 -59.1178 69.9496 1.2099 63.1492 12.6258 -28.1689 46.2792 31.1378 6
-88.0078 -52.7285 -49.0184 -75.9481 -2.9226 36.3780 -80.0100 70.5787 53.2272 -12.2451 26.5873 -73.4744 -98.1433 30.2959 -49.9011 2
-8.6649 -3.5202 -62.6305 21.0230 -36.6851 95.2314 44.0325 -85.9277 -99.6694 -15.0965 12.2962 20.2179 56.3325 -19.1534 59.6761 6
-54.0254 -16.2699 5.5382 -73.9886 -69.2355 91.5018 0.4815 -81.1379 -57.2018 15.1430 31.3706 -80.9627 -54.3719 -66.2056 -67.4053 5
-37.3317 -24.0424 -63.3084 -94.0984 10.2971 28.4979 -33.1311 4.7775 47.7169 -3.1420 34.0109 30.2701 47.3934 1.4441 61.3387 9
-67.6540 -69.9371 -11.6090 -15.0389 50.1566 -29.7880 47.2591 -80.7091 -66.7897 4.9791 -73.2713 -23.0603 -3.0870 -49.3903 -67.8439 9
-69.7714 -26.2115 -52.2343 -11.6848 38.0341 73.0499 52.7756 21.5789 44.0478 -73.0716 9.2056 -68.9412 -82.9584 6.7542 -15.3363 9
78.2849 75.0885 -60.2623 9.7704 -80.6076 98.7771 33.0260 52.6615 -78.6653 -60.7505 17.1179 44.7728 -76.1613 -14.3705 49.5943 8
19.3286 -81.8666 -48.7556 49.0731 26.5906 56.0607 -27.1716 -21.5326 58.6867 -96.3976 59.3325 -97.3007 25.1877 28.9273 90.2848 4
-85.3033 5.7971 -77.0817 20.9648 98.4211 -50.0125 24.5621 -65.5760 -32.6702 -33.5460 62.5339 72.5811 -35.1052 33.1232 76.5916 9
-61.4606 27.5306 0.9293 -8.2010 42.4606 60.7856 -22.8095 39.9767 -6.4933 65.7087 -9.0711 15.5511 -34.1484 26.8585 -38.4006 8
0.7244 -22.6477 53.7631 24.0071 5.2272 76.1422 25.5757 -22.8374 75.2760 -89.6252 -15.9036 71.8966 98.9981 -44.6434 50.2165 1
68.1313 -97.1951 85.7191 72.1807 69.0121 9.8970 -69.6118 -72.0017 -10.8287 -92.4071 51.8666 -83.2067 30.2890 -41.2698 73.2854 10
-60.7887 -92.7594 -19.9200 -27.6084 -94.5465 -81.4677 59.5304 -21.3746 -79.7186 -37.6270 -47.7064 47.0175 7.0761 1.0085 -1.6500 7
27.1310 -81.6320 83.2353 -65.2453 34.7275 37.6271 -1.3099 -76.4453 63.2509 -66.3663 99.0891 97.7336 -94.0931 -63.0338 -1.3805 3
78.5080 -81.1549 87.5492 64.9451 0.3805 -77.2086 63.5234 -96.4485 -58.3837 -41.1138 86.8369 -33.8707 -11.8081 40.9362 70.1046 4
-37.2430 47.2702 51.1871 -42.4697 -61.5314 16.4114 -42.5389 75.5990 19.3348 -89.8715 -54.6577 -71.8857 22.7853 37.4987 10.7024 3
46.2117 -71.9573 45.4942 26.3943 85.6871 -73.8326 -1.3610 3.7084 -78.9971 -99.1873 62.1647 -36.9095 -89.5508 14.6574 -62.6990 9
-35.3716 -40.7669 63.9877 0.8616 2.5374 62.9837 57.3750 10.4049 -72.7035 -13.8059 -60.5030 98.1154 69.6602 95.6124 22.9649 6
-22.7180 26.1354 -80.6303 62.0957 -59.3680 7.7495 -30.3152 -38.6141 68.0755 -67.0556 87.2064 57.0795 5.7837 39.9463 -82.3405 5
65.5524 -44.4748 18.3732 47.3057 72.5870 99.8830 90.3643 5.0948 -83.3974 -80.8836 -10.7764 83.8388 -11.4906 -43.4079 -21.3655 8
37.7255 -69.9176 38.8509 37.1708 8.3882 30.1501 56.2935 -23.8469 -44.7720 3.6309 10.9526 88.5213 5.3450 95.6097 -44.9798 5
50.5114 -94.5850 67.5444 -91.1963 -14.3838 -81.4008 -47.6007 -69.4597 48.7256 49.8685 -56.3657 -93.1210 -17.8911 61.1022 -1.0214 6
