20
50
12.1213 -24.3372 58.6693 -56.7099 -54.9475 57.2463 -91.9255 -53.9082 88.0275 -16.7175 30.2519 99.9231 96.5150 19.0853 28.5560 4.3890 51.3894 14.9373 30.3821 30.2845 4
61.6190 82.9746 99.8124 13.6323 -94.5398 89.8144 -46.2893 -35.8294 49.0660 -4.5478 57.3836 -15.0879 63.7612 60.1913 12.6934 -26.1176 -41.4699 -60.4734 9.7223 -65.8952 3
23.6440 -23.9742 -75.7272 82.0327 95.4838 -15.0374 5.5370 -6.2865 63.3472 -42.5431 -40.2217 84.4407 -68.0887 -42.4665 -89.3092 -32.7458 43.8124 -0.8996 -46.1330 94.2099 1
-21.8071 89.8660 29.7324 99.6032 -54.0210 -41.3387 86.9485 -75.2204 41.6673 32.8231 -97.3828 40.7978 2.3162 -15.2998 -44.4459 -46.1673 6.2318 86.4356 25.5659 -80.6367 2
-58.4230 -47.7259 -38.9599 26.5300 -12.0719 86.2936 48.5266 84.0288 -23.3226 -27.5667 -56.3514 4.6192 -48.1201 67.3205 41.3663 -21.7490 -41.1194 52.1030 -35.2850 -64.5572 2
-91.6923 15.3362 83.2053 -87.7653 67.5773 38.4653 -71.9909 39.7340 -24.8259 33.6526 -4.2992 -87.0395 15.6075 -8.2878 6.3850 -2.1415 -97.5490 -5.9581 -69.5514 -18.6980 3
70.5895 70.6515 2.5386 -46.3340 95.8109 -33.6772 62.0296 -86.1173 -81.9047 -36.4317 -44.8227 27.1101 -24.2889 48.1695 60.5371 58.8316 38.9809 -5.7041 64.3300 -10.2815 5
73.7521 -32.5533 -98.8167 88.1698 -3.8389 40.7882 47.2297 -90.7704 56.8784 -9.5961 -85.3040 44.7079 -50.1602 -19.7627 -69.8796 3.3388 3.3929 -19.2240 -18.3843 46.9006 9
-71.3660 69.5487 56.6384 61.1041 -88.9484 -55.9498 -13.4114 64.5295 -69.0377 48.7858 12.3919 66.5048 -86.9343 47.2642 74.1071 37.3390 -85.3804 59.7006 -17.7874 -31.9639 7
-63.0762 -93.3188 -4.1680 -3.9231 13.7176 23.2369 67.4649 35.1124 -6.8264 -44.2904 87.6542 -95.2880 -29.7091 53.7448 -75.9174 81.4862 87.6570 -60.6873 -31.0850 -53.4093 8
-52.6237 -67.8086 94.9029 -95.6337 44.3518 -88.9971 87.9477 88.2413 40.4199 -74.9929 24.7599 -70.8346 98.8454 63.8982 -70.8916 54.1768 -16.5609 -87.5724 6.8276 23.7511 9
32.0154 -81.6225 -46.4954 -4.3637 63.5557 31.7991 65.7064 -65.6869 86.8598 21.6085 -18.9229 -42.3684 38.1914 -66.2277 -88.4456 -60.4804 -4.3793 -6.9049 62.3040 -8.3003 10
-77.7207 98.6269 -53.3939 -85.0555 -21.3922 -85.7521 2.6398 -4.4048 78.2063 9.9767 46.0877 -70.7967 -28.4243 68.6502 -0.4141 38.0723 -38.0454 -80.4412 53.8011 -67.5327 9
-39.8987 1.8189 80.5245 63.7544 -18.9875 21.8496 96.6764 90.9059 32.8539 -3.0499 -63.8660 -75.0630 35.3801 -85.9321 63.1267 87.0472 -45.4059 -26.7229 30.3153 -80.1258 8
-76.6339 -98.5979 16.2409 92.9305 52.9236 2.2536 18.1785 -94.2804 -49.4467 7.3433 -95.1339 -46.7075 55.6177 41.4040 -22.9330 -70.4580 43.4347 30.1584 -24.3243 34.0018 2
74.1303 36.5530 -19.4071 56.9777 49.4852 -64.5404 -94.0372 46.3982 36.6842 -45.3912 49.3593 0.6924 93.5913 26.4149 32.6271 86.0697 13.8468 24.0574 71.2923 13.3079 1
80.9208 57.6678 -43.1873 -36.8886 -48.4350 -72.9661 -45.8022 28.0956 -97.6213 -59.2878 48.3031 22.8870 79.2940 74.2753 -81.8205 -19.8573 52.8659 -9.1704 -9.7307 -81.2127 1
-86.7157 64.4498 -55.4518 -88.1703 -12.5627 44.8510 -75.4109 30.6260 -90.2276 38.4820 72.7577 41.9868 -72.3615 17.3221 -82.9320 -58.9923 -54.3922 62.9232 7.1498 -25.9684 5
86.2939 -10.0431 77.8443 51.1532 18.0164 -59.4437 -9.6458 19.7029 78.0426 17.3162 -67.7236 72.5379 42.4131 49.1186 -75.8927 -83.8557 76.9840 74.3113 -78.1350 -25.0157 8
-3.3677 -86.8783 60.5843 96.6823 38.4371 -90.9445 -62.3961 -95.4465 -22.3178 -27.7628 58.2766 18.3357 -14.7841 40.0716 -59.2884 -82.8462 -92.5725 -2.8067 74.3548 -62.4850 9
-81.9097 -71.2054 70.1259 -76.1259 20.8080 -41.2033 -59.1457 87.0650 38.1230 84.9659 27.5510 45.1424 38.1691 -17.2157 -17.1480 77.6242 0.3050 -69.1949 6.1167 -83.8089 6
32.4423 90.4995 68.3449 -99.2034 97.8079 -59.4432 65.8131 86.8894 -41.3595 -45.2929 -4.0188 -29.1939 27.0851 10.1982 -1.8752 73.9237 8.4507 19.0187 -48.0753 -65.5288 1
-18.0966 -91.3946 17.6758 42.9043 -27.0419 38.8908 13.4621 -74.0562 -10.2994 36.2408 2.4900 48.9743 55.7404 33.6018 18.8034 -73.4947 -35.2295 96.9939 -92.6614 35.2284 9
-67.6333 54.5118 27.2411 45.7716 -12.1226 -92.7202 54.2282 -84.9803 -63.8746 88.1448 -92.2935 92.0638 36.9917 -3.9353 90.6116 -44.8058 57.9064 81.6389 -80.3284 -16.6612 9
-32.6706 -29.2061 10.2640 -5.1290 51.5074 21.2996 87.6051 -54.1721 43.4949 -40.4906 72.2329 -71.5501 -77.2883 65.3288 -87.2598 -98.3366 -53.8771 85.4937 -30.6434 -74.1544 6
62.9617 -43.2575 34.0814 -43.7345 79.7607 -48.9288 44.2605 -0.6980 70.9211 -91.6814 31.2542 9.0076 -83.9520 82.8953 -48.5117 11.8463 34.6879 51.9878 17.9018 80.0851 1
-1.2595 80.7459 -66.7369 -70.6403 85.5130 -0.0894 -28.7724 72.3743 9.9353 36.7732 7.2477 98.4138 18.0758 -83.5477 64.1005 -55.0672 46.8296 -19.1030 18.0417 77.8728 2
95.9674 -87.6921 -91.6385 25.3869 -25.1130 -96.1979 17.5443 20.9011 11.8969 66.4388 64.3106 47.8859 95.0842 60.5710 75.2129 -65.9862 -22.3091 -77.9032 -0.2106 54.7383 2
86.1688 -7.5801 -30.9906 -64.6116 -6.7827 19.4368 -37.4707 -86.0513 -32.2345 -85.6227 -36.8892 48.0797 -16.6424 71.5457 -68.3756 -90.6880 71.8893 20.1163 -17.3873 -72.3662 9
31.6169 -93.0202 73.1886 -1.4158 28.4869 -19.2332 18.6548 -14.4514 96.3654 -3.3264 -64.8067 72.4961 -40.3718 -42.0412 6.2040 -12.8491 -57.5121 15.6195 -35.0242 59.6489 5
-78.6990 65.1705 74.1520 74.4030 -38.5686 70.0050 71.7070 -48.2441 26.0985 83.5483 54.4799 13.5503 -66.6258 52.2923 45.7893 55.7617 -66.9990 44.4064 -45.2406 -31.8176 6
0.4233 92.7719 46.1691 -6.2083 60.6206 -45.8310 -40.7824 78.8631 -48.7405 13.7282 -89.9740 61.3807 -81.1627 49.0400 48.2875 96.4355 -67.9453 -33.6394 61.8168 90.3129 6
97.8273 86.3983 -5.2836 91.1139 -98.1807 1.1128 -67.0471 -46.2385 -72.0362 -88.4625 -67.0294 -59.3063 77.3168 -59.7931 26.4626 86.8414 -31.7996 84.8499 27.8157 27.6466 1
10.0371 -88.2187 14.6364 -19.0150 60.4531 87.4341 28.4767 -20.0507 -70.0937 37.7146 -14.0587 69.4511 99.0851 -73.0937 -85.6379 -80.1151 33.5359 13.8013 -47.0063 -39.2810 8
-31.5130 99.1152 18.6272 80.5517 -96.3682 20.2696 -27.5210 -13.2929 54.1435 -47.5313 43.6929 -94.0383 -71.8041 65.7446 92.4154 52.8352 29.1402 63.4090 85.5492 -75.4300 7
70.6135 49.4700 38.7057 14.2414 20.3018 -46.7071 82.5029 86.1431 -43.7254 -3.9208 96.9285 -33.7383 -2.8840 70.3486 29.2732 -42.9061 1.3559 -68.7896 -0.6366 -94.8119 9
35.0651 47.6239 -58.9907 59.3198 -46.7256 -83.6726 -45.8112 16.2634 -9.9260 57.4595 -94.3868 32.0859 -85.1082 -16.4454 24.8721 -95.2283 -12.1632 47.0984 46.6334 -38.4177 6
51.6521 10.1648 -93.3605 47.0764 -46.5487 -77.0574 54.7115 62.5119 -37.3451 -13.9904 -76.4624 -5.1260 69.5491 58.6991 -32.7830 26.5147 76.7146 36.8227 82.0198 4.5550 8
2.8216 51.4696 17.5060 45.2884 36.1849 -64.1350 5.0478 90.5060 -66.8279 -69.4398 -21.3207 67.3843 30.7928 96.1121 4.7327 26.0511 -80.9155 -10.7198 -76.8379 -58.6656 9
-61.2871 96.9828 -24.5883 -54.2137 -68.2424 -53.0696 0.2673 -66.3644 20.8353 35.7733 -44.7278 3.0632 -43.6532 -76.3927 83.0401 -1.2652 9.3094 -45.7666 14.1725 -44.1186 8
96.5415 0.6813 66.2932 40.9185 62.2740 -71.4201 -40.9559 -42.1060 72.2962 -59.7756 -32.2315 39.9819 -9.7424 -27.9814 -23.8516 53.3207 83.8468 -85.5488 -42.8928 58.1356 6
70.7740 83.2319 -78.4401 -29.5709 85.1482 20.0481 96.1720 -50.8928 24.0189 27.4537 75.0552 93.7991 13.6646 -58.4461 -20.3821 68.0391 -17.3265 39.4650 14.6365 71.0120 9
36.1012 28.1706 68.0037 -69.3736 92.2119 -22.5097 43.8743 -21.8729 80.1859 47.3535 -87.2039 -50.6790 -92.7544 50.1024 -78.1212 36.0998 92.2073 -39.9876 9.8063 68.1543 4
-60.6215 -77.4953 55.4176 -12.7595 46.0874 -81.6211 -57.2561 29.4917 -59.6399 -44.5918 82.7507 -27.4589 0.3004 77.9317 -26.7583 -0.2341 -19.2510 39.5062 -66.1605 8.8301 10
73.7714 -64.9185 76.3956 92.5924 -77.9529 -79.4997 19.9874 -32.6215 8.4915 -34.3292 -59.0945 -33.5807 -89.5702 -26.7064 17.7504 24.4318 50.2365 85.9528 -73.6268 47.7408 6
-1.0704 85.8601 28.3419 -83.4381 22.5471 1.6311 -84.9071 -15.8481 -90.6357 35.8428 93.1585 28.5328 -91.4488 56.2802 82.6764 55.7076 -60.2600 -51.6175 15.3950 16.5227 2
-71.3149 -72.5011 66.1092 62.1711 -37.4472 -22.3469 52.6762 -74.2746 37.0365 10.8040 12.1012 -4.6473 -33.8141 86.8412 53.4838 83.9467 60.4748 14.0201 -43.3862 -17.6645 9
59.5859 80.4554 85.4236 71.2848 80.9479 51.2467 -38.4968 -88.7369 -23.2709 -56.5465 -38.5895 25.0522 21.2994 67.4189 -18.8823 73.8574 -99.5284 57.4720 14.8237 69.7791 8
3.9865 -41.3776 64.1517 -6.5261 -54.7464 -73.2826 -35.2140 86.3086 -38.4971 -37.0758 -82.6012 96.3739 12.2170 8.1818 -93.9603 -67.3905 -47.8474 -65.1873 -24.7357 -36.3777 4
91.8766 -77.7480 48.8676 -94.6035 -51.5016 -93.7519 61.8368 13.4704 50.1825 -51.3192 -7.7944 84.8077 -66.1745 43.4633 -46.5183 38.8416 -4.3107 -71.6181 -77.6793 20.2290 10
