15
100
96.6067 11.6999 95.0026 34.4392 -43.5629 -75.6196 88.0152 -66.8117 -65.2742 62.1804 12.7084 -26.2622 85.6321 37.6075 91.7513 10
18.0200 18.6467 46.4534 -40.8484 26.9987 -35.0882 19.6437 -56.8754 -62.5299 -9.7897 58.2497 65.3522 66.4756 -72.5666 -46.2463 9
-93.6085 44.7871 -61.4645 -26.6875 -27.9443 78.4782 82.3309 -16.5792 -24.2778 94.2376 82.3166 -89.0440 -93.0928 -32.2992 87.6566 4
23.1737 -92.1118 -48.2559 44.3015 60.9895 12.4204 -97.3285 51.0476 -78.1886 26.8104 -22.2006 69.0426 -60.8096 -46.2907 10.0677 3
12.4742 57.2279 17.9208 58.8043 -50.9846 40.6071 64.4741 99.1140 47.8478 25.1924 -28.3978 -85.8822 -20.1741 -99.7792 -68.4111 8
89.1278 29.4577 -69.2574 92.5443 37.9384 79.7659 18.5031 -85.6257 27.6649 -24.3618 -67.0363 25.7627 -0.5859 -13.8420 -40.1165 2
-37.4365 27.4766 -46.1050 94.9954 -81.0892 94.7232 82.2562 -19.6666 35.7493 45.6399 33.2809 79.5294 15.4006 34.1771 -67.2632 7
98.8034 -92.3495 -87.3350 47.1499 34.2653 12.0684 -58.5504 34.8286 65.8346 18.1761 31.3078 -43.0069 -40.5937 -74.3522 29.3549 4
-88.0565 -91.0205 -98.8986 -70.9254 -26.3493 6.0945 4.5833 96.2472 49.1374 -30.6649 -11.2206 70.5164 11.7254 -87.5119 -9.7816 4
5.4930 66.4912 -95.1860 52.6886 -28.5469 -4.2934 23.2274 -5.4968 -69.2003 48.3158 11.8602 -15.3262 -61.8933 92.8129 -88.5584 6
2.8983 -39.7003 87.9916 22.2558 -23.6634 65.5604 -32.1490 -4.4405 -44.4679 89.8696 -29.3125 -8.9476 78.9621 -15.5458 86.7325 4
-49.9708 51.8288 -56.1805 -20.5944 88.4325 35.3536 -90.0241 31.6818 25.8979 -5.8697 22.9461 -33.8344 -68.5997 46.6967 94.5071 1
37.3356 19.9374 -38.2730 -46.7714 75.3277 -0.0091 -73.1594 -68.2933 13.6721 18.5837 -64.7613 90.5742 -5.7936 -87.6210 -68.1313 3
-15.3688 -66.3662 -4.1177 -99.5652 -65.1479 -69.0179 -63.9070 -76.7177 -53.0177 94.4216 55.3490 -17.9352 -94.4403 -60.4105 58.6881 10
-36.1861 93.5531 76.2439 -39.8594 2.3550 98.4704 73.9354 -84.5259 -32.2158 17.9568 -84.3407 -56.3852 81.6913 -58.5501 -3.5562 3
-30.8693 -38.5045 -14.4421 71.3024 99.2224 29.8219 -43.5454 46.1480 36.7861 -60.0681 23.4717 -89.8434 -81.8066 -78.4043 68.1889 7
-80.3214 39.9375 -4.4815 -5.7095 -79.8128 52.4112 -20.4432 32.6424 -99.7326 -8.9002 81.4539 -24.7242 -69.5676 87.4426 49.8646 5
-59.1887 29.3384 -91.1539 27.3107 39.0689 -90.6215 -51.5468 97.9034 58.6449 -23.4589 -19.3156 92.5744 -61.4840 75.6725 -97.9248 1
-8.5350 -56.7280 -70.0352 -28.3657 -33.1913 5.4800 59.5888 -5.7274 3.2011 8.4848 -98.2101 46.5235 -9.7376 15.6890 -69.4926 6
28.9035 74.9994 17.0506 -54.8394 -8.6803 14.6644 55.3679 56.4983 64.7277 -85.1621 61.9323 -24.1728 71.2798 -58.5814 -92.8915 9
-82.9354 39.9154 -75.3804 -88.3428 -31.2689 -31.1295 -84.7875 -73.1220 -98.6851 50.6900 -99.2510 -84.1236 42.5077 -53.8066 35.2750 10
-61.1822 64.5982 72.6903 2.0664 48.3843 2.6315 -41.3998 -92.4813 88.7239 -96.7035 -37.6123 83.9027 12.5271 39.2568 22.6879 3
89.5031 -81.1745 75.0818 -8.9718 8.4141 49.7931 -25.5195 -51.6540 67.0194 -14.8369 72.8940 -14.6119 -53.0285 34.8500 29.2034 1
54.9131 65.4405 -23.4502 -43.7390 29.6223 -62.3187 91.3732 49.5078 -41.3718 -11.7480 37.0343 63.9555 88.1007 83.9858 -92.1825 9
15.7116 6.4785 -49.7702 -71.1013 -76.0804 41.1632 -66.7778 -73.8778 -30.1116 81.6256 48.4295 59.5794 8.2995 -10.4932 -44.6269 9
93.3695 7.2362 7.2335 -67.1544 6.7595 -17.6006 -65.0083 37.8930 66.8108 -62.7682 44.5287 76.6819 25.0012 -58.9828 -6.7376 2
-57.1856 -37.1623 -31.5307 -21.4020 93.4300 26.7161 28.0442 -37.3371 91.1015 70.2507 85.4310 -74.0780 -18.3833 -42.2121 24.4179 5
67.1299 -7.7016 15.2702 -31.9963 -3.5757 -15.0532 7.4235 -59.4366 -81.5895 74.9129 -61.7744 32.8623 -55.1706 -95.4337 -17.9400 3
20.3442 -23.8150 -27.9996 -16.3910 -96.4077 -88.3931 69.9815 24.4604 11.7890 -76.9753 -30.9246 -80.1111 77.8333 70.9828 70.7733 4
-55.3003 37.4234 -2.3501 -0.1162 -99.5145 91.2877 30.4897 95.1909 -21.1666 35.5318 -71.4034 55.7876 -45.9735 -57.2956 -73.2294 6
13.0819 60.1092 95.0244 78.7583 34.4057 59.7739 -0.1141 -31.9069 -39.0146 90.8841 23.3908 -24.0280 56.6472 1.7987 -28.9039 2
-45.7843 18.1025 -78.2163 63.7569 82.2683 -80.1565 96.2514 -86.9215 -1.7096 36.5478 77.6496 65.4954 84.3785 -37.0440 20.3748 4
24.7891 -63.0861 -47.5143 -95.3952 57.5764 17.3992 -22.2058 0.1314 20.4356 92.2296 90.6509 -51.8424 74.1972 6.7954 -96.3796 8
-82.9401 31.3260 92.0924 2.3896 -79.8903 -91.1034 -88.8421 -2.3679 -84.4353 -58.7690 44.5677 3.6342 -77.2751 72.8272 -46.5047 5
37.1231 -22.8411 32.2003 -85.9758 91.5196 79.9323 -85.2933 68.7409 -79.6953 13.6963 22.4737 -83.6458 -68.7217 -46.0168 -48.1034 9
-67.5021 -0.8771 -89.6999 -80.2130 -13.5360 33.4520 64.7867 17.3874 99.9611 46.1590 27.1557 -27.6770 96.4923 29.4895 -49.9926 6
17.1124 -91.7552 -28.0289 37.6504 -23.3239 -78.5084 84.4609 48.4608 93.0885 1.5956 -91.8591 -6.8416 -97.4785 46.4739 19.9007 1
-58.1087 -90.5459 -90.1884 -66.0810 -86.1378 -25.3376 22.6278 15.9511 61.1235 -56.1653 -8.9648 27.0736 51.7960 86.3837 -61.8969 8
55.0809 69.1197 -81.7058 21.6842 -26.0022 7.3165 9.2624 80.2957 -74.9307 -36.7192 97.0864 -50.7002 33.6594 2.1092 88.2004 10
-42.8081 65.4891 -16.4415 -72.9509 73.0593 -97.1624 70.8042 -22.7762 -38.2120 -50.6102 80.5823 -69.9219 82.0946 -42.4373 13.0643 5
16.1418 -33.7094 -53.6549 28.6324 -95.3293 -17.4825 76.0832 36.2202 -34.4404 21.1696 39.0524 -12.5311 -37.1696 58.8396 -40.7076 8
-31.0972 -6.5081 70.8526 -63.5636 55.5339 81.1885 66.1316 83.8954 13.7684 -28.1824 25.1426 87.5153 48.2019 24.2778 52.7335 10
28.5923 -33.2733 -4.5262 82.7744 19.5892 -83.8376 3.2539 -10.3651 13.9419 88.3900 86.4147 -79.1796 -31.6574 17.8974 28.3965 2
13.7074 -6.7049 -76.1786 36.5872 40.0965 -55.9188 -41.5482 33.3701 25.3006 -48.0304 -39.2106 36.6207 47.5908 -24.9471 -27.7173 8
35.0675 -68.3213 -61.2609 -67.1268 -6.0741 -71.7591 38.4465 75.4124 25.4988 6.0807 27.5758 37.1228 -2.3261 -63.3051 47.1194 4
47.8207 -70.3899 73.1367 44.6360 13.2481 -89.8254 95.2616 -70.0252 -56.8948 -55.1127 56.8614 -61.1687 49.2489 -2.0568 -19.5582 6
78.1961 61.3811 17.8354 -4.6124 19.1800 -49.5889 -27.3215 93.9064 18.3401 -63.4904 13.5973 50.5228 -48.6810 65.5560 -88.9523 10
-61.0505 39.7232 87.5721 -70.9038 -46.2084 47.5732 30.9469 46.4559 -87.5614 -30.6394 59.5072 -43.7509 11.7168 51.5840 -28.2845 3
-44.1828 -25.8453 -39.2999 59.4846 9.0000 -87.6169 26.9445 -31.0970 -73.5876 -35.5067 -12.7069 12.9676 63.5856 -41.2549 96.3886 8
58.5363 30.3607 -77.7167 13.8434 -55.1124 68.8790 -91.3665 -39.4719 69.2691 62.6940 -0.4119 -97.4733 83.5953 8.6496 -40.8138 2
22.0292 92.6341 88.4993 -94.7020 -14.5438 35.1103 -65.5861 -59.1961 84.0795 -7.9959 -17.2341 -26.1787 -88.9798 13.7283 -52.6217 5
29.5313 -90.1101 -41.0858 -79.9492 -56.5582 -23.6938 -76.6166 26.8502 40.5528 34.9975 -56.2545 -69.2100 -23.3172 -35.7549 1.2485 3
-37.3357 -31.3185 31.5392 -24.5803 -80.3832 -17.5145 -88.5019 -87.4454 -30.0965 -5.8055 -16.7483 0.8736 -76.1275 39.8250 28.0553 9
-26.4204 80.5518 47.8693 53.9338 -38.4836 -48.5059 19.4604 46.4192 80.9564 12.0951 -33.9094 77.0107 -65.1429 -10.8726 -79.1527 6
-30.4048 85.4402 13.2850 -5.2931 46.9111 -5.2739 -15.3314 97.0889 27.3724 -59.4575 -85.1049 79.0365 87.2204 67.4535 39.1544 5
-87.3338 43.5864 -86.0725 -29.3633 -52.6139 56.5140 93.4902 32.2252 63.8897 20.4421 -6.5690 -86.9862 -92.1778 -71.7098 -76.1085 10
66.0476 -64.7987 -11.6009 -61.7936 -40.5786 52.5412 24.1035 2.4376 55.5665 97.7966 22.8483 93.5105 29.9611 98.4612 -58.1566 2
57.7170 89.2714 -47.4387 82.3833 76.7981 -98.6835 8.8859 -98.8576 28.5453 49.2793 24.8971 47.8986 89.9497 -82.1473 -43.1750 3
-5.2303 13.1417 -29.1780 -11.7193 58.4297 16.3991 -21.7540 -97.6467 -98.1446 1.3361 -14.9891 -66.9795 53.7479 92.0098 -39.3984 8
82.1214 -44.0713 -38.2150 33.6715 19.9786 -93.1366 1.7236 -65.6442 33.2976 -40.8864 -4.3894 -66.2485 46.7491 84.5131 -23.2732 5
-11.6671 73.1275 4.9831 -71.5680 -69.0592 80.7694 39.5504 -57.8059 41.9383 28.9853 53.6561 43.6465 -72.2318 -20.4408 -0.0764 10
-55.7663 -26.4523 -69.7566 -85.6215 23.1316 -26.5763 0.0128 -60.4068 32.3291 85.4977 -10.5779 16.0343 67.0921 32.7919 62.4305 8
94.9416 -8.8273 34.9726 -51.6540 84.0912 -7.3983 85.7380 14.6704 -98.9983 13.5899 -84.1122 40.4241 64.5958 19.3706 -24.1013 6
-51.4073 -64.7805 33.6123 -45.8160 15.6831 -66.8580 -25.9183 15.6725 91.6145 80.2870 -24.3211 33.4407 -12.2866 88.5053 16.6118 6
-80.6595 -45.1520 2.0985 -37.2221 -4.8931 92.4813 16.1081 64.3974 50.7386 -92.5143 -63.6770 -88.1630 -21.3990 87.8001 66.8353 9
-41.0878 -66.9453 -12.9481 -0.0308 81.9064 84.4768 -38.5131 -29.9997 -64.5148 -35.8804 -0.0431 48.4687 32.4803 46.3972 49.7190 7
-0.2396 28.1953 76.2240 -92.2334 -5.1502 -10.4527 -99.0889 97.0370 -92.7036 -41.1095 -0.0351 48.7298 95.5209 -74.9123 18.5166 4
-42.9093 -39.5436 -52.0566 57.7468 -96.8804 -61.4469 28.9895 33.9965 92.1677 91.1710 -11.8768 -27.3007 32.7714 -18.3055 -72.0521 1
63.9581 -24.7547 76.3467 -40.1427 -32.6142 -55.5454 -4.4296 -58.0021 52.7934 -8.5578 14.9366 -5.7679 -10.6215 -80.2012 -69.4174 9
-33.6832 -82.5630 -55.4919 51.4296 27.6898 44.9695 54.8770 7.2730 82.6502 7.5929 -35.4352 -5.0391 75.1731 -54.9299 97.8809 1
31.8502 -36.0519 13.5597 -20.5910 -23.8298 1.0232 16.3054 29.7299 -78.6684 -4.5798 -18.9572 -35.8044 -0.2565 -81.0271 -92.5168 3
-61.0157 26.0549 0.1526 8.1758 96.7358 -42.0961 -6.5958 -45.8249 -90.4362 -85.9680 90.3235 65.3382 45.8464 17.4764 -48.2170 1
39.7186 -60.0187 -14.9492 70.6691 22.2848 21.6477 -73.0085 -26.0910 85.4483 -71.1275 12.1962 -71.2836 -3.3879 90.5882 -31.2601 7
-14.5148 72.8727 22.2564 -96.6685 -1.0574 66.4540 -61.5238 21.8846 -95.7807 18.7324 55.5532 -55.3649 -97.1406 -35.8835 21.1982 7
-16.8289 -1.4657 -9.7096 86.6030 -61.1527 -84.9220 94.5196 16.5006 35.2791 -41.2628 0.3855 83.7003 -24.7260 -21.3617 -44.3863 8
-14.8621 93.9459 -39.3986 67.3417 54.6300 -79.8002 -94.6749 80.2773 85.2391 -74.1405 52.3097 -85.7505 35.4770 48.6902 -99.2932 2
-28.6058 -81.2058 -0.1027 32.3326 -85.2972 -1.6248 74.9718 14.0969 50.7663 -31.3636 34.1961 -31.3539 33.3613 -13.9558 -82.7949 10
38.7812 16.7432 92.2033 65.9471 54.6780 -36.7015 -18.0889 -45.0885 46.1821 77.6514 -69.7250 -73.4653 -45.8972 -2.0384 97.8965 5
-1.7934 52.1343 -92.0237 -99.2750 -76.3873 18.4460 -95.8549 -95.7439 85.6478 38.0309 99.9557 87.8595 24.0441 -5.8246 -75.7240 6
45.4866 -96.1669 -38.1967 -47.8111 24.9274 -0.5616 -84.8063 21.5911 38.5427 -43.5983 29.8604 -73.3906 48.2006 99.2407 64.0428 4
48.1563 5.6334 -96.9972 -95.2653 -94.0421 45.9968 76.7915 61.0037 -93.5845 -95.1807 -96.7398 -28.1711 84.4259 71.4211 13.2956 10
-41.5384 -13.3433 84.8878 -67.0955 53.7533 20.1551 47.1110 -96.6265 1.6858 -0.5097 94.9613 21.5814 98.9949 33.8962 25.2052 3
90.5418 4.4768 -16.5081 11.0972 62.6895 45.5281 -49.9067 -63.2776 83.1393 3.1728 -32.7552 -39.0638 -5.8701 14.8812 59.8463 7
-70.5358 94.0078 63.7636 -53.7377 -4.5319 -27.4218 -73.2951 -72.8683 -81.0279 41.8420 97.4233 42.6594 -10.6827 -59.1381 -54.6081 1
-32.7330 16.9363 33.4095 -63.1003 -97.3476 95.0339 56.6417 34.0688 78.0248 19.2050 78.4751 -19.3517 38.7270 91.9290 68.9527 8
29.9607 -77.0551 86.0646 95.6243 -39.0102 -99.8097 -62.9297 45.0078 7.9018 -58.2455 -63.2318 -24.4004 32.1978 -84.6746 -79.5929 10
-3.8350 -96.5285 70.8730 -26.3068 -7.4744 -84.8050 97.8696 47.0002 35.9451 -17.0083 -84.2588 -55.0187 -23.8417 36.5901 -27.3473 3
-69.7853 -41.0117 -50.5175 1.8903 -75.8587 -76.2243 -56.6300 -7.8263 45.1391 -6.1856 44.5105 -67.3284 -36.0933 85.8240 10.9465 6
30.9056 55.3250 85.3338 -60.4570 -80.6126 -90.3421 -88.8617 -97.5324 49.6765 37.3951 -3.8926 -78.1616 -96.4307 -29.3956 20.2483 6
-25.4034 94.7427 33.0742 -29.9234 89.1457 -57.1010 23.9344 82.0234 -54.4981 22.9614 -40.2949 32.6287 -54.8519 51.7427 -76.1917 8
-29.4399 37.8762 -3.4249 -50.1339 -17.4835 -35.2576 64.2741 86.7592 -27.5963 -88.7494 -67.6103 51.1384 -13.1912 79.4865 -41.3988 2
-39.9763 34.4535 -44.4479 58.5678 -87.3018 33.4757 3.6107 -39.1271 -41.6289 7.1604 -79.6052 -4.6721 39.0702 68.1663 49.1445 7
48.2114 85.3019 92.9395 -19.8519 -91.0221 53.7494 87.3204 8.4272 43.3190 60.9993 -79.7286 56.8139 38.6475 93.3869 -38.7026 6
-33.8774 -48.8798 18.6112 54.1122 52.4263 -14.3340 -98.7089 40.2005 8.0576 -69.6456 -50.3180 -67.9241 -2.4741 -29.9146 78.7876 3
-37.6776 13.6980 27.8121 5.9230 -8.8702 -33.6663 -75.0003 4.6007 90.2290 45.1718 -32.3793 68.5824 -9.2241 -85.7321 75.5340 10
-36.0950 88.5039 65.8870 71.8165 -57.5826 -93.7931 24.4215 -14.6412 -6.3367 36.5658 -87.6070 -78.6978 91.3646 -36.3419 78.7985 5
86.4229 -96.2978 -60.5650 85.8525 58.7591 -70.5232 -97.2285 90.0579 -30.9482 69.7992 -63.0877 81.8148 -38.2964 28.5163 -24.9177 8
-90.4577 -64.9521 55.6707 61.8934 -6.3300 25.5014 -90.8349 80.9143 14.6374 24.1055 61.0846 28.1005 70.0408 -7.7052 1.9656 9
37.7303 -47.0220 7.6691 -55.4103 85.7131 47.5921 -65.4798 -81.0603 -59.2305 -90.7673 -57.9427 3.9827 -95.7365 -6.7418 44.8615 10
-65.4495 -14.7134 36.1169 -99.2186 51.6637 -83.5261 3.9334 -32.3721 63.9969 -18.4784 -69.6719 34.8685 -67.2810 -96.7927 76.9925 10
