2
50
72.7488 -49.4922 2
-67.9275 -84.8499 8
79.5348 -28.1340 2
27.4319 -94.0718 9
-68.8587 -40.1985 10
-23.3088 17.2434 10
66.1733 -76.8345 5
-76.9250 -49.8225 3
51.4999 -67.0989 5
-62.4150 14.6103 6
-17.0851 44.6775 8
92.7484 -27.5798 6
15.9068 31.8966 4
95.1056 62.0599 3
-76.4155 31.1867 7
-48.9378 -92.7063 9
34.0127 -69.0146 9
-37.3557 67.9321 4
-78.5623 4.7820 7
-65.7912 82.1623 10
-13.9480 12.1551 6
-97.0573 48.3737 3
-85.1147 -36.1326 9
6.7633 -27.4865 4
-76.0007 68.4376 4
-54.7743 -97.4162 6
60.1220 -82.3829 1
-9.7104 -4.8118 7
78.9591 -7.9416 9
-9.2356 65.5074 6
70.9426 93.9534 10
-8.4273 -37.6275 2
-1.1162 28.3524 3
86.6695 -96.2396 3
-53.3866 -95.6113 7
29.4856 1.5995 5
16.8363 -19.5174 10
-38.0194 -48.0047 9
56.0610 -86.7305 10
-82.3892 5.0519 4
-57.6378 -2.2203 1
68.6898 39.6343 2
-69.9136 30.5721 9
-22.6370 70.8499 7
29.1064 75.4793 1
-4.6825 11.2567 5
52.5407 -87.6416 5
67.5915 70.2887 8
30.5999 -46.5040 10
-67.6382 -21.3778 1
