20
50
-68.6644 -76.4644 -31.1493 -91.0633 1.6938 -72.0295 15.6104 -65.1820 6.4987 -81.3931 -2.4546 -42.2272 -3.0600 33.5110 -82.1139 -20.0090 56.5737 45.5937 40.0713 -57.7162 3
-21.5237 6.5029 20.9640 97.1726 89.9727 -66.2314 -0.9699 43.7160 -82.4682 -4.7698 27.6195 -72.3683 -12.4282 -83.9648 49.8266 -37.7714 -95.3909 -56.5948 73.3638 34.3449 4
-43.5605 -76.3071 -36.9802 96.5868 54.0844 2.9987 34.5630 -67.0407 40.2339 -62.0146 72.6036 -40.0875 12.5036 72.9254 -4.1634 -99.9773 96.8614 88.9002 -48.0368 -59.6631 4
-84.3482 -26.5634 -76.9328 77.7007 34.7133 28.1374 -32.5281 -67.0561 36.5792 60.7113 22.3561 -73.8952 86.3258 -73.8919 -47.1153 12.0973 -75.0380 65.5838 -22.1725 -37.9903 1
2.5482 74.6891 -96.9444 -97.3528 73.8324 -60.5961 -66.6041 34.2514 93.4784 -8.1234 0.4883 -67.9749 -36.1375 31.7848 91.9032 -7.7224 73.6336 0.4131 -64.0598 -12.5832 10
91.3280 33.9345 62.5359 -68.2134 67.4822 0.6235 37.3925 15.8775 67.4941 44.4049 32.6090 -56.2583 21.4378 12.2183 -83.6840 -15.7329 66.9635 61.4062 -90.8913 97.3861 5
-66.1971 -10.4843 76.4166 48.0673 -19.4689 14.9305 -55.2484 72.7238 -98.7811 88.5462 52.7225 -3.9043 -29.4534 0.7326 -83.1465 62.3741 18.7254 63.4475 7.4453 -34.6752 2
81.5858 -0.7054 -45.6833 -62.6834 56.6377 16.4909 -82.0074 36.2630 60.7543 96.0360 -43.8731 -5.3232 6.9982 -21.1418 -66.4894 33.9752 29.2174 -88.8143 93.3045 34.0358 2
99.0746 42.0309 24.4790 62.1808 -31.5970 -29.3514 -46.4538 -12.7633 -87.5875 5.2576 -78.4846 65.7216 -97.7439 -35.3512 7.3243 53.3717 77.8263 -53.1037 -73.1547 -86.9805 9
-41.9984 20.1430 -62.9197 39.6479 -91.8715 92.3013 -91.2555 -41.9298 60.9887 78.5120 -73.2455 85.1111 -37.8803 -81.7796 -95.0234 67.8623 0.2246 69.6773 58.6767 58.1066 3
-3.3418 37.0807 63.2085 -72.8196 31.3171 27.8959 21.0724 -64.2992 56.2884 -80.0905 52.7946 -30.3880 -27.0520 -12.8361 30.3803 70.0725 -38.5753 51.6961 72.8200 46.2018 6
-3.5905 53.1402 63.1640 68.9800 28.3913 -55.3676 16.9615 -91.2811 -85.5596 64.8008 49.2465 -28.4078 -11.7460 -83.3105 -84.0261 56.9176 7.3664 -15.8540 -13.2184 59.4894 5
-24.9202 80.6393 75.3546 -94.6025 92.8615 15.4884 -78.7683 17.1377 -27.3654 -8.2678 87.5020 -83.0458 83.9912 14.8159 0.1824 -59.1333 44.2009 97.9120 -10.6703 22.3945 7
-33.4164 50.1831 92.0859 -62.5440 -48.9548 -29.6716 -41.9181 92.5596 7.2851 -23.2818 -17.6429 20.2206 -98.6152 0.2538 -6.9305 -48.0705 -82.5005 28.3479 3.3701 15.8868 5
-5.3568 36.9854 34.2915 87.5434 76.0773 87.8315 -30.6745 -20.3461 39.0878 43.8721 -92.7316 48.7731 -72.8085 81.0872 -87.7268 -59.0422 27.0994 19.0912 -0.7720 97.4690 6
-88.5027 -95.7256 -46.9248 98.9497 80.9968 26.9250 -88.2180 -97.6204 -27.6032 5.2442 51.8161 -98.5041 -51.3670 -48.7929 -12.0242 23.4689 47.6282 -88.9583 -8.7882 -10.7039 10
-31.1666 35.9650 -27.4750 97.8469 -83.1145 75.8211 62.8365 38.1842 -52.9225 -4.4878 26.7250 67.2396 13.1377 -84.2104 54.9378 -63.2796 48.2535 -13.7849 14.2520 -48.9303 2
-30.8018 -81.6462 -55.1895 -44.8960 93.1571 -16.5800 -99.1321 -50.6673 -13.0837 -65.3555 11.9461 33.0053 70.2913 72.0316 -23.7340 52.6036 34.0757 -29.2845 -27.4448 82.3100 6
80.6432 68.5256 54.4072 -76.5517 36.7646 -88.1568 96.8660 98.8248 22.0158 18.2150 62.9834 12.8492 -36.5124 18.2607 4.7872 -16.8781 59.7186 8.2221 83.9619 79.6273 6
-52.1683 -25.6585 14.0886 86.2758 71.6910 67.8017 94.9723 23.4907 43.8694 92.5660 -9.8246 29.6943 -50.0224 -54.3347 -4.4448 -12.6246 20.6138 -87.8400 -91.8723 53.8501 7
50.5416 -32.8477 82.8706 -82.6957 -80.6212 3.9848 -95.8648 31.8823 78.6202 -27.0996 7.5076 -10.2897 -22.0844 41.9972 81.8572 -93.1395 62.1466 -34.9747 -47.2109 -47.2036 5
81.9989 47.7027 31.7809 61.0475 -55.1524 40.4996 -79.5914 -1.2735 -99.6283 23.4238 95.4235 82.3746 57.8383 -65.3030 71.8526 20.7784 88.9401 -20.8061 55.5375 -76.7565 5
-57.8307 -58.5753 -41.0951 64.1723 -90.4973 38.8163 -88.5059 -61.9345 7.7948 81.7620 94.9249 -86.0374 -70.2649 -36.7179 84.8145 80.9497 -78.1122 -45.4687 -34.3099 -90.2811 1
-23.1708 -92.7658 -31.4523 14.1138 67.9347 75.2910 1.7604 -62.5281 -44.0070 -97.1872 71.3425 32.4039 -81.5006 20.9458 60.4933 -2.6029 -62.7564 -60.2082 24.4148 14.9896 8
73.3572 -89.3839 -2.7053 1.9366 69.1939 -36.1050 91.7974 67.4988 89.2074 -86.0307 -96.9654 32.0042 -22.9261 57.7265 24.5316 -75.4657 10.7837 -54.3338 -34.7844 -9.1493 2
-79.1437 71.3972 21.3432 -89.4230 -46.5648 22.3683 5.8599 -23.9480 35.1404 25.3161 89.6981 -46.2420 -21.0767 -43.3531 59.8261 43.7723 57.5751 -89.4918 -96.0524 4.4807 5
61.5670 56.1136 1.7603 -99.1906 29.8942 69.6743 -50.1233 5.9512 -18.1651 -1.6775 27.9308 60.8197 -34.3329 -68.4514 -19.1611 -18.5662 71.4272 -6.8805 -59.2665 -97.2568 7
33.9718 -92.1448 40.0524 -75.0470 -88.7287 47.1715 60.1207 -52.4992 -48.0797 -81.8076 -63.5649 24.6832 -3.2020 -2.8793 98.6801 -62.1682 32.5101 -39.8672 -81.9663 30.1531 2
39.9918 -74.8383 23.0331 -71.2436 24.7747 25.2184 53.3890 -3.4576 -99.8806 7.6839 -3.9078 83.8112 5.6650 39.4403 71.5129 -88.2043 28.2086 -80.3884 28.0156 94.6262 2
-11.0642 -80.2272 -36.3729 -6.6517 -60.9289 68.0043 12.6690 92.4659 89.8094 -10.8619 8.1309 80.1033 -66.4316 59.5476 2.1457 -55.2158 67.1562 -71.1404 22.8989 -10.8239 4
15.7738 8.8681 -55.4608 -98.3277 46.8513 31.4314 52.1523 -29.5372 -92.0247 85.2792 -1.6973 66.7881 0.2811 58.9617 -55.5582 8.3430 89.3860 99.6674 -37.6927 15.5244 6
-96.3570 74.2169 31.1792 -22.1616 -32.6145 -34.4831 75.3305 -28.9723 16.7047 8.4854 -16.8707 9.4807 94.3768 -60.7439 -11.6290 76.3377 -32.9570 38.3009 74.8976 48.3570 7
-61.8598 2.1847 -78.4586 -20.3749 -99.4336 -4.3536 -6.4106 43.0565 -16.8380 88.1864 -47.9034 8.2128 -73.2153 -16.5616 49.4281 46.2502 23.4188 -2.3770 68.8149 20.7212 10
-19.5065 20.6965 92.9624 -90.3243 60.7826 -17.8522 -56.5085 41.1886 31.5241 3.5277 -28.4675 55.1913 -10.4976 60.7057 89.4383 73.2411 94.1746 -69.4245 13.7440 -17.7607 2
48.7545 -2.9557 36.6973 -84.6846 -67.1380 24.7095 -99.2376 87.5213 -20.1881 -91.6581 -97.5549 68.1007 47.0097 -13.5182 12.8875 33.2509 -52.1913 28.5265 -8.6884 -72.7514 6
-2.0319 85.6042 -31.1377 -21.1053 -89.4533 -61.5522 53.5479 -18.1241 42.2560 56.7985 -35.2068 8.5315 -31.1405 -14.6668 -90.3863 -82.8788 -29.4854 0.8440 91.8885 15.1786 3
37.0271 -16.3305 -82.0915 98.2118 -1.0282 -62.6741 -17.4666 -34.2384 89.1591 23.4493 21.1361 -23.1371 88.0327 55.3268 15.3710 -2.1488 -55.0282 77.2377 2.3168 -43.5557 7
91.5720 -54.9085 -10.9301 -43.9647 -36.5465 -69.5511 85.9156 -17.4005 -95.5286 74.3196 -67.5919 -35.3506 22.2443 -64.5841 -26.7746 -42.5228 -92.5016 -86.8845 -36.1245 -0.3038 1
21.9945 48.6484 -85.3444 29.0118 54.0228 -50.2357 -36.3440 -75.0462 -25.1527 58.3746 -53.3885 34.4178 -40.1753 60.0318 -73.2028 -51.3458 84.2895 -8.1987 -52.0153 55.6797 9
79.2216 2.8662 -76.0518 -28.6082 -38.0458 -96.5034 -5.5291 45.3585 18.8601 79.3266 -40.2152 29.8916 61.4233 -84.0921 53.2328 -97.1600 36.9942 10.8961 -73.5376 -18.5525 10
21.3393 54.3372 46.8684 82.7234 57.7941 -5.3990 23.1526 -16.5733 55.6728 36.5452 53.9826 -23.7085 -67.7660 -73.2275 -26.5761 66.0757 -5.5365 -70.4160 52.5831 31.1645 6
28.0630 97.6062 -53.2381 11.2937 27.3597 -96.8950 -33.4018 -91.5509 -1.5406 -73.2750 -62.3140 45.3988 -71.7355 79.5226 35.5212 64.7926 67.6069 74.7490 -81.2246 43.7215 8
63.2873 91.7824 75.3342 -46.2157 -65.2465 45.5231 41.0097 -80.5398 -94.1427 92.5877 -57.7042 38.3272 -63.6385 -91.1774 43.7757 -27.5042 1.0962 68.8643 63.5255 80.9205 7
11.1829 61.8939 -38.0678 -77.8734 -61.3649 56.3894 20.5232 -67.6928 61.5062 31.6331 -96.3381 37.9602 -51.3136 16.2893 80.4261 77.4388 69.3949 13.7148 -30.9750 -67.7699 8
-18.9241 42.9769 -69.0248 87.8405 -58.0927 4.4807 78.4488 -46.7749 -0.0117 -18.6101 49.6766 73.9408 -39.1718 -31.5546 -20.2632 12.9201 -62.7233 39.7877 -53.8211 8.0461 7
30.5353 97.4859 57.0123 -6.6022 -41.8643 25.5921 25.7210 -48.1073 -85.1920 40.7304 12.0064 -56.3478 56.6359 97.0751 17.5600 -59.0125 90.2699 36.2072 21.3030 50.8149 5
94.3932 -4.1335 -11.7007 -61.6762 39.3819 61.7125 -86.7252 -98.9907 -22.0800 15.2046 92.7359 42.1187 73.1703 77.8650 -26.5364 44.5867 19.6024 -77.1290 -78.2984 -65.7603 10
92.8020 -38.7759 -66.4834 11.4490 15.4697 60.3717 -32.0770 65.6070 -17.5428 12.9987 -13.3507 -1.6098 99.7819 51.7776 70.1988 -23.9549 66.3026 -27.4159 -88.6540 -61.4432 7
-70.4081 63.8802 7.0101 13.5155 86.2430 99.7846 59.5568 14.1013 94.3747 -40.2787 39.9774 -26.6882 -58.7819 -49.2770 4.8580 -86.1542 -3.7028 30.8225 10.7311 -84.1825 9
-8.3907 -32.0308 74.1605 -12.4111 -37.6277 74.2029 31.6182 30.2145 -24.4414 63.6328 85.5611 -6.1895 30.1843 8.1235 -53.6489 28.3711 20.1760 -3.1247 80.1026 84.6401 8
