30
20
16.3979 -14.8678 53.3077 -2.9606 -69.9318 -42.0150 -55.0686 -58.7262 62.8501 63.6755 -31.9272 83.5128 42.0098 78.0225 -12.9583 99.2983 -76.2377 47.3829 5.7529 14.0978 -74.9113 -72.0430 30.3904 17.2218 -89.9824 -10.6353 94.3127 53.2866 66.8209 31.9992 4
-30.8546 -97.3746 -63.3118 74.5059 -80.2141 74.0372 -93.5300 49.0199 90.9527 25.7484 -9.5845 34.5593 -12.1175 -10.1449 54.3863 -69.8800 35.2409 31.7688 -62.2352 18.5736 72.8235 83.3337 77.0720 37.4532 42.5903 -87.7222 71.9332 -90.2893 -70.0545 30.7016 1
11.0626 -23.5940 93.3245 22.9509 91.7417 84.4960 87.0280 -41.5276 44.2333 38.7354 -44.0580 87.2394 87.8368 -15.1317 -5.3948 -82.9808 -80.8335 83.3001 -70.6308 -19.6107 -19.5972 98.6271 -36.5475 9.5821 31.1897 -13.1115 -60.1300 -11.3286 12.9819 -86.8441 5
-87.6981 23.1024 -46.3936 94.9682 27.9070 -94.8273 32.1879 -7.2694 -2.3296 45.1105 -4.0342 49.4935 -4.5054 -31.4066 -99.5261 -56.5497 -22.6633 79.5430 -56.4404 -42.6130 16.0271 -35.7579 98.1308 39.9257 4.3438 -60.5051 11.2406 51.9570 -7.9129 79.7018 8
98.4783 64.1087 -87.1108 -39.3264 41.8742 49.1048 42.0547 -35.7765 97.9058 40.6594 41.2682 -58.4460 18.5178 -76.8623 -42.8476 53.3455 84.3389 -16.9016 -89.9122 -16.3632 72.3590 -96.1296 61.2577 73.9333 -34.0093 -49.9824 -60.0971 -12.2766 29.9132 77.6991 3
62.6774 87.6465 72.8752 -9.4358 -32.4174 -62.5249 -97.8245 20.8047 19.1452 68.6964 -82.7698 -29.6734 -36.4200 33.6950 18.1405 -66.4550 83.6173 34.4565 18.4349 -97.6303 82.2452 68.3028 -24.3240 -58.6320 36.0343 38.8053 -94.4640 -17.4697 12.7225 23.3955 8
44.2896 44.8466 71.6061 -79.1478 84.5916 -60.2226 41.1567 74.0201 -12.2192 -46.0554 -95.7165 15.0837 26.1748 84.5898 16.1718 -30.6641 77.4297 45.0661 3.7128 -37.4731 -35.9845 37.8680 96.7626 -73.8659 -2.5100 85.3792 -72.5647 14.8596 72.1103 66.4808 5
28.1838 93.8704 -29.2038 -24.0457 25.6391 -61.4597 30.6193 -32.5266 38.4267 76.1186 36.0516 -29.2593 -77.2473 98.1404 90.4443 -71.5190 37.0880 -68.7320 -24.4961 -55.3682 24.3163 -75.0992 42.8675 -39.9780 99.7808 5.2797 -48.6133 49.5072 -76.9494 67.3133 2
-30.4212 -42.1361 -90.0817 -77.4649 -29.6969 92.2182 -1.6657 -77.3446 -11.3636 43.6325 -80.9158 5.3630 -5.4324 46.4327 -85.1523 14.6595 16.7709 17.9154 -4.8656 -88.1727 -37.0502 87.6512 -55.9320 41.2776 42.4733 -22.7535 -32.2684 -78.6361 90.4772 6.9804 2
68.1960 91.5782 86.7635 -16.2827 15.4487 -33.0716 55.2181 17.3029 29.9671 97.4716 85.7882 20.3871 29.9410 -15.6547 87.2245 43.4583 40.5892 67.6209 97.2804 -46.3502 79.5325 -75.0917 83.1511 -43.8151 -66.8273 -39.5755 -78.8328 65.3792 -83.0864 5.2042 8
-6.6582 61.1217 78.8938 -83.8716 19.5214 61.8824 7.1881 57.7312 53.4553 87.9748 23.6861 15.7574 13.7747 -95.4022 61.6723 -56.9496 -87.0785 35.8184 -92.4926 -74.5854 29.2264 81.2000 64.8172 60.8279 9.6165 56.5056 -93.0392 -30.0642 -57.5642 5.8076 2
-58.2243 -12.5559 -87.3111 -97.6091 1.1174 32.8214 -25.0093 -56.6204 3.2827 -14.0578 98.0968 83.9443 -23.9526 -62.2809 -38.5758 17.2798 -8.8128 33.1755 84.2868 -28.7901 -71.5330 -33.0348 12.3221 51.4798 26.0114 96.4816 -14.7559 13.1598 93.1947 81.5910 6
-1.4397 -27.5566 -63.4054 -2.4612 76.3233 49.1058 -77.2857 -51.0332 59.8014 -22.2498 22.2943 99.2928 -14.4107 -33.7989 61.4501 99.3179 -0.9689 -99.2681 -32.5264 34.9152 -53.0727 -76.7958 41.2881 -61.2609 -1.8707 -56.2726 -43.4019 65.6796 36.5878 -53.2271 4
-75.5298 66.3440 -59.2131 27.0520 5.7180 36.4312 78.0019 81.5819 29.4748 22.6819 -39.5220 90.1993 35.4794 -3.6891 -75.9982 44.0335 -96.8173 -45.8387 83.6729 5.2910 69.8605 22.1191 -29.5872 -45.3230 28.7778 60.4847 -81.4419 36.2244 66.1793 -55.9095 7
10.7772 35.1465 14.0081 57.9836 74.1250 -30.5927 45.3537 59.1224 37.1797 67.8476 -59.0887 62.5090 86.8970 58.8468 10.8103 -63.5173 52.2884 18.1296 -12.3998 96.2094 70.0530 93.6520 83.1527 -84.0274 -40.8429 71.7457 -68.0029 49.9632 31.2304 3.3771 3
-16.2150 10.5417 -71.4903 -37.5556 80.4461 -41.8811 -46.4327 47.8375 6.5317 -45.1444 45.6443 -41.7393 -95.3380 -89.0982 59.6287 -29.6897 -61.2955 14.5321 56.6454 -5.1210 20.8990 -33.2803 57.4586 83.0052 -31.2295 -25.7428 94.1499 -85.1986 39.5977 -2.6526 3
-96.5564 23.2922 -40.6164 -62.9550 -24.1314 89.5581 26.0055 26.7251 72.7399 93.5185 64.9199 -92.2302 -10.2257 79.0456 -49.0558 -12.4375 24.2081 -29.5470 79.0293 96.7686 59.4132 51.6140 32.4300 71.3996 44.3898 15.3922 65.1887 -39.0512 -81.9587 30.6690 1
52.4215 -53.3610 -96.9679 50.5081 16.2790 32.7629 67.0687 65.8609 -86.9336 -11.3642 42.0611 -94.2889 -85.3940 77.9205 -92.5976 78.6794 -79.8832 29.3663 0.1053 38.9076 -80.5014 56.3168 -59.8883 17.6372 90.7114 -0.7765 87.3502 -27.1000 0.8316 64.3977 2
-58.5614 -28.4590 43.4338 -93.6468 -37.7948 27.7217 65.6270 57.8761 -11.0627 -73.0171 -5.2945 25.5934 -8.3912 8.9569 -54.3881 -75.7576 62.5006 -2.1393 75.2703 37.2820 67.8353 -53.7357 -84.9841 18.2614 22.4924 7.4110 -21.6990 24.2983 -77.0279 86.0612 10
38.3607 -56.3190 -0.2003 -57.4376 96.7037 -54.1667 53.6178 60.7901 -53.0843 2.7641 -80.7868 -44.5649 -16.7409 -34.1929 -36.4013 31.9478 -50.4976 -86.4519 21.8571 -1.4752 -43.0119 66.2460 -1.1063 -11.3323 -23.3378 -64.7616 -62.3298 31.8199 -17.4499 71.7339 5
