10
50
-39.7611 -34.1930 -69.5907 -9.6710 -94.0785 -50.6288 -75.9539 91.0377 94.4895 98.3330 1
-41.2875 -48.0019 32.5850 -94.5508 80.0897 -29.5030 -44.2466 44.7465 13.6081 -62.4732 6
55.8578 -82.2353 86.0737 -3.1297 3.2293 43.4390 72.9468 55.4844 30.1916 -75.2234 1
-61.5907 93.4015 72.7889 74.7224 57.6674 25.7478 94.0915 -77.8801 10.2617 -63.9966 9
28.0540 63.3569 -24.1060 49.3172 -2.1011 -30.2284 -98.4337 89.3534 -14.2886 99.0612 1
88.8151 -42.7310 -54.5308 56.7561 -0.2103 -88.2682 -42.3981 -16.8841 25.8321 -56.4000 5
42.1684 88.6024 32.4096 -74.2052 -4.5155 -91.2914 -15.3761 90.1037 2.8366 69.6009 10
48.5235 19.9968 -69.4068 -38.8229 92.1856 7.3601 -37.8043 33.2252 -78.4556 28.0005 9
-68.5825 -47.0372 27.3361 50.5630 70.0028 66.3889 -98.5910 85.0468 -98.7474 11.7706 2
75.8178 91.8106 8.6141 59.3807 -77.7980 2.4904 -57.6340 -75.4510 16.6997 -41.3484 3
63.5367 80.9172 42.5336 10.3558 97.2602 44.5516 -95.2769 35.4252 78.5707 -97.4910 5
34.6296 -83.4994 17.5983 4.8594 -95.7262 80.7540 35.2870 -63.8134 1.4355 -3.5100 4
-94.2178 89.2158 97.6214 93.5649 -80.0480 44.8289 10.3670 42.0902 77.8003 -5.0988 4
31.9633 69.4322 93.7415 -32.2083 -44.6181 70.0313 -31.3816 -51.4745 77.9061 83.1488 10
-70.5430 -74.2996 21.9625 2.2948 63.2884 94.3248 96.4717 62.8950 62.9357 -49.0693 4
0.7409 31.5494 -94.1972 -30.7350 -46.3221 -36.8969 -12.5570 40.1003 48.8926 69.6347 8
-42.8350 63.6172 40.6126 97.6267 94.8463 5.3734 8.0607 -71.3823 -80.9503 15.5664 1
57.8930 56.0099 -63.6189 -18.0546 50.2978 39.6606 26.2281 -98.5431 -21.0245 64.9342 10
-48.2636 0.5056 -28.8526 -81.0737 59.9561 92.2507 38.4828 81.2985 -12.3080 43.6939 6
-20.7385 -62.4914 -86.9937 -52.3681 -52.6588 -16.9569 -89.4298 -51.4579 7.2702 -45.7674 9
-68.5727 82.0772 -1.0588 86.4720 -50.5890 49.3585 56.4718 47.7008 83.6070 39.1236 9
41.6784 7.9651 2.6300 35.5315 -85.6917 -45.2704 -92.2557 -18.7202 -9.4480 -33.6965 10
83.4011 9.4251 90.1096 -90.0617 -99.9782 7.3829 -38.8182 41.4079 -63.2191 -7.3278 3
-16.4464 -61.0405 -46.2108 53.2392 65.1613 3.9897 -8.1158 -75.5025 -84.5842 78.2777 10
30.6806 13.8896 -22.7814 60.6147 -26.7274 -3.4323 46.5977 3.2596 49.8678 16.0108 9
-14.6062 21.5987 99.6266 33.9054 35.6327 75.6965 5.9049 -51.4642 -45.5559 98.3172 3
16.3205 -40.5813 64.4043 -43.4997 21.9572 -11.0018 56.4116 6.9511 80.4313 75.7381 8
88.1251 23.8199 96.5414 -85.4661 -40.2355 20.4839 -44.3710 58.7914 -99.6847 58.1799 9
-15.3097 -47.7051 43.5247 92.4859 71.0588 4.0109 -78.8738 19.2897 48.5844 45.3843 4
92.3471 58.0781 -49.4495 -42.4362 -31.5872 -22.7959 -57.0820 72.5115 3.0093 -11.5876 5
62.3678 -17.2632 -23.6884 76.2242 68.3200 8.9366 -41.2136 -51.0179 12.1377 -88.2933 6
4.3671 -26.6349 93.3470 45.8370 25.3568 -68.1384 47.5385 88.7621 -14.5057 44.9761 10
-33.2621 -97.0312 -51.1514 42.4222 -69.8544 65.5967 -99.8050 -93.3833 -39.3719 54.8840 5
-9.6341 85.2327 -11.7395 35.8006 10.8132 -26.7874 -8.7718 -20.8944 -81.0058 28.1561 4
38.9583 0.3231 -99.5640 -58.0624 -30.2102 -35.6411 -86.1764 89.8934 -56.8132 -64.4002 1
-82.7288 -40.7894 -76.6066 -32.1647 -21.8862 -6.6071 43.4022 10.0622 3.8162 -56.0336 1
-84.4833 -88.9073 49.4558 0.4730 -71.7552 -84.9404 63.0490 -36.8270 95.3784 49.6314 6
-31.2665 -75.3794 42.4775 -22.3309 -14.6158 57.5632 -89.9641 -79.3427 82.8847 14.9283 7
24.2353 27.2605 1.4188 89.2113 96.3997 19.5621 41.3916 24.4906 10.9102 88.7325 4
-9.3133 96.1462 24.8209 83.0998 -4.7034 70.8735 46.6590 -78.2017 61.2708 75.1325 9
36.1145 30.7480 -63.1118 48.8965 47.4704 47.4194 34.1613 28.0576 24.8575 81.6976 5
-39.1621 -34.8798 75.3502 7.2607 42.5230 -43.4374 31.2568 -98.6705 92.0328 75.4869 5
13.1253 -92.2235 69.2303 16.0762 -42.3246 -69.6782 -22.1733 76.5378 44.1607 -66.3074 8
72.0924 55.7836 -16.0921 -12.6833 58.1243 86.0272 2.2745 -45.4362 -66.8172 -62.3504 10
-15.8903 -25.1250 6.8617 -49.1528 46.1459 74.3440 -29.2598 -58.6320 43.2193 97.8377 3
-2.8885 82.2403 -19.8746 -58.7678 -18.2202 40.9787 35.8096 -38.2722 -87.7422 25.2796 6
1.6274 -27.1623 -63.2834 -4.1722 -7.1323 69.9582 -94.6024 45.9751 45.0821 -11.7308 1
65.9764 90.6708 89.3143 -43.0473 46.4078 -29.0237 -65.3779 32.3531 -29.0863 34.8632 4
3.3064 -53.3259 77.8564 -19.6018 69.6749 36.5633 -88.5508 92.6550 -53.5387 -59.9412 8
99.8122 23.0598 -67.3218 58.2159 10.6634 -60.4827 93.8464 45.9789 51.8335 24.8623 8
