20
50
-99.3442 61.3678 -80.5753 -76.5367 41.2753 49.6290 27.7932 -72.7041 20.6513 34.9310 -19.6052 -92.0424 71.7075 5.8460 9.4133 28.3397 -30.7677 -45.1715 14.6876 -48.0767 8
-56.0512 -28.2702 99.4280 47.4594 -53.5003 -66.4867 10.1517 27.5525 2.7146 -5.1624 -69.2122 36.0589 -43.0838 97.7663 3.4046 -48.1275 96.5253 -28.8423 87.2444 -51.7648 5
-3.5416 -86.2364 -0.7694 78.0406 90.0330 -82.6349 45.5046 60.0220 -50.2963 -76.3703 43.2669 -68.3181 -24.3703 -53.1736 -76.3650 88.3378 55.1318 -20.2579 -39.4421 59.8506 5
17.2969 -21.7076 -34.3347 44.6703 -19.2642 -49.9735 96.9196 52.3001 85.3682 26.2210 48.7223 -21.4155 45.6655 -12.2306 32.6880 52.7525 -22.9382 78.1744 -40.7822 -22.6532 3
99.0032 -24.2162 68.6453 -93.5222 -49.0927 -93.5784 -30.5952 -77.8446 -23.1169 -60.4671 -85.8408 93.4817 24.4097 -45.8042 -70.2416 -54.5963 -21.3400 70.7325 -70.1641 -13.2440 7
9.1429 -11.3040 67.7031 97.6258 80.8794 43.9890 63.7432 69.1454 16.9129 66.7103 -37.1433 1.5108 -82.6849 12.7628 -35.7208 20.8698 38.0253 71.3912 3.8660 -16.1546 6
-28.0430 57.7968 -81.6786 94.1070 35.2902 87.8161 12.5485 81.2214 85.6383 11.7028 91.2450 63.3976 -97.1531 50.4679 10.3113 -1.8946 -97.7386 98.7041 -32.1481 11.1597 9
-71.8277 -50.6947 -18.5643 41.2541 -4.6324 91.0024 78.4108 -94.4496 -85.8186 81.7773 -53.5841 -35.1384 90.2024 -64.0147 2.0452 -55.5600 6.9886 80.7892 79.4138 39.2190 4
50.0538 -78.6090 -14.5998 -18.7630 58.1616 -92.7267 97.6448 -39.8197 -86.0497 -97.1328 -74.1309 -71.6844 21.3456 -21.2599 50.9247 -47.9453 51.3499 35.6188 -81.8353 74.4824 5
1.0334 98.8502 29.7252 69.4598 -93.5992 -47.3901 -25.5909 56.5654 89.7296 5.1853 30.7739 -10.6665 -33.1672 -10.0636 -91.1220 -1.9393 57.7417 -64.7298 61.8210 -15.2798 6
-95.4977 -7.4429 84.1671 -60.3763 66.3349 57.9908 30.6642 -12.9028 -58.8535 -95.9740 -10.2487 -18.8391 -78.1598 56.1341 -7.7497 6.3291 21.2288 -43.1705 83.4264 82.7816 7
38.0160 64.7165 -92.9853 -76.5985 8.2066 47.8684 66.2763 -13.8117 93.0667 43.5952 -23.6943 72.1176 49.5499 97.1332 -63.1546 -28.9019 -31.3403 -67.8750 81.1145 1.5079 6
13.3045 -37.6219 74.1681 19.0961 -60.5936 11.3885 -13.9874 36.8908 75.2072 30.2773 -54.2583 97.1105 -74.9756 -69.5895 51.8804 -88.0713 20.6938 14.1227 -25.8239 -84.4476 4
-60.3765 -58.5498 98.2314 4.2130 84.5789 50.4440 8.6008 0.7804 18.4132 78.4224 11.0655 -80.7628 25.7876 -27.9772 -95.5916 58.8105 -51.5021 -16.7331 55.7055 32.0692 6
-15.2565 11.8496 -78.9086 -0.4549 -49.2953 19.0014 85.2670 35.6851 -79.4075 67.8786 31.4013 89.1492 69.1945 10.4693 -93.5222 -60.2934 82.6648 83.6010 92.8037 47.7523 9
-89.3884 -47.2942 -8.7997 -90.4866 25.4198 -86.1435 87.5871 -64.1688 99.7988 75.1930 27.0549 59.2821 91.6303 55.3062 -86.5998 26.2852 -32.2683 -63.4159 -45.2038 91.9708 7
-68.7731 19.4803 10.6087 58.0839 19.0618 67.6602 2.6937 -94.1736 -38.8447 -22.8287 -88.2657 -62.9264 -93.8608 84.1700 -20.7063 49.6473 -80.3314 -65.8309 42.4275 -23.6012 7
-33.1713 -20.5539 53.5113 -87.4071 -77.6489 36.2610 -12.9189 -65.0460 55.0220 -11.5521 72.1204 97.5322 12.3706 -79.1316 -51.5135 92.7620 30.5186 -73.0531 80.1877 21.6197 1
-4.6323 66.1284 6.9507 -40.5422 30.2883 28.3805 -19.2580 -89.9154 -58.5864 -64.7045 -98.7787 90.1524 -71.0272 94.0540 25.3651 -99.3586 17.4208 -57.4929 66.1300 -60.1702 6
23.1502 37.7693 5.4101 52.6614 -37.3841 64.2564 9.7197 -52.3455 78.2152 98.4393 14.5219 17.0335 22.8815 45.1562 56.6885 -49.7085 -2.8112 73.0088 -63.7824 20.8540 5
-10.2248 87.4584 64.8239 -81.8163 68.4035 18.1949 31.0577 20.9958 20.4953 33.7903 -26.7396 -73.1753 11.4993 29.2584 93.3414 27.1352 72.8468 97.3600 20.8987 -3.0632 7
7.9161 -56.3673 -44.4985 -73.8488 50.2464 -72.6691 -60.0485 -30.4827 -52.7340 47.1329 67.0305 -69.1827 83.7552 79.7109 58.9621 -70.2017 70.7802 -54.0190 -47.2229 -56.6438 10
-84.5164 -86.2092 39.9670 -92.0487 99.5739 -70.1115 17.9306 -95.3151 21.4194 -40.0551 39.4510 33.4977 95.4184 17.0649 -90.2414 -96.2039 66.4374 -63.8740 65.2549 45.1980 7
-31.1906 5.4739 25.5903 -19.0452 -68.5874 -97.0729 -22.2706 66.5363 20.6743 -15.5675 -51.7767 -98.8569 -32.3970 22.3689 65.7121 -2.1810 -67.7687 28.4060 -88.1900 8.7067 7
-15.4009 -75.1064 -67.2775 75.5065 85.1951 95.6771 -60.7239 13.6881 -39.0110 9.7451 51.5619 66.9095 -73.7955 72.7647 14.6174 18.7592 37.9495 14.9216 -62.0283 12.8050 9
92.2790 84.7649 67.2121 -44.0851 -56.0478 -13.7358 -86.6403 -8.1889 -32.5322 -91.7883 56.6103 93.5181 -79.4279 60.3967 -10.9621 89.3880 58.5828 11.8866 -19.9411 78.3022 3
-85.3380 -84.7216 -1.2890 -28.5163 -62.1205 -42.9080 -56.7585 41.2615 56.4375 81.9070 90.9359 -43.8246 62.5944 -60.3731 67.7312 -98.3521 83.8955 64.8891 -55.6112 19.3544 2
23.6455 -71.7819 -85.4697 -8.7105 82.0877 71.9469 79.0570 95.2938 96.9756 -51.5663 17.9854 56.3037 -67.8013 -95.8146 66.2170 46.4740 -30.5031 -30.7177 -68.3318 22.8227 1
-57.1749 -4.6256 -96.0919 46.2621 -26.6987 -43.0482 -27.8137 0.6590 60.2379 -45.3898 -47.0759 24.6621 -8.9268 -27.2953 -41.7634 2.1984 14.4635 -21.9414 -33.8692 71.7901 8
-85.0355 -3.6351 48.8693 9.3900 36.7584 -41.4001 29.5939 66.6623 -30.3603 -64.5539 74.8740 47.3728 -10.0451 93.0556 -17.8005 -84.6474 70.4958 -47.2018 -76.8290 -63.0971 3
-26.1104 -1.1257 73.8049 -26.3558 21.0046 20.3968 -39.8827 51.5703 73.2129 -83.9137 45.9551 -81.1455 -60.2347 -15.4702 24.8291 2.5419 -20.6990 -55.4802 1.9798 -72.4486 6
-30.0764 -23.7452 -38.1328 -9.2050 13.4902 -1.5646 78.5474 61.8649 15.1311 -34.9244 38.3539 2.4536 -58.3077 13.4668 -75.7083 -11.2967 -31.5653 30.8554 -23.5345 68.3748 4
13.9411 17.3733 -17.5457 88.1596 62.6073 97.8279 -0.2761 -81.8023 53.5318 93.9427 88.6193 78.6683 -45.3124 -0.0751 41.4985 1.1680 78.3709 10.6039 -64.6466 90.0136 9
99.9713 20.8205 87.7926 -11.8362 -26.3059 -10.1948 27.4560 -14.7706 96.3748 62.0263 64.9964 -13.6531 39.9548 -38.6126 57.3200 -94.5241 62.8470 -61.3522 66.1526 -47.7947 7
1.8698 -42.3858 -80.6310 24.9916 -8.2383 -49.1751 50.7607 6.2810 -7.2880 -43.6113 50.7737 19.0916 -31.5387 -28.2339 34.5845 96.3987 -7.9543 3.4085 -82.8240 70.6379 7
3.6479 69.0525 61.9505 85.4145 46.9520 -61.8880 -14.5399 -71.6166 -71.4830 25.4772 -56.0052 74.4055 52.7280 -43.6857 42.2771 -23.6953 94.7265 55.3025 5.3521 -61.1789 6
45.2450 74.2956 -33.4589 91.6661 -39.8457 51.3481 -15.3088 99.2891 -47.2102 3.6548 79.3623 17.5574 -3.7928 0.2624 79.3949 -68.8662 51.9401 -86.7694 31.2440 65.6957 2
-27.9055 75.8697 56.0484 -6.7073 38.2008 -87.7800 -25.8239 -16.9921 79.4585 -29.0233 12.7504 21.5447 55.0947 74.0818 -23.4513 97.8356 91.3509 -59.4703 75.2525 -82.7574 9
69.3985 37.3300 -91.9591 41.7068 18.9761 -65.2131 29.2023 -83.5896 80.5009 -35.6248 -25.6478 62.9343 -46.1097 80.1873 -98.8074 -95.5997 -52.3109 15.7421 31.2298 -92.2199 6
-0.2292 -91.8777 25.6557 -98.8017 98.9578 54.3011 40.8134 27.5025 80.0788 -39.7231 48.2255 -11.4164 -64.4505 74.3684 -32.2776 -4.5056 83.6110 16.1112 29.0118 8.3264 5
-90.2599 -25.2701 -50.2922 -35.3304 -96.8974 -83.9055 82.2580 -96.4802 -15.7301 92.4800 -57.1678 79.6146 94.7515 81.6411 18.2061 -4.9427 55.1287 -37.5243 -97.4414 13.2032 3
-78.2691 -79.6948 -20.3559 84.4544 -67.5172 -35.3325 68.6464 -41.2322 60.5944 83.6224 -85.9163 96.6719 -56.5948 60.4803 65.6036 8.2581 91.6680 -39.4429 86.4285 78.1468 3
23.2017 -54.8888 -66.6697 -83.5949 -15.9213 -81.8016 -98.8075 32.2659 -66.7028 30.0853 -28.7348 10.0789 97.7888 20.2434 70.1387 12.3726 -3.0006 91.2429 -77.1511 62.6949 8
-9.4320 -31.7809 -54.7964 30.1587 60.4576 43.3947 -38.3270 -11.9861 -25.2749 64.9608 89.7504 77.0502 -24.0349 -89.2077 -35.3912 -1.6155 -60.3982 -48.0982 97.5882 18.0790 3
47.1013 -74.0508 27.5336 -33.8539 -26.1275 -50.7878 -22.2132 66.2000 -48.4748 63.2594 51.9243 -18.5807 -72.2386 16.6091 77.5543 16.2666 34.7855 -60.4619 51.8457 -68.4536 3
23.9506 -95.0044 -60.4910 -94.9130 -76.6526 -52.8676 -15.8569 -56.4151 -91.2147 15.4700 -13.1785 62.5942 -25.2142 -80.1907 -11.6896 50.8855 57.5301 67.4774 24.2186 -36.8612 8
2.5924 -87.3026 72.3487 -15.0145 -84.9948 41.4227 -33.0230 44.1848 35.6774 -63.5072 23.1832 -21.7205 -20.9174 7.1111 -72.8583 68.6242 -20.9440 -96.1775 72.7544 -89.7451 7
67.8256 71.2315 -53.1739 21.3154 16.4133 -98.3528 -24.6396 -33.1061 65.3436 -31.0974 -67.2782 84.0538 22.6420 -68.7499 93.7807 -10.1071 86.1363 -88.0174 51.4067 17.3340 7
-89.4884 62.4241 55.3134 -61.8483 -52.5975 16.9829 69.4462 15.0224 -90.6550 -28.9371 95.1507 -21.7369 -66.0442 -67.4824 -68.8016 22.4930 73.6209 78.5364 28.0198 23.6540 7
-1.9418 -40.5380 -99.0016 35.8446 54.7128 -37.0120 -88.8348 25.7598 -89.9528 38.4087 -7.3916 -11.8692 1.3747 -85.8269 -39.9383 39.4329 53.1880 -89.1898 -89.8697 58.0113 5
