30
100
-55.8142 -32.2882 -4.2863 99.0807 -22.1180 12.2644 -5.3576 20.4809 45.9608 29.5474 -13.8525 -50.4254 21.0484 96.8460 5.4897 1.2450 6.4918 -16.4669 27.3473 61.1112 -63.8727 -37.0719 31.6256 99.0317 84.6547 -35.6059 -66.4821 -39.6559 -92.1168 47.0454 7
-85.4800 -48.8420 89.2590 92.2780 -31.0229 95.8734 -87.5592 26.2621 -42.5793 56.3623 -42.6565 -31.2677 -99.1552 -40.9385 -19.9517 82.6395 -29.5999 5.0328 -63.1299 -8.6687 -91.1325 87.6320 66.9194 -38.6078 54.4441 89.0363 47.2896 -95.6381 86.9351 34.0406 7
-57.9387 -23.0992 23.3560 -39.8744 -23.9988 26.6950 97.0100 39.6570 -0.6235 -12.5918 4.5537 3.5271 71.9329 -75.5070 54.6262 44.1312 -12.3587 98.4089 -81.7374 66.3047 -84.1699 41.4347 22.9730 -22.1757 56.4038 35.2183 -68.7988 75.2045 34.0823 -6.6152 6
82.7957 2.4633 -27.9024 88.8063 -78.4227 -99.5998 -42.9192 -63.4005 -37.0767 -90.0806 51.4856 -57.3850 40.5563 -49.9076 -12.5409 98.5649 6.4885 90.1877 -48.3439 -8.5018 80.2772 62.6915 -81.1763 71.3031 -43.7029 -41.6141 -7.0308 -50.7947 -47.9716 -52.4254 1
5.9081 -0.5338 33.8039 80.3328 44.8058 87.1584 -35.7737 -60.9307 88.1056 -10.3626 -30.2088 -7.3518 -92.8929 -74.2097 -6.1887 -65.0048 -90.1051 -17.3349 -57.9088 99.7824 32.2282 -53.1439 -21.6787 62.4237 -47.8567 -36.4246 49.0436 -88.2268 -15.8677 -99.9915 1
47.1686 -52.8958 -57.8339 -82.6872 77.9819 50.4632 -73.0774 38.6102 -36.7695 19.6703 42.6840 -31.6083 -26.1436 -35.7838 -11.8632 80.2710 -47.2860 89.3868 -71.5843 30.8572 76.7904 97.3512 -40.9787 -56.6384 -24.9337 -74.9220 66.7421 28.6279 19.0319 -29.3617 9
88.3867 87.9565 -67.4749 -41.7304 32.7968 -70.8641 -81.8877 -41.2608 -73.4952 -34.5345 83.1237 -79.0446 -66.0482 69.2282 -50.0973 41.6898 91.8103 61.7753 -85.3808 -78.0031 94.5456 -22.6500 78.1017 29.1394 -95.8705 -26.6669 -56.5751 -64.4582 -19.5480 -73.3534 10
-33.6005 -17.6722 0.4490 -44.9117 85.0497 -63.0133 72.0345 -5.7966 -53.9404 -5.8423 77.1494 22.0081 -46.4894 -17.7051 -96.1254 -81.6527 45.1979 -11.5951 36.5148 -96.1133 -51.0832 -44.9510 -72.5411 -75.8329 34.1104 75.6007 -90.4328 34.4979 -7.4660 -29.6332 1
-32.4784 4.4190 -81.9152 53.4772 6.3353 53.1122 -92.1843 -5.5780 36.3825 -10.4001 81.3169 9.9674 16.9772 -93.5571 -10.3559 67.8758 14.0029 -8.1550 47.6720 15.0440 5.4577 -43.1342 -99.0359 -38.4102 -23.8381 9.0576 22.7996 15.8663 62.9618 -13.4020 3
82.8982 -0.4616 93.1661 88.7171 70.8177 -48.6419 -98.0389 -18.2501 60.8872 -96.6383 60.9683 41.5899 -34.7302 66.8242 31.6126 -72.9441 -48.3717 56.8097 -22.7453 49.3156 46.8822 -96.5192 86.0010 0.3925 -43.1479 22.0186 34.2473 -1.0265 14.3457 -84.0704 9
28.5071 -21.8651 -19.1784 -1.3724 -26.7038 -7.7120 -46.1821 85.2128 -53.0595 -9.5943 42.4418 -59.0701 -97.0354 34.1878 87.6919 -52.3565 -61.5798 -96.7981 85.8377 76.0153 0.2816 -71.5109 -58.5640 -32.5620 -21.5625 65.6864 89.4184 -53.8537 -60.5662 -23.7234 9
38.6545 -35.0780 -56.3993 83.9185 65.8644 -93.3073 99.0242 -35.2597 -47.6193 7.3532 -95.7772 74.1799 52.7247 -91.7598 75.2768 -21.7936 -16.7037 5.9351 2.2946 72.9121 59.8745 45.6063 95.9256 6.0977 -11.4062 62.5298 -66.2029 82.3880 64.4277 -70.9223 6
96.4381 57.9995 58.6260 90.5307 99.2314 95.2635 0.0614 37.5215 48.5164 -47.9264 -68.7113 87.7867 -69.7703 -0.4163 -18.3791 -6.3793 -94.3785 27.6033 -20.5726 16.2801 49.9670 -43.0938 -5.7682 -84.2833 86.3212 -94.6171 -58.1803 76.6420 -32.0818 -10.2728 2
60.8244 -63.4362 -77.4025 -8.0499 9.9764 -7.0527 -63.3863 -3.6778 -6.8893 21.8547 -5.8487 37.4652 -73.6267 -69.8899 -78.3525 68.7540 -22.7941 72.6165 61.9757 -29.1002 42.3546 21.9373 -8.9158 -1.9940 -84.1116 63.7524 92.2025 -48.5992 75.0404 91.8725 6
52.0969 91.8380 3.8257 -58.7269 20.2028 79.6081 -42.8080 64.5345 86.1547 -87.1406 -23.1356 -74.2561 12.9591 49.0802 70.8154 -3.9709 59.2985 -94.9322 93.4065 -68.0566 -57.0584 37.8618 40.5355 -29.1581 23.3014 37.9504 28.8498 45.2419 58.0842 -36.5904 6
69.4399 90.8540 55.2336 -36.8942 -61.9442 -94.5105 50.5709 56.2804 17.5263 -95.1553 -99.6670 -48.9710 -17.6377 0.9145 -44.1925 -90.6862 -90.3612 88.3110 65.3211 25.3148 -76.4107 88.0769 63.8498 -7.6101 -84.0552 43.8018 7.9640 -39.6569 98.4502 99.1747 6
-93.2726 -0.4110 73.2388 -62.0397 -76.5657 -9.7172 97.6854 78.8514 -53.5826 91.6939 -62.6475 -27.2064 81.4331 38.8815 30.7391 74.1744 52.0175 -55.6040 45.0685 -7.4078 -88.9206 97.5944 -66.8896 36.2090 -4.6359 -16.1555 90.3910 -34.7112 95.2924 80.0034 1
-57.4869 28.9556 67.1962 -11.5278 -66.5025 64.3999 -87.7149 -90.7278 23.8101 -71.8809 26.9919 71.9939 -3.8234 -21.6401 -85.9131 -44.3731 71.7303 -89.0732 -19.4098 -0.8784 51.2235 -42.5298 -10.8570 -67.9399 -14.4013 -39.7327 41.5089 49.2591 -48.7116 8.8490 6
-66.8239 60.6348 62.6134 44.9425 -49.5451 -8.3057 -18.1987 -36.6763 32.2871 -81.6380 86.7112 54.6890 14.1080 93.6327 -67.6187 -54.7991 37.4162 29.7698 -68.3005 82.1663 -57.4190 14.6309 79.4803 84.2251 15.4468 -96.6759 -5.1992 1.0027 27.7975 45.8784 6
98.1949 84.0540 27.6876 -27.7339 5.6081 57.1862 73.9804 98.0305 -50.9386 32.9386 -48.5304 21.5201 -84.7359 -85.4704 59.9130 -96.8019 20.9911 -50.2269 45.2598 -41.0322 -5.4375 79.2660 35.6687 1.4481 -73.2465 1.0062 31.5863 12.9441 -27.2960 -44.0636 2
71.2388 -68.6313 22.7079 -19.9453 -34.4996 18.5496 0.2170 49.6451 -94.4114 43.8183 -45.1567 45.2264 -43.2790 -73.2774 -87.8723 -38.0563 18.7171 74.6195 -41.9174 -28.4822 -25.9344 -98.3213 -93.6971 49.7454 -94.0690 72.6919 6.5452 47.9417 29.9046 41.7780 8
-53.4661 50.8411 56.6897 29.9927 65.2934 -44.1328 23.2421 6.2521 -0.6113 8.3323 -12.5684 -44.5921 11.0559 -78.1913 -52.6533 -15.7062 -45.1008 38.1354 59.4238 -26.2523 -46.2070 -8.4572 97.8928 -63.5846 -93.5070 -92.8854 10.1381 -40.4353 -40.8579 -10.3616 8
52.7333 86.8260 57.5448 -33.6414 -38.8381 5.9640 -70.4110 94.2196 19.8870 -33.7763 91.7779 9.2226 90.1483 35.0206 -5.4911 -27.5421 -63.7108 -56.5821 23.0554 -85.9270 -5.7772 -19.1953 -33.4113 86.3944 -48.2988 -96.8524 41.7790 -54.6798 -3.2593 -13.7050 10
-42.7294 75.7335 19.0405 29.4328 68.0881 56.5745 -34.1563 -81.4062 48.8143 73.9153 56.2647 -67.5054 62.8998 2.7494 27.6171 -26.3459 -68.4528 -66.2144 14.0144 69.8291 -50.1982 15.3069 -46.6112 41.0158 -5.0997 -76.1470 -59.6468 -2.0426 -14.5462 -13.4189 6
-88.8232 39.2287 -68.6826 83.6141 10.3569 -16.5711 91.9179 45.7937 57.7027 77.0324 16.0105 -40.6531 80.8237 -82.7783 96.9013 83.4653 37.5358 93.6770 61.7611 -60.2723 2.7446 -11.3454 -14.2457 -32.6777 71.4939 29.6506 -80.5716 5.3644 -5.1222 -85.2131 1
-74.6347 33.8012 -0.0160 46.3387 -34.8031 -37.9283 -14.9810 56.9129 81.9150 -61.8503 88.2293 97.8779 48.8179 -34.0114 96.2517 1.9352 99.6921 -83.4932 -78.4244 -56.5485 -28.8589 30.4786 77.4390 44.6535 67.2656 -66.2673 86.0005 39.6998 82.0933 -51.9356 6
52.2801 63.4968 22.6150 -68.0042 -30.7536 38.4809 99.1664 -67.2421 75.6951 58.7212 -60.1404 34.4063 -28.6660 93.9791 1.0728 50.4491 36.8279 1.1666 -66.5602 74.2397 2.6474 51.7952 -34.2552 29.4571 48.4692 -69.0985 84.3198 3.4122 -96.4453 -30.2085 8
-36.7296 -37.0424 -66.0072 -60.9794 16.4350 40.8643 13.5012 71.2754 37.8381 37.7133 -33.7035 33.6349 75.1450 16.1187 61.2040 -96.6663 -25.7929 73.2521 46.5016 7.4271 -23.9073 -90.8467 60.0422 87.8407 23.5989 66.8316 -29.0092 -75.3019 -96.2544 66.6349 9
99.8555 -67.1046 -13.5817 99.9981 -9.8721 -29.3083 -17.4837 36.2338 55.4724 -57.5230 -65.5735 -54.7083 2.5264 -29.3449 -15.8554 1.3209 -84.9007 -0.2770 15.8400 80.0810 -57.7356 58.2012 15.1523 30.2200 -16.4695 40.9586 25.5433 24.3408 -82.3091 7.2580 5
88.7699 64.6996 60.1534 23.4401 -53.4863 -19.3100 -77.1051 -38.5772 -95.8791 -99.3516 31.5592 -55.1983 -49.5829 9.4430 18.2942 -49.9899 -20.7045 59.9290 -65.0896 0.3447 -75.2462 48.9400 69.4612 -59.5575 29.2521 0.7758 31.3825 70.7434 -38.1746 -40.6723 2
-9.3239 -32.3988 67.2957 34.4683 -82.7784 77.8320 44.6823 -91.3960 -1.0317 20.8062 20.1147 58.9981 -32.8176 -84.6571 61.0628 41.9880 -49.8806 13.0524 -96.5059 -64.1552 -40.3913 -89.1851 46.7794 71.1946 -39.9159 95.3324 -1.2285 5.3359 -45.2172 82.2244 3
33.7222 -66.0341 86.7870 73.0150 89.0433 69.1786 -54.4365 -39.5273 -67.3018 -0.0151 98.2071 72.0210 62.3016 91.7003 68.9323 8.7558 64.3014 45.9628 -52.4123 72.4054 76.1060 -48.5068 91.2255 -28.9001 -2.3905 13.3494 6.0742 69.2827 -1.4668 -10.7002 4
60.6080 29.8450 -37.4707 -96.1731 -73.1067 -42.6518 35.8791 57.6261 -6.0724 -84.5547 33.2535 -12.9799 -40.0318 -47.5505 81.6187 10.9437 4.7125 85.3173 15.2094 -55.3500 -88.7493 -46.6017 -91.9688 -57.1557 -48.7990 3.8224 47.9158 89.8137 -99.7654 26.7584 7
83.6611 68.3364 -37.8885 28.5832 -14.3361 -82.7362 62.6317 70.3845 34.8964 55.1490 -19.8863 -63.2163 -42.4784 -32.2622 -97.0103 48.4457 -78.3938 -46.9989 2.4619 75.0798 -28.1828 40.0958 -1.8276 -19.4556 -12.2785 -48.1175 17.3959 -80.0912 -3.8290 -29.0205 8
-85.9303 -38.7791 74.6474 82.5091 -34.0733 -16.7430 22.3209 -44.9209 65.1418 89.4397 -23.5501 31.2750 11.8689 -19.4224 -49.1394 77.7915 -77.5087 -35.8746 28.1174 -83.8556 89.4394 -46.4222 -27.0500 32.2191 -56.8417 21.2544 -8.1061 -40.7765 -10.4320 6.5366 5
-25.2937 -75.3473 70.0879 -63.8296 -41.7273 -29.6806 -54.9167 60.3366 91.6805 90.6564 -80.3812 -88.6472 43.0554 55.8584 39.7133 -45.2462 15.6614 88.0256 22.9695 19.2458 -43.4183 -21.6071 -92.9023 83.7517 -59.1371 30.7626 20.0612 48.0565 -23.4961 -74.7096 10
-34.9343 28.0727 38.1792 -20.0572 -83.2056 67.3505 50.5327 -98.3593 24.1978 -29.0127 -76.8296 42.9265 -93.7532 59.1810 44.9204 26.7045 -56.8299 -26.4993 -93.1121 -47.6523 -16.2776 -87.8323 -20.3259 41.5645 -89.1546 -51.1921 39.5896 -43.5157 -40.8052 -28.0829 5
-94.5483 14.6436 -45.1239 -68.0032 70.5979 -87.3827 95.0061 -61.7846 -55.4466 -17.1817 9.2016 0.5876 -5.9832 -34.9668 -86.9766 73.2205 -28.1100 -39.3923 38.8640 11.4385 -42.4169 -20.7430 -60.8102 98.0599 40.7591 -44.4500 90.0677 -49.4391 -32.8354 62.7893 8
3.5306 -90.8899 79.8047 23.1729 16.8660 39.7751 74.4761 18.2417 52.0647 -23.9357 33.7249 -12.7053 78.7172 67.7360 10.2601 -38.2150 46.7804 77.2681 -75.1970 -35.6596 -33.3316 79.8591 -11.3399 -6.4580 34.8967 76.4038 26.3279 -76.9594 -34.7469 60.8631 9
-30.8637 -22.0718 83.9704 10.2971 11.4251 -96.4344 74.8829 73.5703 -12.4145 -10.8465 -95.1974 -0.8479 -83.3954 -52.9000 72.5818 25.1671 -58.3150 -66.0568 16.2828 48.1795 -51.9772 11.9450 -44.7166 50.5922 30.3094 40.2913 17.2866 76.6100 61.5400 -54.9444 5
-43.9909 73.1921 3.3341 13.2938 14.5695 -98.8630 93.8578 34.9021 -4.3496 23.4627 -19.2031 35.2954 34.5487 -70.2594 27.6468 44.6566 79.5092 -24.8197 -8.0323 -9.8155 -16.3804 56.1136 -5.8332 -80.2813 -13.5556 -14.6458 51.3914 -39.1825 73.5091 93.4521 9
19.6824 -87.5756 -1.4692 5.0555 68.3020 -88.6769 59.9576 -61.4424 29.0708 64.4145 -26.2480 -73.3348 60.4099 -31.1780 -5.8031 -14.4681 69.1582 66.8997 25.2414 -95.7369 71.7933 -88.5421 -55.8225 81.4885 59.3623 75.8908 -55.1257 -81.8752 -2.1419 -84.8229 5
-7.2958 -2.2694 -94.1688 75.1114 6.0297 -65.3083 89.4646 89.8494 -75.8268 14.4160 31.4723 0.8380 -65.3794 -35.0678 69.7109 -8.9010 -29.2734 -47.8090 -11.0453 -83.7531 17.7695 -67.9712 85.5217 87.8997 -23.3585 -85.1983 56.8200 -77.4604 -35.3924 53.8303 7
-98.3088 51.5362 -15.7772 91.9823 34.4282 80.2943 23.1080 75.6896 -62.1409 -11.6621 -60.7461 -76.8949 -52.0519 31.4385 -54.1106 76.8047 -19.6785 -84.4248 -56.4095 -99.8027 65.4675 13.4970 25.9780 53.3237 -54.3369 -66.1219 -64.6077 59.8682 58.5974 57.3582 9
34.0122 89.4053 39.4955 -63.6183 -53.6717 90.2693 88.9155 -10.5131 -83.5931 -80.0032 41.5237 -90.3823 80.0055 31.2672 -54.8707 97.8722 72.0543 80.2886 90.5776 94.6000 39.5468 -98.8647 -96.7162 96.8333 20.8308 96.7727 -36.9061 -29.6670 27.1339 -81.1513 5
-24.6729 -40.6352 19.5740 -39.4518 -40.2358 -67.0988 72.8772 -79.0820 46.3477 -58.8255 -25.5319 -1.6618 18.8990 -36.0954 -4.8993 -99.6876 90.5162 -76.8864 96.2743 73.3130 6.2154 -8.0059 0.4106 34.0925 -81.5248 -41.7846 83.7587 -90.7891 -3.5473 28.2852 6
29.5766 -49.4863 83.1113 61.1205 -35.8499 -14.7262 24.8100 -80.4090 13.5275 22.4123 22.0170 -64.9027 -50.3880 1.6440 9.5057 20.4438 63.5090 -99.1039 75.5970 -34.7893 -58.8723 72.5925 35.1553 33.2031 69.5732 37.4281 39.0011 -51.7767 -96.9333 90.4838 2
-6.4356 22.6286 -62.3240 74.1804 -40.7042 57.4436 34.4413 -2.5607 -20.2596 5.2669 -10.3272 47.6063 65.1093 33.3676 38.8728 50.2553 -47.0276 96.6786 -60.6986 52.4139 -88.1342 -6.5172 -64.7345 51.7368 -10.8805 7.8100 -18.2108 -26.6729 53.1389 72.3465 2
87.2344 53.8083 41.5382 44.7252 -95.0955 -5.7622 -5.1022 30.7451 81.0321 -47.1890 -7.9682 66.8452 26.2398 1.1578 -22.8374 -82.9646 -41.2443 -90.1412 18.6334 66.2414 25.5532 91.7083 -10.2153 -8.1408 16.6472 -14.0987 3.7204 -17.0973 -14.1022 -71.4016 1
-23.1771 69.1040 -19.3612 -62.7347 -33.6006 83.7873 -38.4393 -56.0645 -41.3768 -95.5247 77.4429 72.6107 -95.1434 46.8874 -77.7317 -96.4945 -60.6713 -93.7551 21.4865 32.0126 96.3789 -4.6727 63.5518 -11.6220 -87.2861 -77.1688 80.4336 65.8377 62.7437 -31.4241 8
-65.5878 -77.4692 78.5018 -30.8864 -47.4112 9.4189 70.0077 60.0801 65.8398 74.7426 69.0034 -0.6891 -73.0726 31.8848 80.4528 40.5812 97.7638 38.7589 -30.5577 -62.1074 64.1383 -62.2966 -76.2930 74.2619 35.3069 88.5340 58.9379 -29.3572 60.5808 49.0440 6
-72.8066 64.0315 90.5729 -8.0054 -89.1903 -27.6408 -23.2994 39.6576 84.5849 -64.7809 57.5104 -56.3445 -73.6624 -89.5358 46.0003 21.0749 -32.5384 -99.1532 29.8947 57.7252 45.6655 58.4365 -57.3593 91.0922 69.2514 -59.2806 -86.5181 43.5104 98.3803 52.3358 3
-54.6740 -69.7149 -38.3980 97.0726 70.5074 82.8499 94.8687 -56.7460 7.6193 -32.4401 -55.8215 42.3132 9.7573 -5.4211 -5.1537 76.3833 2.8097 -69.9650 -60.6422 16.0762 -65.3281 -45.1237 -7.7479 2.2962 -34.4436 -34.2402 -86.6226 -8.8992 30.7638 -56.6418 4
10.7233 -12.0557 -54.6918 66.1478 -82.3716 24.1706 -84.3646 -18.8235 73.9235 -50.0369 -4.0485 -48.1131 49.2182 -8.0000 -12.4191 10.6936 -18.5908 13.5415 -21.3640 0.3316 2.7190 33.9176 -94.6821 8.6539 72.7200 64.6356 -29.9784 -6.9207 9.8131 -11.3591 3
28.5091 -59.6512 90.1064 -29.5414 -86.3741 -68.8169 90.3055 -54.7048 45.5047 59.7522 -9.6366 -68.7914 28.8557 89.5904 -2.6164 -78.4809 -96.8332 24.0676 21.1786 -50.4494 13.3195 -6.6404 11.1675 46.6680 38.4000 11.9230 84.7599 -8.2967 28.5318 85.4783 9
-92.4916 -52.6374 88.4888 74.8338 74.1566 78.6337 -29.2253 -48.3122 76.6578 -77.6118 -6.6436 -69.4096 38.1994 -58.3469 -92.9776 -40.9600 76.0262 30.6059 85.3831 -19.6559 -89.3619 88.2625 9.4255 0.0002 -9.5905 60.1671 -90.0779 96.2738 75.4036 77.4449 3
13.5740 98.6564 71.9173 -43.3633 -98.5916 -25.9911 17.4989 38.7965 87.2813 -58.5858 40.4512 -73.6865 -67.8057 -51.7637 85.0647 11.7179 -29.2139 61.5192 -93.8892 47.0724 -40.3961 -55.6803 41.2984 -89.6445 -13.5447 -5.2868 -10.6154 -29.0419 37.5001 -88.8502 1
-10.2826 70.4504 37.3089 51.5552 8.1848 32.8456 -81.3382 -64.7220 -29.4428 -14.2017 -93.4165 25.7032 6.1698 -30.2967 -62.5157 -91.8790 -6.8746 -16.4572 6.3508 -99.0998 27.0660 79.3613 -82.1596 43.9109 -8.1169 -36.5936 25.6250 11.9833 18.1719 -59.7535 10
86.1618 45.6590 -0.6900 -41.7673 34.9119 -94.7050 -98.4279 15.7809 77.4824 34.1737 32.0352 66.3971 -3.6692 -60.3262 89.2715 -5.4913 20.1975 -59.0878 -81.9378 0.9566 78.7233 -27.8675 -30.4848 38.9711 54.5263 -49.8834 88.5177 53.7322 -3.0136 -24.4614 4
85.1655 35.3631 20.6412 0.9272 2.8668 -11.2340 -27.1272 -75.7199 -22.4003 64.2865 53.9071 78.6769 -32.3618 -49.3718 -48.3057 8.2808 62.2027 20.4650 31.5447 61.5403 -9.3787 68.3657 -24.1376 65.0016 26.3976 -17.2935 -83.3412 46.7108 -85.0348 -91.3428 1
-50.2453 -96.0588 -55.5578 -12.3491 -11.4234 -80.2815 -90.5509 80.1722 62.1928 -50.9217 -93.8264 64.7614 28.3869 -15.5579 -59.8938 -37.7250 93.2309 -98.3818 51.9931 84.2300 -0.4578 -14.5455 88.6493 -62.4660 18.8229 79.5171 -43.9408 27.6438 -60.6960 -87.6544 2
16.9604 -31.3984 -7.8632 94.4799 -7.1851 -86.6505 -26.1257 67.5025 -66.2152 -81.2767 -29.4897 -93.4312 88.9999 -51.7640 -92.5263 -61.5996 -18.3148 17.4860 -86.4544 -90.8188 67.0624 11.5518 -68.1495 53.6961 -35.1188 -92.7315 59.5448 -86.4149 -59.6927 63.6017 8
-31.2793 -3.7466 -32.2609 -89.2010 -12.4690 86.1217 61.6360 -5.9284 32.3698 -28.9688 -43.4879 3.2834 35.3676 -11.1860 37.7335 25.8693 -20.4920 -87.0799 34.5943 -80.5176 22.6945 -51.2153 -83.4706 6.3960 98.2564 76.8489 79.6006 99.1436 47.3956 -43.6312 5
6.9228 -89.5902 5.1269 71.6672 28.1433 -1.8922 63.6534 -4.0525 77.0663 -50.6330 48.9066 -8.9819 -38.0780 -4.3190 -62.5938 -88.1736 33.3375 62.7237 -71.4109 -49.9394 -82.3986 -69.7093 45.2129 21.4791 -69.4996 -30.9251 24.8460 48.5805 -5.7462 -69.9182 8
85.3594 -29.2244 0.9762 24.2431 -8.1760 -2.8343 -34.6597 -46.7422 -82.2618 -3.9264 5.1324 -83.4792 92.9752 -26.8979 60.3427 2.7118 46.7039 19.3019 61.3194 35.7125 -19.5785 7.9718 96.5136 -86.2783 -96.9531 17.7268 -88.5367 -33.2972 -22.8950 -58.0103 5
-90.3998 -22.2546 78.9035 -74.5869 -91.7904 -85.5447 -34.8998 -83.4123 -22.5255 -77.9861 -90.9877 42.4225 -98.6522 79.8782 62.4655 39.9736 6.9438 65.9758 50.8341 96.6606 41.9483 -42.8189 54.6125 -75.2498 -75.7567 8.7409 11.6815 -15.2313 87.6050 86.0568 1
7.7926 -12.2466 -55.9356 -51.5875 46.7573 92.9233 41.7913 41.9621 74.4777 -15.2837 -71.9725 -52.3161 27.5592 14.2665 -93.7691 70.7327 -80.0061 66.6967 80.9091 -47.6232 -30.5782 44.2605 -36.8020 -41.4213 9.5428 -21.3834 5.3139 26.1894 21.9358 -59.5901 9
92.2924 35.3476 -50.7825 -81.0553 44.4367 99.0851 58.6973 -98.1774 47.5452 5.4515 35.6623 -41.1798 -36.6858 16.7437 55.3335 84.8033 56.0107 59.0994 61.3512 -61.1290 58.6773 33.2920 84.7758 90.1182 -34.9858 -40.8109 49.2678 84.6559 -9.1310 59.9127 8
71.9115 -43.3032 29.3132 1.7937 50.0063 -53.3473 60.6906 11.9927 -47.9695 -77.8890 99.7414 -43.8512 -45.5997 -20.0084 -8.0079 -52.0209 50.1490 -89.3612 -8.9448 -36.4742 -50.4662 60.2502 3.9709 15.0446 9.4262 -15.6934 -71.3721 37.9722 -46.8389 -19.4434 4
-42.0584 17.8586 -77.6670 -10.7286 -32.6161 -61.5151 -29.3829 56.8976 77.4971 20.7077 -92.4762 -81.7116 88.2566 -66.0733 62.9411 -60.7953 -71.9735 26.5417 -95.9471 91.3622 -51.6362 83.6921 86.8181 -78.1523 11.2514 -23.0165 58.2725 76.2197 66.4342 49.2456 9
-13.5455 21.8335 0.5451 17.4532 -12.2005 78.7911 41.1517 0.4462 -81.8978 -18.3232 -79.8397 -71.8163 25.0334 86.1496 -13.5181 -45.8191 -13.4787 -76.2151 -72.6507 66.6702 -71.1701 41.5104 -11.2936 -4.5194 -1.7841 3.0917 19.4210 12.5006 59.8617 28.0889 5
-75.5893 -67.1551 -75.7340 -57.8171 5.1682 -34.0541 5.7882 -34.5040 56.5740 -63.4438 4.9689 13.3919 -9.8525 -10.9838 43.1089 70.6212 -88.2257 80.4126 -28.1916 80.6479 -19.6663 -23.2027 -12.6602 30.3297 -18.5947 -47.9224 83.8095 0.6601 -23.4147 22.5594 7
12.7519 4.0832 -69.3204 3.6025 17.4510 37.0579 -15.9317 12.4763 41.2546 -40.5004 -90.4006 -37.3197 92.2422 -99.4701 48.1416 -94.2027 -65.7634 -60.7452 97.9869 12.4210 7.6403 -74.6043 78.0383 12.9997 22.7523 -45.1824 47.4216 43.6491 83.7039 38.5145 6
-52.5434 -87.5185 95.0191 63.3128 -40.4714 88.9214 91.6919 61.4142 12.8766 87.1735 -37.3778 21.3679 -46.7393 -85.8500 -75.9493 -98.5379 59.3079 -83.5842 -78.9023 -37.7677 -77.5041 91.5758 -14.8689 6.1220 59.2514 85.3782 78.8662 44.8919 -65.0060 55.7092 2
-35.0989 72.6764 11.2237 12.5691 -34.6983 76.7600 14.4250 38.9639 3.4066 74.8088 34.8333 94.0831 64.3809 58.7575 81.7496 -85.7331 -13.4744 -31.9038 45.1839 19.5071 -95.6107 -18.9712 33.8016 -93.6921 45.2062 -39.6274 -2.0139 -3.0134 29.8129 17.0690 7
-32.3654 25.0199 82.9368 -84.1358 19.4874 -37.1621 97.7841 2.2280 37.2872 -64.0541 -74.7510 -70.7301 31.9324 14.9770 42.3609 71.3672 41.3710 55.8832 -79.2334 17.3356 -45.0526 -28.2059 -53.8726 95.4440 36.3510 -86.6208 78.4769 -14.5203 -69.0271 -73.7003 3
-8.3827 -63.0123 -98.3573 63.7192 -94.9410 -69.8566 94.2279 -68.2298 -73.7879 -58.9689 -66.7524 84.6895 -61.0212 -0.5358 -76.9786 62.5391 -96.2942 -64.5566 -35.1845 1.4861 93.1495 87.1511 66.1861 -81.1220 33.0394 95.0294 64.5211 -93.0533 -27.2676 -5.2311 7
-9.2744 10.2395 -1.4214 -67.8154 -80.1892 -90.4730 77.8545 -9.1392 64.6241 0.8333 63.1130 -18.1636 43.7520 -18.5919 90.4207 38.1501 89.0344 9.9492 6.5828 -22.1212 -91.1092 70.1335 19.8538 -95.3131 11.7508 -15.9127 38.1501 -29.2715 29.5912 -87.6189 4
-31.3023 53.5430 -53.9548 52.2591 -57.8459 -77.5552 -22.4988 -83.8940 43.1098 -81.8646 82.5447 97.1619 68.3502 -86.7494 -21.8864 72.7076 23.3911 -77.5118 -15.5868 -87.0009 -28.3918 41.6540 -15.4967 -19.6315 -57.1264 -19.6886 37.2436 -2.5766 71.3696 -71.4522 2
58.1534 -60.0730 -48.8920 80.0431 -21.3461 -71.9686 -48.7114 -3.9320 -23.3518 -50.1628 77.8601 56.4079 11.2034 61.6873 15.7739 -9.8464 -82.8011 90.6023 96.9054 -15.1314 33.1484 7.5823 62.8182 1.1465 16.3806 -45.7867 -45.2462 -7.4444 62.9337 -96.0252 3
-73.8214 -39.2158 -17.5234 81.6898 94.2179 69.1817 63.1487 7.1381 -41.4286 48.0316 -90.0400 -48.9397 11.8048 75.8307 -31.2253 -27.9371 -97.0256 69.7282 -1.3238 40.7248 -97.0179 -51.7014 40.1305 11.6735 -78.4397 -92.0022 -59.0830 -3.7927 -87.8215 14.5830 2
50.0114 75.6466 50.4299 31.2095 16.1502 31.9238 61.5955 -95.1780 -87.8756 23.1453 -37.2240 28.5602 -9.3268 -97.4148 74.0597 -0.8074 50.5754 -65.3879 51.2119 -8.1720 36.9633 -24.1859 4.2220 11.1660 31.3802 38.9025 49.1044 10.7712 -30.9225 20.9734 3
8.7432 -49.6737 -12.1600 -21.2917 83.6807 -68.5350 77.3229 -49.4204 -16.4219 -23.3978 -30.9653 62.2743 -76.6342 -37.1236 -3.9038 20.6341 57.6292 -8.8366 58.4838 66.7713 -13.5137 -72.9898 -67.6132 -97.6577 95.8954 29.4163 88.3563 26.3760 18.3968 1.4142 8
-70.7153 -97.1592 -94.0136 58.6305 -93.5857 -90.3151 18.4796 25.6866 -8.5898 -45.2795 44.0443 -28.6333 -4.8121 -78.7841 74.7580 40.0788 -47.6292 31.8678 -29.5774 -77.0632 22.3850 35.0280 93.9902 21.8491 -78.0121 -94.9851 -12.9975 -71.3804 58.0695 22.7143 4
-57.4456 -96.4251 -52.2391 46.2450 -8.6237 76.3357 70.7200 -33.3763 -97.4119 0.9935 -92.9209 58.2589 -17.1831 -10.9822 79.7220 59.1090 -32.8183 -81.7683 13.9711 -48.6739 -48.8638 42.4460 -81.6778 21.0083 42.5219 -49.0424 66.8747 -1.2371 75.1337 -47.8829 2
58.2651 -36.6684 67.5128 91.3833 86.6839 -84.7414 76.6775 66.7587 -1.4279 34.9307 -31.8454 -2.7945 16.8177 44.0029 -93.9511 92.8361 49.4938 33.9551 3.2289 37.8178 -53.5321 18.8419 -85.4569 3.0198 41.7414 -48.1598 -65.7398 -40.6172 -68.0175 87.4290 5
66.5781 -49.5730 -99.0125 66.4256 -95.3736 35.4555 -8.0228 54.0642 -18.6823 -67.3460 49.0356 -22.0433 57.4522 16.8406 -69.8213 81.1889 -75.4164 -75.5751 3.2910 -61.7907 67.4165 50.0624 -34.2964 -56.4038 57.1663 -64.0998 68.0930 70.0451 -46.1929 -71.1248 10
-71.9062 12.3367 -30.1433 34.0066 -67.8040 4.9142 23.3620 16.8494 80.3877 29.5409 -5.7609 -59.0584 -62.4704 -84.9831 -84.2582 66.3473 61.5366 99.7952 63.0260 -57.1970 -64.2119 -38.8923 -70.2059 -73.3249 -44.2937 -74.3560 89.4853 21.9155 -15.3557 87.3019 1
44.5554 41.5172 -73.2351 54.9732 -98.3521 89.5460 57.2780 67.1646 0.2702 -13.3309 -66.1249 -81.5354 69.5514 27.6332 77.2785 -47.3795 20.7388 72.5166 66.6741 -10.5944 92.0142 72.5911 82.9025 75.9979 49.1730 -36.1887 80.1389 -10.3542 -85.0992 -96.5627 9
80.7946 -42.9460 -27.1547 41.1423 46.6872 -29.1402 -84.8714 -85.1711 -29.6619 -23.7259 -66.9729 -7.2931 64.8485 90.9709 24.4505 52.1377 -21.9267 98.4179 6.0544 34.0256 82.5853 -20.7607 40.8400 54.7431 -33.0344 -19.9872 16.2100 -25.8214 11.7248 -49.5249 6
63.1758 -50.3302 67.2521 33.2175 -60.2764 -31.2090 43.9433 -93.1675 27.6503 77.1458 16.6389 -78.3441 41.5726 -49.5002 46.5260 -76.9232 -47.9444 -57.6294 -80.6497 36.5130 -53.7185 3.7168 -25.5234 -73.6502 -14.8640 85.1481 -3.6262 8.4624 72.6053 -15.7965 6
-42.7442 16.1363 21.6939 -11.0946 41.2252 52.4453 35.6864 38.9736 -17.0995 -25.7156 -60.0575 48.8104 18.8451 -77.9073 -11.6256 22.1135 79.7815 81.3075 -24.1565 81.4661 28.6568 -13.7400 54.6882 22.6049 72.6007 -8.4074 -16.0760 16.1695 -67.7025 98.8394 6
37.2383 48.4116 -33.5616 9.3824 -20.2570 -90.0999 -63.2066 -59.7239 -15.0250 -67.5536 55.9853 35.7011 71.9284 -33.5785 -47.7266 28.0938 -98.2096 70.6145 -42.0692 -73.3421 19.2603 14.2274 58.9381 -84.5439 92.7590 -88.4933 -60.2213 -63.0771 17.4924 75.3836 6
25.9236 46.7526 89.5468 -62.6413 -16.9021 78.9602 -42.6775 89.3476 -35.9890 56.0050 7.4953 56.1189 34.5013 -44.7108 -85.6050 -95.9008 -45.5392 35.7464 29.2218 67.1477 -85.0906 -82.5365 89.2853 -58.8524 -35.6870 24.4262 55.6599 -2.3230 26.8213 -57.6119 3
-57.8005 -10.7273 -81.5901 -45.7601 83.3330 -37.7506 36.4864 -20.4641 -30.5274 -43.9596 -17.4826 -22.5928 -73.8960 73.2292 -6.5034 41.4254 37.5800 -2.0242 -13.6987 -1.7865 43.6769 50.3872 -72.2409 15.2876 -55.8556 -82.9957 0.5860 12.1151 -61.5262 -5.4785 3
-81.3375 -42.6849 -92.4925 2.1922 -76.8170 38.8730 -94.0231 -23.1125 -2.6478 91.1063 88.8991 57.6585 -53.9871 -82.1986 -48.1018 -12.0434 40.7530 -47.7408 -4.8947 3.0157 4.2405 69.1957 -96.0058 45.0182 72.3201 60.1139 95.3156 72.4411 13.2309 -49.4787 3
96.4203 1.6442 58.9361 -19.1155 70.7277 47.2616 8.9887 34.8764 75.3517 -94.9341 4.5044 -69.7894 22.3279 94.5518 50.3511 16.9969 -84.6054 -32.0574 12.7513 -62.1189 20.1576 81.1889 42.3701 66.8271 -54.0352 -17.5433 49.9593 -64.2299 -12.9627 -71.7160 7
-32.8042 -60.4010 -44.7875 58.8884 76.1697 77.0729 -92.2157 -16.8235 -98.9196 69.8141 -13.7024 -60.4855 -82.6159 -14.8915 86.3717 93.6123 -37.4195 81.1802 70.3214 56.4757 -10.5900 59.2171 65.2394 53.3064 27.4888 87.0575 63.6946 -64.4906 -63.0049 -22.2476 7
64.8129 -52.8929 34.5153 -97.8390 4.6054 27.0855 60.4849 -68.9762 86.8240 43.2227 -72.1684 -78.3522 93.1628 -78.9077 86.1059 25.7614 11.3740 -64.0569 5.1283 -52.5419 57.8773 -84.7724 49.4965 -36.1628 56.6908 0.1541 -22.4486 -67.9580 54.4222 -6.7462 8
14.7959 -55.0826 86.3537 83.7486 54.1932 21.8855 -36.8590 95.1403 50.6682 67.0977 87.1485 -26.7048 -66.9663 52.3146 -92.5918 -77.2182 -23.7065 66.5219 14.8384 64.6424 54.5373 -27.2419 -69.9008 25.7323 57.6218 -4.7787 13.1083 44.2592 -70.0516 -46.6409 7
