2
100
-56.6926 6.2628 1
1.1967 56.3845 6
68.4996 97.1874 1
35.0540 86.7994 1
98.1905 -38.0005 4
-81.7830 -43.6583 2
6.4430 -72.6603 4
67.0374 -26.1844 2
34.5308 81.0105 3
87.6094 36.0098 5
-47.5213 97.3836 9
-28.3365 26.9354 7
31.7485 -73.0535 7
22.3111 -69.6907 8
62.1695 -23.6437 9
45.9815 -59.1747 10
-1.1767 -11.4081 2
-18.1497 76.9449 2
28.3500 64.7160 5
42.3296 -74.0288 1
92.6089 12.2359 6
-87.0369 -98.8763 7
98.3299 88.5030 6
69.1758 -49.8290 7
47.0593 -71.6000 2
-84.4621 -48.8081 6
20.0402 -93.5082 2
-73.2978 1.6452 7
-17.5163 -36.2612 6
30.8000 -77.9883 3
54.2329 84.5820 7
33.2667 15.8305 4
-50.7714 -37.6288 8
22.3503 -17.0033 10
63.9790 -14.5210 3
72.7429 24.7119 1
-48.7119 17.2613 4
-95.4947 -49.3156 2
54.9593 97.7699 10
-46.7252 79.8662 7
-31.2303 31.2265 6
-53.3359 -88.9431 10
-86.2568 -88.8326 6
35.1326 -28.9065 9
-95.8058 -95.0094 8
-31.3804 -80.6769 8
-1.0741 3.5764 1
-84.5119 -46.2489 10
65.0036 21.5777 2
24.2485 -3.7903 8
21.8761 -82.0820 8
45.9503 20.3145 4
-0.9006 58.0045 8
-20.3098 82.9148 6
-81.3503 -40.8213 10
83.3658 -22.6547 7
-70.5463 34.0185 4
-57.7556 29.3758 6
37.9033 -38.0955 9
57.1543 -80.1794 6
-44.7364 -9.0045 2
72.3223 10.2598 8
-27.4357 -50.0009 8
-46.9151 -2.9593 9
92.8415 -71.2406 9
-71.0056 -84.0379 2
77.2132 -9.6492 4
-43.3549 6.1458 4
-95.0890 55.0213 1
68.3219 32.3594 10
96.7454 36.2158 3
45.8180 72.8593 1
52.7037 -95.8719 7
-77.2000 26.3367 10
79.7531 -78.2981 5
42.3694 -25.9746 4
1.4049 60.6075 6
-32.3479 57.3434 3
4.1289 -5.3123 3
21.1509 -40.5864 1
80.9318 93.4520 6
-6.2052 -1.3706 7
64.7226 74.9840 3
-32.3329 -7.5685 6
-49.8327 -8.1168 8
16.3711 7.3359 5
19.2544 -69.0454 8
46.7307 50.0044 6
14.9611 -83.1775 4
-64.7936 70.3580 10
-39.7460 -31.0977 2
-36.4086 21.9760 9
68.7408 97.7482 2
-28.5615 -87.8432 10
-82.3588 -2.5515 4
-62.0937 -85.1282 1
96.7055 74.4434 5
-48.1578 23.0745 2
82.6805 76.9253 5
-52.9983 68.8220 9
