15
50
-19.8922 48.8024 56.9319 19.8998 47.1624 -57.1896 -32.3278 -84.5630 -11.5172 -11.5048 66.8455 90.9023 -27.3430 1.5864 -69.9215 9
97.4806 48.9907 -46.9635 4.6150 84.5993 11.0734 18.1179 3.4157 -25.5341 -30.6105 -66.6207 -51.7460 58.2938 -49.0965 -62.4226 5
-16.5643 -57.8766 -86.0776 -31.3583 68.4729 10.3220 35.9911 -57.7645 -77.2003 -19.8572 94.1717 -5.2566 -53.0901 -65.0189 -37.1513 10
77.9689 80.0872 -91.8646 -90.3626 62.4718 71.6820 98.7932 -65.1791 -53.4085 17.6029 -5.7154 -62.9736 55.0698 -2.6769 33.9727 5
65.1652 83.1066 -96.1561 -40.7501 23.7433 -33.6481 -18.6157 -44.8412 30.1787 62.7928 -72.4360 3.8117 -13.0494 -2.4916 52.5981 3
-13.1007 94.0859 78.2966 6.0645 44.3786 -30.5291 -15.8734 67.0613 46.9853 -49.0258 72.9251 39.6347 28.5308 30.3450 -76.4955 5
49.2968 49.1183 49.9221 -58.5189 55.1318 -56.5574 98.2993 -76.3162 -42.7706 -0.0835 -6.4758 93.5672 -60.9606 73.5093 69.7110 10
84.3629 47.5313 -69.2576 53.1822 9.7029 -73.5834 -2.0362 78.5908 -24.7505 -46.0400 -74.1609 -19.9894 41.5818 62.8610 92.5667 1
44.1557 -60.5540 10.6093 53.1851 28.0910 57.5095 22.1746 69.5573 -81.3622 -78.9708 -6.2064 69.4831 -55.2999 -96.7326 76.3328 9
-65.9519 -25.7914 -5.7226 97.2916 24.3845 -34.2502 31.3044 76.8827 61.6675 -11.2853 51.4533 -79.2170 -65.0792 -34.4249 -24.8253 9
-95.3203 -85.4928 60.6256 -6.6956 -24.5189 -61.4130 6.6045 49.9903 -41.8101 66.9536 12.8300 78.7547 16.3002 -41.9054 93.1622 2
6.1443 -53.3812 76.3063 39.1151 65.9413 49.9948 87.4580 49.1080 -6.4719 -39.6661 79.7527 32.5704 71.1890 90.2577 11.1868 8
-47.2324 -48.5207 34.9261 -97.5492 51.2747 -0.5788 8.6512 25.7626 89.0169 10.1126 -53.2672 -64.1390 -84.3736 -90.5472 -37.3666 6
53.1054 -80.6908 15.1883 45.2159 90.7144 -54.1312 80.5123 20.7071 89.6074 15.6813 -27.5855 10.2325 12.1172 77.5594 64.4790 3
-76.6759 52.7298 -5.5398 51.7245 -19.8648 -79.0906 57.0550 3.1253 70.3090 -2.4409 -0.3136 -83.7981 4.3395 -82.6320 -30.0587 9
-95.1278 -40.0742 -60.7911 21.5445 -5.8611 -48.7016 -14.4765 29.3423 38.0528 78.0059 -28.1922 -4.8590 51.4204 25.3634 -54.7942 1
17.6000 88.5479 -39.4621 23.2680 -8.2223 62.5768 64.0187 82.8298 42.0158 96.9415 3.7679 -2.9791 38.6325 -90.4923 -44.7150 7
7.2349 98.5437 -17.6122 27.7164 66.4183 -85.8185 6.4504 -28.2825 -30.8981 -81.0906 58.5361 -64.0205 88.9231 -50.6975 27.8727 1
-82.0464 92.6991 -40.4143 81.2826 26.3752 77.0546 27.3192 -12.6718 -18.8166 -2.7791 -32.5050 28.6220 -52.4460 87.0346 -51.0879 8
47.1721 -75.0704 -40.3192 5.9507 -26.3344 -99.1459 -55.0619 -80.5889 36.3433 48.6425 7.6613 74.8135 -51.7774 40.9264 -68.7678 3
-54.0294 99.3554 20.0672 -55.5209 99.4612 -63.9775 90.0508 91.6407 66.8886 61.0272 37.4252 21.7190 76.4339 34.5665 3.7689 4
53.5427 77.9312 -1.1532 68.3630 -45.4276 93.9304 -37.5944 33.0248 84.1074 -47.0840 -74.7318 -6.4140 89.2263 96.5146 25.7355 5
-69.8851 -30.6143 -63.9159 -8.4148 -14.4686 -3.5481 -51.6374 -22.3887 70.9335 -66.4805 -35.9629 -62.4821 17.3468 49.0121 -61.1607 8
-66.1220 29.7978 -26.4289 45.2359 41.8125 -97.4968 43.4970 17.5010 60.6341 -61.2995 -92.2240 16.3478 -58.3105 41.8136 38.6502 8
-33.4472 -42.1456 -6.0709 67.7376 90.5379 40.0282 70.5156 3.4864 -34.6327 -82.5914 63.6991 45.8646 36.1164 5.3788 90.7925 4
98.7201 -54.7559 -7.8618 -88.1621 98.1642 23.9485 -38.4379 -73.1801 -30.1459 58.8245 10.4531 -76.7650 1.1095 13.0653 32.0823 5
-87.9117 -88.2440 -6.5618 -57.3747 -15.5775 -25.4974 32.9703 52.8641 -56.3476 -39.4926 -52.3399 67.7124 -66.0147 -6.0461 95.0864 8
96.4845 -37.5888 -77.1459 26.0684 -12.5684 -7.0184 -21.0555 -20.6219 79.1637 -4.3432 -22.3500 21.2977 82.9519 -85.7892 38.5381 2
1.8595 -14.3253 -33.5363 -65.4810 -65.5313 71.1613 5.6398 45.9442 1.2019 28.2900 54.9306 23.4126 -36.3997 -67.6465 -5.0116 8
38.8897 -54.0985 -73.2888 76.6536 97.9332 -81.9136 -59.7375 60.8696 -58.6984 2.3540 79.0884 57.3958 -20.0381 -95.6573 5.5217 6
42.0388 47.9233 1.8529 -70.4859 30.6419 17.9611 -55.1797 -64.6757 -46.0015 94.9153 -84.7713 96.2063 -87.1262 -10.1225 4.1195 1
-48.9284 -50.1397 62.1147 90.9181 38.7400 -62.0301 -41.2323 -88.9902 -54.4235 46.7385 -24.7106 48.3338 94.1364 -27.4063 32.8957 3
10.4898 79.6492 85.1749 -92.9626 -68.6719 19.9661 -79.5781 -2.6531 29.4487 53.8064 -31.8289 45.9251 24.4127 -47.1946 -88.1048 8
37.4505 88.5390 26.1043 94.0638 20.1945 -40.6513 48.7237 -60.5558 -27.3927 -94.0681 -43.6658 -80.2768 -90.6721 24.7636 -98.2421 1
-78.0099 -40.3643 -21.6999 -60.5634 13.4538 54.8036 -34.5339 -29.5781 -66.2486 90.7241 91.9008 -75.9995 -48.4613 -20.7829 -21.9583 2
-2.8975 -66.3332 -60.2417 65.7397 -42.6601 -26.1631 33.5853 -59.6071 -3.5311 24.7440 -36.6097 -4.2703 -34.0786 39.8131 38.3937 10
60.8139 -17.5219 8.5557 25.9056 17.2307 -77.8027 -78.1022 50.6448 27.2987 -5.5898 -92.0746 -36.4134 -43.7729 -85.5542 67.0340 7
-47.0215 43.7050 -94.2115 -29.4838 -19.8583 -69.9743 -66.2545 -81.4160 -59.7392 -63.5683 -20.7607 -66.5761 -84.5213 -31.9179 -14.6376 4
28.8113 -22.6873 -18.0498 85.8823 -21.0555 85.0384 -88.7259 20.2449 -98.8847 -75.0168 36.6329 -10.5644 52.7590 -41.9315 83.5029 9
-90.3515 16.9793 -86.0603 72.7363 88.5993 -9.2682 18.0372 40.5658 73.6548 -15.6771 -66.6677 -83.7574 46.0524 -91.9793 54.4040 2
16.0611 -48.8160 48.9803 -22.7371 -28.3702 -54.2305 -14.7246 11.4550 -48.8716 7.2022 -19.6690 -2.1235 29.8651 -39.3468 -6.5869 1
-71.2241 91.2685 37.9336 -70.0414 15.4783 14.7647 75.7351 90.6504 -85.1639 39.3133 -51.2143 66.8399 -86.6995 -47.5689 -45.3461 2
-46.5909 -37.3106 -41.6995 -29.5850 74.3836 -92.1526 -74.5547 55.1400 13.1466 -8.4782 74.2241 81.7085 4.6797 84.2115 -61.8287 2
58.6951 -35.9628 91.9377 -41.6197 -90.2764 34.4152 -64.9851 47.9700 47.9182 -81.5199 89.0114 30.2671 76.1976 -96.5593 -12.4376 3
23.0968 33.5652 88.1425 67.3173 -75.7870 -5.3804 -72.2901 -4.3250 8.6089 -28.4215 95.6419 97.1479 89.8205 -88.0906 24.6800 4
-85.4771 -10.0480 -55.8047 23.6771 -74.4889 32.2895 -64.5692 -89.3682 33.7808 78.5947 77.9914 71.8686 28.7729 75.5504 -37.1933 2
94.8934 34.0326 -55.1304 83.8891 61.9207 -86.0412 -91.8988 -21.7050 -88.9622 -65.6895 -35.7893 -2.6623 -54.4283 21.1788 26.5556 9
-12.6879 -88.5415 -53.5083 -27.7274 -68.1714 -15.0630 -78.4736 -64.6363 15.1545 25.5417 -73.0964 -94.5183 -19.1277 -25.0463 -41.2716 9
-14.5472 84.0440 92.5107 -30.0992 -80.7167 -75.2290 36.5154 -15.5593 -44.8427 -72.7161 4.4257 -30.9507 63.7151 5.8398 35.9597 6
-57.7328 -32.9211 41.4665 -3.4149 -65.2621 0.8905 65.7778 -15.7891 -15.8729 -84.5682 -86.7854 2.7622 47.5057 -21.4812 22.6992 4
