10
100
-1.9526 -8.4583 28.0892 1.6595 -24.6541 25.8785 89.7248 14.9975 -46.6287 52.0757 8
-12.2504 64.8659 -21.9757 -16.4100 -43.4540 -64.1527 12.2604 39.2444 -74.4793 50.9591 10
-35.7689 -67.7763 37.7636 80.2846 -29.5527 65.2315 86.2377 -64.4551 43.1858 -20.8637 10
64.7737 -4.4333 -62.9545 3.2265 98.7408 59.3616 59.7374 -71.2047 61.0200 -29.5343 7
-93.5647 -41.1132 45.5965 71.9840 45.4377 -81.4376 -73.2534 -12.6431 41.7229 -69.2399 4
73.7111 -84.0407 30.4398 80.1110 -26.3727 52.3571 1.5165 -2.2904 90.5878 -48.0412 10
76.9819 -89.5043 37.1743 -47.5728 68.1497 19.2544 38.2763 -60.1750 90.8816 -85.9141 8
-9.4448 22.6651 -84.3519 -56.5500 -12.2897 -87.0465 -76.0985 79.5242 57.1563 -50.9069 3
-41.9423 67.5443 36.4098 -75.7237 -28.2652 94.3265 -29.1044 -81.2522 82.7695 70.7836 1
-2.9524 4.6135 -10.2654 10.0695 89.8854 -39.3871 -79.5176 17.4111 -75.1193 13.1959 8
-67.4908 -49.8290 -94.8932 30.6846 25.3058 -62.5024 -80.5140 57.2831 65.7539 35.1494 6
-42.4844 7.9020 40.1932 -18.0947 -71.8858 -76.0911 66.9158 -12.4457 -54.1304 -2.9423 10
-29.8881 25.8856 66.5111 66.0419 -67.5601 36.7629 69.1825 61.9183 -47.5998 2.4730 3
-50.8297 -86.8145 80.8133 -88.9728 64.2308 93.1115 -34.1298 -98.3889 -3.3820 -80.9685 2
62.8180 61.6069 40.3651 0.0023 31.5428 33.8089 -66.7649 -14.2566 52.9116 -78.8997 7
29.2667 -79.4299 90.7751 -12.5228 -1.9596 73.0064 1.0249 6.3173 57.8020 53.9740 6
92.9574 -75.7236 93.8138 16.8295 -62.5127 21.9879 52.7290 59.0815 -21.8911 49.4520 7
-88.0184 56.4476 -13.4203 -15.8010 9.4951 38.0439 -27.0494 89.9125 -56.3783 23.1553 7
-39.2123 -61.2158 98.2224 -8.4356 -15.7848 -97.2509 -82.3525 -18.3751 -46.9254 23.9649 10
-25.4591 40.1031 5.5594 86.5148 -47.3606 -73.6910 -43.5111 89.5712 30.9976 -46.9391 5
74.7889 51.8176 60.4690 -65.0807 9.1173 27.6184 -58.6253 -74.9006 -7.8439 -98.5356 4
56.2416 59.3500 61.9139 -6.5777 -73.9232 64.0409 29.5149 34.7643 13.0398 66.4206 8
-37.7785 61.2935 -74.1007 84.1054 57.4239 -11.1632 -42.7537 -37.5939 -25.3499 -92.2532 9
71.0327 74.5370 36.5759 97.3245 -21.8832 -37.7064 -10.5828 -66.6429 -68.6942 40.8742 2
-52.7048 -61.8397 -92.3546 74.1544 75.1443 71.4684 -97.3317 -9.0697 -4.2977 90.0072 3
7.8287 12.9488 -7.2317 78.3503 24.1095 -23.1031 -58.3511 75.3820 96.8206 66.3028 8
32.9369 35.4783 -77.1799 -86.8827 -48.5546 -89.9015 -19.6135 -50.1909 85.2574 -14.3711 9
21.9711 -16.2248 14.4788 40.6024 94.7949 -39.1062 27.2383 99.4157 -27.1369 44.8882 8
-98.0932 67.0751 -57.5409 18.3501 -36.7868 94.2487 -51.9626 36.3398 -25.5249 -32.2042 1
30.0616 -84.2247 -92.6273 -99.6165 -96.5254 -62.0658 -85.8781 -79.3814 87.4537 8.4814 7
-10.9102 -8.2024 19.9443 18.6169 50.1114 -8.3438 -90.1270 -38.8182 12.1548 83.7606 2
55.0547 38.1767 -25.8175 34.7126 29.9523 69.5606 27.2111 27.1099 76.6589 -16.3180 7
-82.5896 -18.2203 28.7019 88.8821 -32.7867 37.3526 15.4094 60.5273 54.6055 85.5520 8
56.4102 26.4332 57.4152 -2.9939 -20.7501 0.7467 34.6748 -69.4551 -60.5457 55.7327 3
-19.8381 88.5651 -94.9745 12.8518 -15.6768 -56.9187 78.6959 88.9950 46.2885 98.0731 1
-67.8931 35.1595 -18.0079 -69.2217 -97.1002 11.5939 17.6774 13.5362 -84.1242 9.6659 7
45.0493 27.9817 0.9597 16.1899 -37.3605 60.2797 -82.6831 -90.1063 7.3534 -96.2605 10
-26.1650 20.7470 -39.1787 -56.7061 -15.1098 87.2900 24.7579 -52.1353 -72.6980 -91.6279 3
-60.8576 -1.7244 29.7007 5.3741 31.0685 -35.4690 -93.1914 66.4599 -60.9865 61.1767 5
-76.6029 48.3641 -71.3171 -27.6217 -9.9465 -62.6399 -86.4564 -73.9457 9.6818 -90.5925 10
-69.1803 34.8857 -42.0399 -20.9747 13.2381 -8.8324 75.1935 -89.9550 -61.9864 14.8974 6
-68.6976 -2.3796 -49.1927 33.7770 6.5391 -12.4713 -85.8873 72.3842 -83.7164 -48.2106 10
39.1959 -48.2283 -46.4993 -53.3283 -69.1549 -94.0956 50.1873 83.2609 -32.9204 -18.2493 5
-49.9882 60.2674 -76.2327 6.2344 -14.4773 28.1399 -89.1294 -76.1452 -28.6856 13.8952 4
72.7463 22.3396 -58.6148 7.7394 95.0322 18.7079 -87.4120 70.7480 -95.7190 1.8776 10
38.7015 -56.8661 70.5059 -13.0878 13.9183 -48.7882 9.7946 4.0448 86.2572 -16.9380 1
-62.4220 -4.0808 7.9074 -90.2295 57.5727 41.8012 87.0282 -94.5134 75.0621 80.7723 8
19.6661 -41.5780 -59.4558 57.0242 81.0475 86.1514 -86.8678 -90.8403 -14.0420 6.1888 9
71.5713 -37.2415 -43.7684 75.5321 -83.4043 -1.0929 23.9836 94.3364 -52.9176 93.9905 1
-40.3082 -65.7892 27.8843 93.4509 -98.9792 66.2193 64.8997 -9.7658 -57.2013 34.6034 2
-70.4503 -89.6490 -69.6066 45.2294 -80.6299 19.9540 -98.0390 56.3496 -59.9091 72.6580 2
29.2651 78.2668 -64.5805 -71.3253 93.2265 -97.5182 12.7963 -44.6950 -64.0253 24.7776 8
-84.1215 -75.6076 -77.9390 1.4031 78.7541 -70.1221 -54.6909 16.3472 30.4053 -91.7400 9
-12.9776 36.9918 -72.8302 -73.0491 -35.1874 -14.5906 -25.6964 -38.9311 60.9691 63.5214 7
49.6451 -7.3666 -78.3654 35.3752 68.9228 15.9704 -59.1140 -60.8289 36.8709 -78.2200 5
58.5037 53.9370 -50.1489 -94.3066 53.8137 3.1106 -72.0841 -73.3468 78.7213 -41.1908 1
-94.7590 -9.6949 25.3026 34.3739 -12.0533 48.6742 -12.9250 78.5004 42.1642 68.0418 5
51.6046 -25.6961 28.9236 19.3370 12.4918 -36.7963 84.0717 -67.3744 95.3636 98.0799 1
-95.1079 -6.9739 48.1414 31.1870 43.2888 89.9784 78.8612 68.3362 -46.9372 30.6100 8
59.1678 58.0445 -32.7862 46.7185 42.2396 -88.7322 -2.4363 -98.0034 57.2850 33.4062 6
24.9382 74.2571 -15.9389 -12.3743 48.1840 69.9319 43.3279 -7.1005 -89.6707 99.3304 10
23.4001 77.8049 -40.1446 -19.7266 -86.3466 24.8511 -66.8038 -70.5805 -97.4784 67.5853 9
-38.5501 28.1648 11.9203 24.5951 -33.8557 48.4338 15.4234 -53.7209 -31.8013 27.7112 4
-50.9124 -15.1931 46.5246 -96.6609 16.1438 82.2679 16.6342 -6.4160 59.9884 -38.5075 2
52.6288 94.1437 98.4309 64.0589 -77.6392 -1.6073 -10.2556 -9.4243 81.4421 80.5074 4
70.8087 -10.0486 -73.4826 28.2206 31.3606 -97.6259 44.6388 60.1666 0.1726 15.9145 9
-64.2909 82.6970 -22.5309 66.2882 42.1618 37.0834 -33.1774 -73.3438 83.6432 -94.9978 4
30.7932 53.2464 87.1609 18.5245 7.5197 -29.9968 0.4530 16.2550 -69.9698 73.8987 2
-61.8381 12.5010 23.5218 -62.7416 -64.6870 60.4266 -12.6446 43.4462 78.9648 -11.2362 5
40.9593 -69.0540 63.4133 -28.2516 50.5069 -85.0903 -14.7332 -66.6301 37.7828 -36.9040 3
75.8573 30.6565 -87.6067 -13.7789 -30.7791 -48.0352 -60.4189 79.9170 -28.8222 42.9621 1
60.9332 -92.7768 -66.2390 17.0731 75.5684 -21.8325 -86.0623 -64.0129 -65.2859 -50.0894 10
-72.9780 91.9002 -14.4658 74.1736 -33.8069 29.7940 -41.3206 68.0783 59.1117 95.9485 2
10.2783 -62.4210 12.9017 71.4707 51.5416 -10.7343 -85.6022 -27.6444 34.6485 58.4609 5
-5.9781 -2.2701 34.8906 -45.0975 -62.0427 12.9586 97.6391 43.9349 -75.0817 75.6034 3
77.9550 59.1750 -77.2297 -48.5536 96.7411 46.0062 -96.8287 -95.7294 93.2306 -98.0429 3
-90.3168 -1.4056 -31.4045 43.4042 -52.6952 -79.3113 -82.2999 57.2024 26.0045 61.6464 5
-5.5667 88.3910 -60.5696 -65.9314 60.2066 -23.0717 23.7804 85.4492 75.6050 -94.5564 3
-35.8001 -48.3264 43.7778 57.7660 32.6400 38.8299 -71.1984 34.0451 -70.7197 -76.5777 7
-23.7941 -74.3789 82.0140 -16.2576 -61.6668 18.0972 -38.3817 -40.0674 -91.4651 -60.8243 7
86.7927 18.9634 18.4800 -22.6302 -93.5054 -24.2489 98.9051 81.7782 54.1819 -79.4307 8
54.1000 35.0310 -75.2207 2.6238 31.6362 67.4151 -26.7176 78.0346 -33.8569 -70.8616 2
-91.9939 -43.6847 -27.2377 6.2042 16.0623 20.9744 4.7883 61.0445 43.8366 43.5271 5
3.2179 -98.2988 1.2550 62.4084 -67.5805 58.1738 -73.8250 89.2343 -36.1793 69.6343 10
78.1192 71.4347 63.2448 -68.0694 65.2366 -39.3754 49.3169 3.1812 34.8847 98.5492 10
4.2290 -40.7311 -69.5819 -16.3080 23.8968 8.9057 -7.9719 16.9689 16.1810 -46.8434 4
8.5069 85.7863 26.5019 60.2688 11.1577 -51.0676 -58.5695 -80.1153 73.5692 2.3501 4
-98.8994 50.9687 -96.1382 20.2334 10.5191 -67.5595 -4.9701 51.9319 -55.9382 6.8057 9
23.1317 5.7965 61.8989 54.2208 50.9942 78.8840 -69.8435 30.3848 -41.0521 -13.4383 1
2.3509 34.2478 -41.2082 44.9081 1.2751 -39.2804 30.1508 -24.6353 -65.3791 95.6258 6
60.2170 -48.9638 82.1537 -65.9816 53.0571 -44.8909 -78.4662 -81.5778 84.9741 80.1345 5
81.5471 71.4411 43.5822 -81.3587 -48.3870 79.3732 81.5587 6.7045 22.9415 -32.2060 4
93.6590 -63.6597 28.4726 -52.8637 -47.1065 98.8311 65.0657 -62.8865 89.2867 87.0695 10
-5.2865 77.9734 37.3285 46.0655 -97.4900 29.1351 -48.8209 37.4258 39.7724 70.0641 4
-88.8843 89.3576 -87.0298 -64.1449 34.7996 80.3104 -27.5747 -81.1155 -0.8641 31.0683 3
-11.3160 32.2582 -56.2556 27.4692 34.2782 -60.2550 -32.7195 63.5041 -0.6414 -66.2703 7
36.2363 -0.5193 60.1393 9.1269 55.3620 -16.4362 31.4445 56.3780 82.4615 -70.8815 8
30.6370 -92.2007 13.2102 54.0989 -71.1351 22.4460 10.4751 -30.5757 -27.2811 62.9524 8
11.7359 14.1060 60.6823 2.8258 92.7226 -4.0628 -36.7865 -4.8750 44.8955 -65.5481 5
-7.7898 14.8178 57.0808 30.7663 70.6752 -47.9067 -77.2742 -52.9204 -87.4266 80.7198 10
