5
500
26481.8352 2078.6737 -6643.0273 -6467.6124 -8858.1276 18
20044.8164 15049.4584 28760.4569 9939.6677 -2153.8382 26
16198.9651 4907.6191 9795.3437 -6509.1209 -30657.1804 10
38769.1989 -6345.7034 13963.8918 -18215.2249 -8045.0497 36
34648.5699 -3152.5891 38793.2936 8682.7260 23802.1708 30
41780.5192 6442.0501 -17373.0085 2805.0049 -2856.6852 42
33207.1544 -4690.9592 24684.0689 -11409.5233 -12114.4283 27
-33138.6255 15748.6212 -1522.7388 27767.7690 23795.1506 20
27467.2335 -7632.0420 8197.8786 -17490.9809 -2978.4000 9
28217.7824 9737.8882 -11052.1755 -3563.6405 -4682.9665 14
24589.5739 -110.1687 -18497.6703 -2480.5164 -8404.3616 30
21156.5353 12313.2006 8658.2818 -4150.2011 -43807.3186 3
46078.5267 -11027.4137 43499.9866 7442.5772 23800.4450 18
39765.6543 -7108.7839 39574.8196 1681.0497 27498.1910 38
19688.3840 15311.4433 35471.8215 17269.2024 13253.7663 4
26215.1424 1272.9724 15526.8245 -15510.3674 -12982.7618 28
23888.5156 12986.9702 10323.1162 -14724.8468 -42997.3897 32
13631.5486 20277.2242 28624.9635 6379.6034 -6957.2713 11
21280.7849 -2706.4487 5322.4738 -10496.9139 -36924.8256 11
-30585.5837 11644.3166 -9743.3240 -5180.2732 -18421.4412 17
-28513.0011 17838.5068 -6100.8685 -5285.0102 -21252.7446 17
38268.0474 8318.3517 -14194.6397 7693.2155 1549.1353 28
18737.5727 9436.7450 7899.4918 -9778.5164 -34280.2141 7
28586.9209 3117.5522 -13778.8453 -6452.1060 -7278.8001 12
-36921.8219 21237.9128 -1066.9216 -6373.0024 -31824.8135 47
23613.5705 -11935.2351 15710.1454 -12984.7708 -10501.3860 15
32171.1217 -10220.6111 17654.7591 -7228.6951 -6298.5596 40
-32532.8306 25309.7766 9227.7687 -10594.5616 -25062.4655 5
43526.9184 -3001.2719 38865.6324 6226.1398 25369.9495 12
34792.8093 4163.2121 -7139.3567 -788.0256 -701.7935 20
22903.6472 4974.6002 1363.4761 -24274.7075 -40776.8879 25
34045.0737 -20179.6836 28255.0681 5698.7994 18183.7618 19
29332.2483 9973.8836 -13937.8438 1352.9508 -8412.7076 46
24769.9429 27895.0854 37475.4878 11029.1287 4018.9429 32
23361.6891 10682.7232 9252.8457 -30486.6247 -40236.8613 44
26741.7719 12266.9693 -7319.0589 -5949.3460 -8590.7690 17
35187.1639 29878.1667 -16775.2282 4734.5415 -5586.1897 37
30761.1144 5336.7455 -20243.6444 -7517.6301 -14097.8028 47
-34438.9718 7977.8769 -5470.5211 -4462.4697 -24448.7711 37
26684.1348 9072.1035 4400.5596 -11632.3599 -39777.7498 5
25130.8032 24772.6914 30125.0089 2955.5652 -3.4973 43
18300.5231 -7709.3201 14615.0353 -5818.4283 -10579.2526 5
35165.2698 -6207.9171 33468.2900 -4324.1901 24297.8538 6
24007.9628 -15392.2778 19902.1959 -3882.1348 -7019.2807 36
-36433.6678 17575.7824 -3202.8460 -7193.1687 -24722.1796 46
24196.4276 604.2786 -8885.6184 -12124.2554 -4870.3153 14
44924.4016 -4993.5939 32848.5584 5059.6243 31685.6543 36
32901.5509 -4386.1708 18929.5022 -13623.4214 -6339.3633 42
21688.1144 -409.3236 17470.2776 -16824.3575 -13151.5426 24
33860.6628 -10691.6586 25145.6133 6540.4369 34968.6965 35
29019.0489 10948.6961 -16615.2711 12007.8687 -8338.7599 43
27717.0288 6703.2893 15189.2180 -8674.3437 -50172.4574 11
23039.0434 2507.7372 6513.2754 -8962.7017 -38877.2550 38
45791.1208 -14863.2463 44158.5371 18237.8471 19493.4445 21
-33980.6905 21582.0499 6818.3437 -1079.4576 -24064.5047 16
-43625.5584 26603.7532 -1802.5604 29878.4075 12663.8306 48
38778.4574 -273.8888 21312.1139 -11325.2482 3087.3251 18
23052.7991 11293.5802 5956.2369 -10269.8550 -32953.9066 45
17347.6416 22953.8671 17644.9069 5733.4593 -72.5248 37
23148.8888 -478.9110 20882.7173 -8153.7176 683.8431 36
40997.3548 3413.1765 -14099.6025 -5252.3262 -8518.8350 34
-26647.3455 19889.3698 -5212.2598 -7694.5486 -30716.4418 42
14443.5377 23644.0801 28271.6521 6332.8105 20620.4871 8
21179.0391 -7139.1854 11282.5889 -14845.2489 -2703.8097 49
-39583.8418 19394.8918 2640.6257 38998.4005 26331.2852 29
28240.6167 9880.5193 -8015.7237 -2680.5416 -16473.7197 17
-38770.9240 18410.4910 -3381.2183 23970.0897 24136.1425 7
28113.2316 -11092.6562 35780.7654 3575.1401 33540.4944 14
18633.6418 -6603.7636 8107.9100 -12760.3488 -6586.9543 38
29978.9513 -18041.7852 21115.3182 -10130.2752 -6075.6704 15
-29791.9751 15610.2139 5347.9899 -9168.6591 -18360.2104 1
-25007.9506 16872.2772 3970.0217 25082.5651 15402.9774 41
21230.5469 7847.5651 17199.7930 -15304.4918 -27053.8051 49
31181.0609 -3839.1727 9143.3593 -18200.5718 -9201.5565 39
-30721.1943 17525.5147 2372.2120 -12790.6190 -26344.9558 16
-28435.0020 17195.4273 -4367.8269 28279.0914 12974.8597 24
26362.8441 -5960.4522 12981.9682 -15279.9381 -6130.9011 4
39440.5110 12876.5148 -14898.8773 2859.4316 -5205.9907 43
16177.5886 29245.0701 31762.2173 4024.4432 -6400.2294 13
30132.2909 4218.4909 -21261.0933 -9761.3936 -8383.3914 39
-27163.0858 18654.9276 3316.9507 -8856.1052 -29733.9880 21
36414.1970 -16382.6156 37385.0268 5029.2052 21728.0111 1
23170.1026 -13285.8332 14120.7705 -11199.4217 -3984.2797 3
18393.0483 8688.3317 -1038.9662 -16681.6198 -44825.9944 45
-33351.4248 10816.7752 -600.6955 -9199.5682 -31982.2698 46
15930.3794 15893.6258 30161.7911 9720.7691 4983.4143 43
-29021.2727 23762.6095 -4401.4663 -4375.9931 -25151.5737 11
22739.1547 24700.5609 24001.2797 9070.5154 6378.6722 44
20290.6405 22364.4513 25870.2608 10251.2511 -1727.4437 43
32698.1413 2789.3945 -22182.4456 -3419.5791 -14134.8569 35
46678.1938 25063.1024 -7427.5067 -401.2311 1145.3320 24
27741.4593 -5199.7628 15375.8348 -13417.7915 -15261.0522 47
29016.3188 -869.9929 10628.4492 -12994.5760 -45675.0594 7
15979.3446 26269.2607 31545.9143 9034.9763 1821.6729 44
27447.0357 -8243.7627 8401.3771 -16693.0272 -8558.8714 22
44455.1495 3131.1787 -14821.3107 3857.5156 -7861.7099 44
32551.8444 6726.1740 -16247.0474 -7990.5513 -4315.8696 37
-23808.7748 24161.0293 6706.4181 -7579.2248 -28977.5618 23
21471.6278 -7664.8077 12252.4324 -15677.3569 2335.8098 18
32789.7262 749.1154 -7041.5175 -438.3687 -1943.8476 36
-34119.1032 12889.9729 2180.0100 -9649.0073 -30383.5828 2
45115.1307 -10792.5040 41333.3401 13050.4491 23480.0443 42
23835.1131 6570.3975 -4725.4229 -15782.7511 -44829.0144 32
-42097.6819 18133.0552 -1715.2649 32513.2020 14582.3284 24
28009.3648 8673.8822 -18203.9490 -1136.8370 -14451.3932 1
30771.1030 9117.4604 9305.9667 -6335.3291 -27070.8773 23
17635.7870 25333.1999 31549.5863 3421.5527 7686.6960 4
31666.0134 7623.4020 -20558.8778 -12437.5230 -13613.7564 16
20780.7228 4738.5333 5624.7859 -6085.9084 -36698.4634 24
26345.2290 -8744.3353 14472.4777 -12147.5687 -10306.4452 26
34998.7116 -10233.4515 31660.0659 5852.1492 22188.2023 16
24633.7196 -11200.0108 14464.7688 -8115.3169 -12978.2441 38
-41575.4172 17032.8662 -9037.0121 27067.6284 11315.9895 31
33166.4358 -10349.4140 38594.6595 6693.4317 16306.3463 46
22056.6066 12035.5724 9086.2505 -5327.4257 -32798.7655 7
37888.7609 12794.1780 -14911.6655 6099.7854 -6795.7682 21
28731.2689 25361.7037 23598.8180 9535.9799 -1192.1368 39
-26953.7815 11716.5941 -2618.5105 -4825.7300 -17305.3033 24
24154.6464 2868.0094 4926.6052 -17964.8511 -31962.5976 41
18461.4789 13602.2365 34333.0488 8347.0171 731.2541 5
21857.8125 13199.0036 27448.2141 7172.0688 9847.3945 26
-46330.8048 13880.5757 3254.0162 -3023.9433 -31332.7888 13
-40149.2832 22380.4906 4697.9287 -6507.6315 -19785.5050 7
-36539.2572 9239.8563 4199.3110 26323.2143 22369.4185 13
30564.2358 -4121.4472 -19710.9074 -2476.4582 -10748.1711 41
28282.2945 3916.8586 -20845.1527 -6602.7943 -2715.8599 12
28315.8763 -13263.2001 35668.4700 10482.0727 13805.0969 25
40134.6860 -3023.4583 -16446.7321 4443.7484 -3619.8371 37
31379.3744 -5971.4361 8001.9198 -10614.4794 -5604.1891 20
-38325.4798 13163.6787 -7320.6220 30193.8528 21464.6263 35
20054.7312 7710.0449 7923.1854 -1386.7717 -37113.6669 19
-38099.4895 19358.8949 10920.9117 -8804.9981 -23541.7127 34
25882.4633 -562.5201 23220.5867 -5675.1540 -16381.6959 21
33563.3599 -1630.3696 12614.3559 -8840.2671 -6133.9581 15
20910.4697 2223.2196 4827.5608 -14394.8999 -29538.1107 43
33995.5995 8563.1595 -14902.5138 -4956.8293 -4623.2268 7
39966.6388 -15287.9203 15220.7951 -12465.0437 -1646.7080 40
21675.9621 7792.2887 628.7594 -17196.1597 -30753.1717 4
23637.3384 -4000.3010 18488.6974 -4733.5514 -1579.7785 39
31786.6155 -19962.0770 31424.8106 3922.6183 36992.7466 26
17021.0438 32756.3324 28739.7993 727.6085 5724.0502 9
-36676.1477 23508.1523 3319.8508 -2713.0847 -22612.1017 25
-26918.8039 21122.3777 3838.3795 -3325.6858 -22218.7153 30
-31776.2801 4727.7950 -8267.6374 30400.2282 15971.6113 47
-33032.5697 22935.1347 -10289.1600 -4520.4340 -17281.7925 30
40256.6526 -13418.1874 31925.8644 -2667.1749 20393.0175 17
20299.7624 5851.1198 12671.0941 -14686.9685 -31148.2348 11
13850.6131 18335.3519 25739.1706 10921.1276 2275.6035 11
21074.6587 9068.1163 6329.3973 -3853.4145 -36860.3237 2
-35191.0012 10975.7139 -5794.6941 21436.4965 22213.4269 36
25317.9529 3108.6629 -17059.4482 -6167.7458 -14781.9920 26
-38942.0582 10291.8309 3052.9734 28483.0214 30790.2602 30
-35216.3153 19199.4143 8575.9841 -2765.6042 -28829.8225 43
-31959.7107 10331.2611 3741.4097 29618.3119 14206.5021 24
47389.0727 -8724.7691 42496.6524 1847.8083 21772.8036 13
-40944.1886 15188.5879 7626.8541 34982.1762 21195.5567 23
37662.2354 1239.3234 -17880.8221 -4547.6663 -2278.9166 48
27850.0819 9319.5512 -17503.5204 6515.1339 -1161.7835 28
18392.8023 3052.6019 5186.7501 -2703.9559 -41580.4781 48
22652.3148 17347.2303 29618.5804 9488.7026 8761.0455 24
16564.1863 -15892.0446 21282.4597 -6440.0045 -5800.3495 5
33330.1596 -7517.1014 35317.7756 50.1246 26920.8496 13
-39726.9078 22120.4243 -5530.1312 -2119.6329 -26449.1067 28
-29050.7325 24354.5355 -5161.8590 -3354.5506 -27182.3060 7
22998.3621 -14616.3715 5793.5486 -8568.7575 -19767.4048 32
-39186.2537 18890.9845 -4118.4328 21091.4496 23592.2674 25
39325.3458 -10000.8863 27773.8267 8818.9132 14209.0914 6
34434.4932 4291.2692 -9421.9163 -6033.5677 -4070.0249 46
25025.6739 4069.3649 -14979.7886 -9477.0355 -4462.8443 13
22390.9816 -11133.4125 22396.4331 -8921.5849 1910.6593 28
-45486.0878 17226.6692 49.0964 37069.6329 5581.0002 26
14578.8739 12424.3196 10633.4066 -16480.7029 -32329.4283 13
28494.3095 21345.6931 22807.5402 14279.6810 4516.3316 31
-37344.6453 23454.2860 4528.4592 -1367.6566 -23387.5657 26
25231.0073 19421.0588 31875.5024 15864.1609 4223.9289 14
19903.8680 12497.2837 27493.1608 10551.7591 -7271.4102 6
26990.2995 -6856.8859 18215.6669 -14849.6189 -12906.7189 17
21629.5378 3477.6774 -19649.6250 -8061.5366 -8239.7525 39
26007.9142 3828.3165 3050.4986 -7721.8920 -33952.4455 1
15659.1393 11520.3553 861.9279 -11540.7357 -30184.5500 23
32466.7369 -9874.2680 21330.2154 -19482.6889 -2908.6356 34
22278.6160 2346.4526 -8984.9766 -9876.0368 -11099.2583 39
-25030.3231 22098.6483 -3216.5968 497.2156 -20944.8887 9
29378.0547 -11675.6920 43976.3865 5920.6534 23584.5393 1
21700.1706 -2944.0337 10472.8349 -12046.1463 -11225.7823 44
24806.5285 -6394.6194 -18144.0985 -4541.1573 -17342.3038 30
42655.4899 8977.0354 -7490.7226 10004.9378 -5456.0808 46
29610.6494 -12232.4280 27970.3454 8180.1642 25159.2101 24
-37220.2665 19868.6622 969.5056 27943.5998 16350.5774 22
-39441.8383 20448.8214 -3518.0343 31255.2330 24258.6855 39
23266.6293 6472.0073 11076.5706 -5780.8481 -30320.6148 13
-32459.2282 22952.5557 -10478.7410 29748.0511 19617.0989 11
15047.0884 21212.1188 27729.1772 16309.1658 7106.1111 19
-25024.7723 27915.1282 4368.2977 24694.5287 18930.2491 1
-39585.7088 20679.1972 729.0529 23682.0317 15466.6902 45
-33532.8325 24420.9950 1270.6063 27800.3437 10981.1745 18
36122.3405 8990.7950 -12368.8842 -2079.3189 -10553.6272 9
33484.7596 19336.6582 -5083.3140 1903.1269 2983.0584 26
25275.4615 -2963.0012 -14866.7778 -12214.0891 -4408.9318 12
17820.6425 8663.0310 7567.1812 -12550.1812 -40100.2643 19
31844.3692 20070.9191 -20232.3420 11526.4173 -8940.3128 47
-30020.8106 24463.2566 261.0890 -11115.0811 -27065.4790 14
-35484.4786 16878.2429 3544.5430 -5454.0524 -22263.2337 48
-27624.9009 14475.6163 -5320.4657 -16175.1298 -18368.3233 17
-34608.6002 21632.8679 -1405.2968 25235.0956 22370.0768 5
-35478.7085 18298.8788 -11831.8837 38012.0589 15843.7801 19
21762.8222 7894.9836 7468.2937 -14877.3472 -36539.8278 32
38198.6091 4368.1163 -7324.1976 4580.0042 -2963.8841 24
29278.7508 13801.5088 -19076.1880 9103.6949 -2895.2294 49
41590.7224 8134.2016 -11882.6028 7678.5535 5979.2215 45
-35089.3378 28757.9075 593.2951 -15081.5012 -24765.9089 10
29625.0973 1843.5393 -13694.7563 -7658.7558 -5971.4554 4
-37354.2322 26983.7244 9076.5097 -9743.0777 -20616.4830 29
31225.6357 -7181.0836 32395.7427 13797.4523 33285.2708 30
24200.6279 -4194.2129 -9534.9406 -6970.4989 -13579.7642 16
35788.0565 -10017.1882 4810.6270 -9170.5831 -787.0730 18
-30882.2867 23169.7596 -4846.9607 25491.4144 18168.4815 28
22342.0793 20968.7693 31608.9991 8678.5153 7141.7089 6
41791.1665 9406.1432 -10575.0265 6500.0525 -6770.4999 15
-37297.8219 2547.0619 3175.6412 -4429.2108 -29658.3133 13
30693.6145 -10248.5755 38748.0007 -1177.4340 22633.6556 45
33003.0409 9240.6130 -9505.4743 9144.2658 2333.8777 23
46605.6404 -7588.2599 31183.1996 14015.9969 27007.7328 39
32511.6201 934.0449 -9393.5702 -1903.6243 -615.0192 44
-42988.2322 7328.8691 3653.1681 29169.6313 20257.7475 34
-35815.9577 15214.4031 -9105.5970 -13267.2746 -29456.3836 30
-34274.0366 10984.9209 -2429.8048 -9002.9894 -35845.4767 46
15753.6760 23457.3119 33736.6337 6457.5030 6962.3273 19
32113.5923 -17171.7328 35666.0377 13167.5258 24628.2108 26
34295.5220 -9400.5756 36774.3870 8397.7669 17330.6773 14
38146.6852 -12112.5525 42187.3560 -194.1856 20047.4355 45
-48168.5522 16463.7059 -3463.5888 39281.9834 21386.6658 14
10364.8217 5990.9082 1339.8268 -10886.0521 -27422.9221 24
13714.6268 22506.5512 21010.0943 6734.9222 14391.8074 18
21458.3838 13332.2694 13891.1356 -16694.6403 -35440.9385 11
-20618.4291 16599.7564 -4033.5437 7381.6978 -23282.9644 38
35622.5538 -15676.9822 48006.0642 8223.3140 19383.7482 31
31369.8863 -7540.8207 19167.8572 -17088.5952 -10580.5291 35
40163.5910 1414.2898 32170.0842 -407.0066 28280.8752 34
25132.8616 -10269.0537 16162.7134 -11277.8302 -8447.8146 32
37279.3999 16456.1435 -14821.3848 1176.2812 -686.3625 15
37794.1994 15224.4996 -12177.5793 -3068.8060 856.2934 21
24829.8816 21994.1992 25317.5169 6782.1721 6090.4480 46
17313.2480 -10256.0475 21180.1504 -19829.3303 -14210.8098 20
-37919.8982 14845.7571 -5604.0359 23281.6938 18788.1302 20
-27136.2584 18848.9372 4843.6502 -6501.7005 -27514.1089 5
35614.7551 -17319.9657 41839.8004 6965.8274 25193.5156 28
31965.5392 9077.4738 -10554.5794 -8596.4391 -654.9155 14
46725.3332 -6640.0016 34395.2452 9219.4927 27705.0461 4
-28503.7610 13711.8702 -12399.7707 -1562.9865 -20045.9449 10
17899.1724 11739.1162 8058.7546 -17294.1018 -37403.4096 44
-38442.8980 10842.5156 3974.2056 29054.4769 18887.7325 43
29177.2981 6361.6514 11528.9155 -15562.2085 -34982.0195 43
20084.8028 20623.6493 28216.4009 9585.2637 -929.1883 33
32675.0285 -5910.1737 19921.8165 -5339.6631 -12519.6177 40
41825.4729 -10567.7757 33883.2404 1150.7026 26561.6714 8
25619.0023 18619.8636 29015.0617 5075.6336 -1617.7303 15
34666.3728 -5213.2650 31556.1396 8293.6404 20025.3534 17
36817.0326 13961.7089 -21198.0148 4788.1232 -4068.3486 3
-36716.6163 20423.1726 -6631.2889 -4611.9553 -23812.4426 43
29784.9151 23102.8362 36762.9892 2028.9552 5394.6324 34
37496.3332 -16935.9972 34192.3260 4304.1990 24140.2806 7
21760.5226 -1964.1685 -21687.9494 -13071.5316 -14461.4879 41
29852.8120 1779.2966 -18046.9143 -522.3233 -7393.2074 1
16871.2823 4677.1334 9381.3189 -10763.4731 -40976.4525 26
-39503.5417 12919.3720 -5736.0764 24637.9257 16072.7486 40
25937.9858 -966.3176 32447.4550 15034.3098 22907.4512 31
36548.0233 -1822.7636 20182.1017 -4364.8396 -11229.3503 9
44655.6958 -6121.0315 37788.4606 9829.5438 17301.9358 9
27861.3319 -4468.4542 -15966.8511 -4800.0430 -911.2397 23
-39089.5131 19273.4397 4699.2423 -7994.4917 -28345.1762 49
23533.3886 -441.7463 -8822.4962 -16229.3705 -8549.0454 41
28318.2579 4427.7076 -14854.5547 -9970.1725 -2961.4662 7
-33022.5173 23746.0955 1953.5831 22114.8155 9934.2667 15
-41052.6495 12867.5588 -5064.0151 24107.2505 8579.6625 10
17214.1310 8401.4366 11970.0303 -19709.2524 -39755.9136 47
18621.7528 20738.6909 25941.8415 10770.0996 10823.3870 2
45052.5335 10410.4183 -19101.6267 1022.9254 -5267.0629 6
-29265.9590 25212.0594 -6777.5144 23472.7479 21079.3764 8
-38624.8281 6983.1323 574.9262 28863.0989 17416.0809 11
18810.0130 8216.3036 9322.3134 -17269.8079 -41552.8705 35
30526.0858 10513.7812 -13011.8919 5225.8404 -9374.3665 8
40952.1715 -7498.5803 22573.1984 5667.5972 22039.0957 22
37068.3475 17436.4618 -10832.8929 3978.2688 -6364.9135 17
-37172.0284 15990.5479 -2509.0691 -1024.7134 -26480.3801 19
-25779.0346 12801.5846 -3702.2896 26658.3983 16307.4107 29
30915.9404 26704.3277 29363.0309 5970.2704 -4018.8483 11
12979.4496 20120.7491 25745.6478 4104.5453 1784.9541 37
-35138.7267 15172.7752 -11026.3940 -4305.0102 -23987.1253 21
27757.9173 -9654.5988 10443.7669 -18792.8413 -120.9382 40
32849.3592 -12827.5793 41096.3699 1714.1411 26131.8135 22
29916.4336 21962.2548 22036.1735 5676.5829 11995.9331 46
32981.8673 10660.6488 -15786.5888 7117.0572 8748.5032 37
-33409.7403 12639.5247 -8581.8107 25792.2346 13586.0404 40
22370.3619 15964.6195 -16260.1243 5115.9478 -7417.4092 19
34677.0866 2806.9564 -15773.1249 -17028.2183 -8744.0969 6
38522.5662 5416.2615 -13140.5414 -13141.8102 -6166.5132 18
27976.8595 2586.9397 -9980.5995 -6759.0287 -12590.6898 26
-38614.0985 19373.1739 -1798.6746 27510.5331 17423.1887 15
21505.3295 377.5487 9902.4408 -26516.1718 -36916.7199 21
-22993.8517 20031.6980 -6645.3824 -6623.8389 -19434.1715 16
23441.0226 4426.6961 9230.7085 -9682.0788 -39907.7627 8
32559.3175 -2562.2521 -23916.3845 -5894.6353 -4721.3464 30
30454.2364 16635.7286 -17024.9315 2889.1034 -7307.4165 45
28504.9586 4917.9254 -17692.9711 -11428.2218 -11857.9170 44
33788.4970 8877.5557 -12389.6517 6063.2220 -5998.1896 6
28036.6380 6135.9631 5639.6028 -12488.1564 -30273.1535 49
-31978.5551 21696.8384 6378.7803 19351.6173 21857.8868 37
38979.6795 6136.1212 -3708.2539 -5378.5731 -5786.9057 32
34900.7911 7448.3585 -18801.7367 -1311.6195 968.6541 17
22430.1681 19934.4664 31527.9896 13033.4504 9734.5593 13
26877.7020 27416.0241 35520.0303 645.2190 -2216.5897 23
17602.8254 15411.9031 7954.8077 -5559.7194 -33843.5561 32
29103.9190 6219.5948 -20598.1607 -4537.4629 -7680.3114 21
34719.0478 -10816.5004 19603.7372 -15193.3627 -14077.2280 22
43817.6510 -13404.0365 37261.4316 9901.3858 27584.7795 29
28482.6702 4607.1929 232.7591 -10680.0741 -33854.6980 27
41450.1740 22103.5692 -9530.9585 4712.6986 -5109.9760 35
-40691.0413 22215.7775 -490.4338 18845.0024 11794.8159 23
-27817.1087 21998.8315 82.8049 22109.3449 23168.7651 1
25352.4787 -12722.8112 25638.7571 -6131.9523 -8635.4772 23
24081.1694 534.6995 -17362.6973 -14133.0052 -14071.5323 42
35130.2753 -6997.3887 35255.0637 7309.6156 29387.6771 36
31944.6375 -4237.1097 18881.2022 -12817.6142 -5668.7973 49
27520.3211 18936.7761 -21608.8216 5892.4901 5632.4871 16
16549.9020 7467.5859 8528.1192 -6770.0428 -40628.3407 18
25309.0568 1396.7685 13388.5979 -12834.4968 -29446.8477 14
-37075.2242 25679.9477 -3978.7895 -3478.9943 -25369.3466 20
33278.6903 11258.9172 -15010.0201 15274.0848 -2345.9374 20
22614.5886 3784.2508 -19168.1743 -5574.5350 -13447.5810 22
19659.1958 6251.3447 -14506.9696 -13687.9638 -12903.4632 35
-32543.8047 22632.2453 848.1255 -1296.0021 -32623.9204 17
29236.1176 17782.3389 -24359.1804 4239.3544 -294.8022 45
36906.5441 -17844.3090 35057.7941 107.3238 22259.6097 41
34385.7843 15836.2752 -19258.8795 8237.1996 -10350.5020 39
37413.0250 -13665.6911 6219.8958 -13195.2826 -7266.5272 4
-36593.7072 7156.1073 4926.0290 24057.3507 13934.4086 28
-41442.9894 20129.0421 1553.6388 -6504.4242 -14733.3933 41
25174.7730 26980.7626 30946.8911 10262.7958 -2619.7447 21
-34300.0571 19039.5313 -2612.3701 27590.7899 21563.2085 6
-43940.3276 11067.4819 -5608.1299 25863.3387 9175.2784 16
35369.5067 -48.7169 -4202.9201 -3464.2142 -6550.8014 7
37413.4729 -9969.3729 37235.6354 8428.3602 23756.4952 10
29245.3841 -9147.0102 8267.6330 -5591.2025 -7097.4121 23
31192.7068 21615.6153 -11481.6297 2513.7441 -3494.0363 30
33368.2702 8549.2643 -7281.2741 -1613.8481 -305.0722 7
-24456.8341 23676.1608 -4489.0997 -6011.7714 -35190.8983 45
10470.7281 15414.3886 30560.0212 12411.3971 4944.8708 30
-39124.0254 18409.5374 -979.0693 22006.4206 13600.9806 47
23541.1810 -9367.7054 19583.6878 -14972.0689 -10579.4162 13
37154.0513 17578.6039 -3452.9950 12831.9647 -4033.2848 26
31253.5366 -9846.1289 9381.1279 -12624.3910 1152.4349 11
21968.2937 966.3489 -6676.1310 -9707.0036 -40978.5939 22
18154.8538 22945.0926 23377.0214 16565.4483 2241.1228 13
32996.1853 -7706.1916 33313.4557 8835.5967 31021.3412 41
19179.8971 -524.7044 1296.1300 -18000.7741 -48292.3963 38
35616.8355 19165.1045 -13971.3320 5067.0878 -5275.0395 19
-36000.6011 21600.9162 2483.5285 -5549.5233 -28236.3328 11
-29788.3470 18215.0553 -12371.6589 -2951.2641 -32974.8027 49
20971.4739 6300.2537 2576.0603 -11837.6094 -36217.3976 34
-38250.1058 31671.5017 -2828.0186 -4037.2842 -28141.6873 11
18249.6105 14181.1894 10674.3206 -19086.2145 -36542.8441 40
36844.0288 10977.7631 -16983.9977 4639.8902 -559.4172 37
29099.3245 -12031.5619 18423.8142 -11038.6666 -3749.6302 32
-33659.0629 24624.1803 -522.5089 -11960.5950 -20529.5435 18
19390.6118 14174.4818 -799.2476 -13129.9787 -42909.8917 2
36955.1506 -15168.5380 16682.5992 -7147.8281 -7578.9035 1
19223.6865 7159.8152 10007.5804 -8418.6866 -38304.0025 2
27093.8140 9287.2072 -13030.0477 -16183.3054 -12904.6670 38
28346.5030 1404.8366 -20228.6547 -7240.1500 -2154.7059 38
22009.4457 8281.5914 9705.6049 -16363.8076 -32736.6851 44
42208.7997 -5897.1282 39625.8520 7660.1609 31690.3625 7
26990.9643 1708.0488 -11219.3401 -10650.3386 -8450.6433 8
-29266.2007 18120.8660 6063.5160 -9517.2074 -19025.5223 4
27672.8945 7361.6989 -12581.7364 -1638.1196 -7919.5499 35
-35225.5596 17016.9683 9251.6202 30813.2804 17097.0709 35
38503.4198 5274.1556 -9033.7858 -994.3638 -5557.6384 39
25396.0155 -4391.7374 14520.8531 -16501.5036 -809.1219 41
42953.3212 -6903.9240 25818.4249 6567.8795 27482.4639 43
-40323.8053 12745.7587 2346.0310 25370.3596 21171.6573 46
-36884.1984 16121.7524 -2249.3514 31685.4600 17604.4975 9
-32676.5042 22476.1667 626.1101 29466.4288 17241.4035 25
-35747.1540 10377.3832 2883.9948 26619.6017 16732.2429 49
-28985.6019 10157.7786 -5905.0601 73.1062 -26222.8694 8
25042.5199 -2625.0067 15321.2061 -18140.3533 -2925.3842 6
27352.3425 -1707.0575 18520.6243 -5547.8310 -7050.7681 6
13615.1510 29067.5370 37767.1976 2676.2782 4295.9406 17
27794.0763 -3886.2208 -6580.4460 -4894.0269 -13996.5623 19
39256.0090 10911.4555 -26182.9703 -140.4087 292.8339 12
-35522.0444 18889.8166 -8037.9881 24783.9464 14051.1564 25
43707.7039 -10421.2229 40752.3591 9505.2854 25050.5801 45
31618.5170 -2487.6771 42945.0822 4075.8293 24208.8879 3
36193.8333 7363.2655 -11925.4056 8738.4545 -5130.4536 8
-31957.2213 10032.8627 -2587.4479 27325.3100 23271.5628 49
18646.1225 23346.8625 27018.4839 8553.0120 2932.3697 25
17102.4725 1484.3335 15763.5514 -20391.7131 -23842.4353 39
27050.0366 17875.6736 34783.6716 6989.9780 -1971.3347 39
37019.8312 -2357.4747 25898.5726 11277.8733 23689.1290 47
40811.2242 -12411.4550 23051.3111 -5690.7073 33460.1084 11
32635.4667 6168.0203 -16378.9023 -8119.3745 -2380.6667 36
-41960.2565 24115.6455 -2341.6289 29427.9494 20285.9456 32
-32878.9502 15029.6982 1114.7015 22055.3252 17914.7074 9
34595.9165 11406.0213 -12576.0596 -2652.1722 -6334.5337 7
22491.1147 19348.3672 27820.7570 11591.8615 392.8569 9
25427.3654 27309.4243 26331.0651 14906.8268 12685.3387 12
-27425.7250 17285.1167 -4334.6605 31341.9884 14604.9599 34
46175.3125 -18079.6839 28275.5699 9825.2836 27219.8717 6
36373.6134 -16367.0959 20903.8462 -1363.0778 -3721.6566 16
38613.8224 7692.0878 -14344.5700 -19445.3861 -4393.7494 41
28367.3972 2202.4691 5380.9621 -12189.9240 -44199.4361 33
28886.7350 10976.1530 -5667.0180 -9104.1968 -3568.2423 10
-38740.7659 21499.0106 -1201.9278 19088.4716 25448.4424 43
-29811.4591 17801.5763 -414.5827 -15932.2380 -29951.7150 7
24794.5091 -10396.3289 16961.3825 -13263.0024 -4088.4665 2
22046.0914 9055.5258 -5217.3871 -6850.4220 -39422.6557 38
49738.4381 10209.9957 -20419.9952 1295.4730 -3100.9072 5
24739.3829 7571.3912 -5837.1251 -12828.1528 -12459.8551 14
40986.1990 -11313.3923 32368.1820 8742.0887 27777.2661 26
35671.4097 -9486.4380 40835.8114 16866.3853 24729.9848 14
-38802.7533 13355.2203 -5425.9057 21785.6427 14850.2952 4
20811.4336 5893.5342 5868.0033 -14252.1514 -39659.3028 46
33629.4970 8296.1488 -22082.4316 -7320.4950 -10096.5932 25
-30037.2933 5312.3793 976.7954 27891.8946 16749.6247 22
37733.5024 -14518.0961 11325.1238 -8069.3090 -13301.3251 7
33807.8838 47.2042 14185.6020 -2001.5376 765.6607 5
28631.0931 -10454.0021 15835.3640 -18400.7692 -6189.0478 36
-38709.3689 21829.5795 -2321.2139 -9612.8424 -21954.7961 17
26830.8775 5151.0292 14841.2467 -15897.7658 -29899.7523 2
18797.1827 16680.3383 28507.0430 9479.3507 3836.7632 17
36739.6826 -8885.8816 29635.4181 157.7417 19365.3981 39
36705.0943 9645.0568 -12406.6645 5446.2193 3440.8942 14
35271.1441 20203.7929 -14979.2202 2591.5921 1044.8151 3
29761.7049 9496.3458 -18486.7693 -2085.9423 -6326.0246 39
24041.1125 15890.9656 28940.0759 6288.7605 5889.6911 39
19319.6812 20348.6960 39634.3287 2891.7154 5719.8875 35
21353.0402 24597.5893 35626.8729 8223.5767 5485.5102 10
38156.3717 -11114.3229 32987.2341 5141.0962 22210.3008 12
24277.1946 3004.9118 -18165.5918 -2229.9505 -2692.9040 22
36689.6061 17178.5867 -27457.4707 4483.5836 2505.9499 42
40940.3854 14457.9568 -17960.8150 3098.0941 -6728.3248 11
22416.7468 13298.3341 5259.0070 -18330.0470 -36253.9170 17
32715.3987 -9943.6515 20790.2858 -3884.9882 -9920.7264 48
-29874.5622 19995.9030 -553.5084 -8337.8281 -26717.6532 41
25050.8568 26688.2461 34550.9549 5001.5201 16674.4174 42
37626.1596 -9862.5840 34923.6411 8125.8820 26829.8452 5
17741.6254 30679.3900 31137.1899 16577.8974 7617.0031 10
25554.8056 -5323.2901 16616.0257 -10471.1421 -3379.4753 24
30063.8572 6589.8392 -22518.1063 7513.3965 -3921.0330 2
37301.1317 -15860.3887 31645.4735 -3320.9040 28191.9234 10
39467.3835 -15932.1800 32163.0970 2618.1016 21391.5757 14
36141.6492 14333.8106 -6757.7877 171.9794 -5138.7413 48
-32433.7209 15298.7901 -5846.6687 -12114.4295 -23536.6026 49
-40314.4371 16677.7769 -13749.6060 29782.2476 21646.2307 38
21541.5588 19649.3266 37430.1882 6691.8560 5357.6308 19
28873.1394 3147.9332 -21148.4716 -9665.2683 -11871.8767 40
11580.6969 23282.1690 31508.4558 15873.0927 1322.3398 45
-33070.3501 11524.5545 4101.1368 18191.3493 18144.2037 43
23135.0112 8150.4797 -14210.3616 -4393.1079 -13345.1637 25
22308.0964 20512.5198 34784.8949 11562.4143 5403.8405 39
35156.4970 15532.4235 -13506.3078 6217.8399 -6461.4474 27
37450.4977 -8467.5264 33945.5963 4281.1563 22211.7979 43
-33765.9613 10527.6645 -3834.1072 29808.2073 14811.0271 9
22544.1311 9692.9932 5936.8165 -10511.1643 -32113.7060 46
24796.7923 -6892.7508 11777.0158 -2064.7236 -6277.7756 44
-35740.3061 19953.0393 -11659.0948 -12038.3677 -22591.5456 47
13123.6593 -659.4791 14544.8208 -14007.6595 -34058.4471 27
15740.9327 21084.8769 31968.9960 775.5307 1293.9872 19
-30303.2877 19937.5451 8254.2821 25026.7124 27290.2519 49
40121.1929 -6112.3499 39728.6026 7390.9819 25169.1854 47
35895.0191 7414.7018 -16550.4244 -9980.7552 -1873.3736 23
5493.5274 21027.3359 32569.6999 6183.9619 12603.3224 12
24379.9403 -6604.8475 13685.4177 1327.8707 -10079.2492 6
15747.9925 5343.2449 16835.9386 -15385.1392 -39947.8252 17
8768.6049 22795.5577 32387.2453 4723.1489 4122.8429 36
37912.1913 13468.4873 -15707.7260 4531.7379 -2006.6379 21
40528.6876 18619.8623 -17519.4780 -249.3443 -4868.4110 5
22343.1585 4299.1777 3352.4507 -22551.9698 -38180.1781 7
40946.5554 -6009.3616 39174.7609 13718.0573 23633.6186 18
31802.8858 7272.2045 -12866.9895 -11130.7173 -6700.9968 33
20667.7342 -15687.0909 14698.5744 -4393.7023 -9837.4656 6
27628.9814 20083.5563 30251.8322 5529.9386 3932.0152 30
17025.7955 20855.8604 39736.9982 3301.5680 -1595.0161 3
32888.3624 20112.9358 28196.8350 8934.2269 11035.9618 33
21062.4821 25580.5103 35740.8463 12851.4446 3485.4204 23
-31658.7255 17199.2248 4347.0332 -13403.8694 -22481.1410 21
-39287.5892 16826.5847 1330.0928 -6401.7119 -29367.2281 44
34197.6632 -4302.0374 39405.2137 11728.4701 20762.4184 42
-42201.0747 18955.2351 -7596.2287 29483.4696 14538.9629 12
-31122.6790 20145.4453 3124.0011 -6416.4299 -22283.3513 47
20343.4778 17947.6593 36220.3232 3296.7720 -7266.8533 15
23801.5262 13931.3664 -16499.0368 4862.7524 -8779.9468 15
33571.5893 16048.8031 -12745.4121 5886.6149 -4127.7267 17
-29924.1418 15157.9488 514.2225 -16857.6938 -32439.9971 17
42787.4063 7219.4698 -17699.3748 1779.0176 -10285.4828 27
30190.2579 -17961.1196 35015.3030 4818.8272 17549.1097 23
33433.9236 7020.7345 -15009.3424 -17788.9631 -7353.6813 1
32780.4321 6318.4897 -12825.2771 1500.8511 -3273.5077 38
39940.8079 6584.7267 -26702.0306 210.3641 -8309.4088 23
19830.2382 19885.0841 33806.6792 2423.3927 805.8977 6
31653.8105 11380.9157 -10155.5393 -3622.4171 -2326.7751 42
