2
50
-41.9052 14.5566 5
78.2066 -92.3084 1
83.5353 63.3807 1
-55.7058 69.2561 4
19.7465 -74.5859 10
-73.8952 85.9986 3
-22.8508 14.6686 5
84.3860 45.1963 6
25.4789 -16.6488 3
16.6444 13.8951 3
42.5955 20.9250 9
-75.1931 -89.4552 8
12.7192 -32.1881 9
-6.9602 -48.9154 3
59.1155 -0.3112 5
72.2669 -68.8340 4
91.2015 -13.1985 4
-80.2850 -13.0446 9
-36.9248 67.1249 1
97.7986 6.4441 8
82.4594 -50.8345 8
-50.4577 -94.2937 2
-45.2397 45.2253 10
-26.6932 57.5081 1
62.2070 -43.6934 2
68.5436 17.7697 7
0.9861 60.2317 8
18.6300 -63.5879 10
-95.8125 11.3970 8
-26.1268 66.2687 9
69.7537 88.8499 8
-62.4987 70.2867 9
-96.4762 -71.7490 4
-96.4362 -50.8074 3
-0.9322 42.8340 7
-78.9716 65.4074 4
59.0254 -49.6292 6
-44.4546 -93.0811 6
40.6730 2.4085 6
49.2292 -60.2907 5
-86.8747 82.9041 5
10.7768 23.4928 2
82.9927 3.4624 9
-84.2927 5.5878 8
-45.3302 -66.7954 10
-73.8700 4.3859 5
41.6192 39.9873 6
64.7869 -23.0503 5
-43.2312 -25.8313 6
-5.3951 15.1784 1
