10
100
98.8692 63.1425 -62.2830 67.5966 79.2314 -64.1358 -29.5398 -70.7960 34.7751 22.9679 8
51.4652 -59.7482 69.6768 -62.3467 -15.0698 -59.1646 -35.4751 59.2858 -90.5150 74.9869 4
-67.1299 25.8521 13.1850 43.8688 83.7862 -88.3926 -13.5193 -46.6253 -49.5894 -55.3900 3
-77.8377 67.3531 9.7458 -72.1688 54.7099 -83.0281 -40.2254 -0.7864 59.3771 79.5735 3
-80.5226 -78.8641 -93.8716 -61.8580 -78.2617 -39.3742 46.4193 3.5963 26.2963 -30.6640 1
-61.3763 34.6082 -58.0515 53.2778 64.0681 -53.9588 28.2023 16.3138 -68.9668 15.6173 3
26.2310 -99.9133 -47.8169 -95.5213 -45.4297 -5.9914 31.7803 -60.1203 62.8768 43.4738 10
70.6629 -12.5214 78.0249 87.4776 60.5646 -96.7880 -2.9096 39.1348 -20.6411 65.1466 3
-2.6884 70.7968 -83.0170 -73.0342 61.4109 15.7295 -22.5719 -70.1176 68.5591 -20.5981 5
-86.5428 5.8165 -57.8175 55.8948 84.9231 20.1762 45.7346 44.9086 58.0774 39.6235 2
-33.9632 26.8999 39.8931 67.3035 -68.5851 61.7083 80.4003 76.6343 -19.3325 -49.0162 4
36.3977 79.8422 -86.6585 -8.7938 -13.5728 -32.0760 -93.2345 25.6420 81.2294 -61.9219 8
-49.5294 20.9625 86.3528 57.1447 -47.3951 -20.5827 -26.1790 -81.8407 48.6261 -48.6079 2
43.9953 -92.5781 15.2529 5.8936 72.8542 58.8901 79.1607 -22.9417 0.4139 98.9566 3
-75.8351 75.4232 -57.8721 -90.7960 81.1939 1.3952 2.4559 65.4500 -14.2601 -46.7857 2
-1.7166 32.0676 43.8379 -79.8407 32.8925 83.5332 -79.6187 -18.0561 3.0847 -36.2522 10
43.5893 73.1431 -73.0780 91.8335 79.3669 42.0039 -56.7482 -83.1979 38.5858 -10.1330 10
82.5321 -97.7619 -0.3934 -72.7389 35.0770 1.7351 55.0785 -58.0136 -71.9442 -40.6601 6
83.8894 -1.6258 -87.7077 25.7284 -92.3992 -58.4200 -20.4252 5.4340 74.1409 28.3949 3
-5.8547 -88.2886 77.7488 -22.9704 83.3228 -51.0439 50.9764 -17.6796 92.4156 2.6267 5
-64.4238 -99.3376 11.6569 5.8865 52.4195 0.3223 62.7174 -40.8131 19.9221 42.6861 10
21.0339 -6.5073 37.0569 75.5141 -21.9285 84.9786 -63.5715 22.6137 33.2396 -98.3708 10
-81.1894 48.2119 43.5590 -65.5831 40.9025 -94.5276 77.3160 35.0326 46.1931 40.8298 3
-44.3765 90.8684 41.5052 -32.4706 31.6192 73.1429 30.3138 -83.9723 -8.4026 53.8990 8
91.2711 -35.5296 29.8469 -31.7510 4.3907 65.2794 12.6829 13.8450 70.1651 39.1715 5
29.4174 38.2143 83.1402 31.8257 35.6405 -50.5670 98.6805 31.2678 -90.7947 -21.3712 1
-42.7502 -68.5609 -72.9277 -91.7641 -15.3992 17.1649 34.0108 87.4332 -68.5660 11.3507 6
18.4723 -50.2314 16.1125 -33.3672 -23.2000 86.7926 51.0223 17.4307 21.3851 20.3767 3
-39.8609 -4.1470 29.7339 39.4524 81.9819 37.3078 26.2218 0.2204 -67.5215 29.1115 5
-44.5469 55.0136 -64.3817 -64.4647 -75.9748 38.0384 90.7628 13.6497 30.4654 10.8384 7
-85.4739 -60.6559 -41.3017 47.2469 6.7716 55.8525 31.7951 97.6457 -15.4015 43.1005 4
-47.0369 7.0449 -59.4560 38.5582 33.8755 33.6079 -36.7684 5.3593 84.3294 -97.3308 2
-31.1380 -47.7135 -1.9730 -84.9714 5.7393 -68.7007 -82.7307 88.7150 13.7688 -89.4681 7
-15.6020 71.1079 -2.8060 -15.9602 -20.5182 -56.3708 -83.5302 38.7091 7.5502 5.2337 3
80.3713 -22.3068 -4.7301 8.9875 -49.3314 70.5291 88.3728 -85.3566 -53.6285 27.3645 2
-95.4791 -80.4368 -0.0279 61.3154 30.9000 30.9305 -26.0700 34.8393 58.0138 78.0034 9
-6.9523 20.5053 -79.1705 -58.0758 -4.6173 -17.2839 93.9585 -99.2367 -19.8842 10.8874 6
92.1879 70.5947 -90.2384 56.9975 85.6218 -66.9689 72.0584 53.9565 -29.3835 -0.7229 6
-86.9005 -68.5688 -4.0720 59.0615 -64.7129 -49.2174 2.0458 98.4520 77.0081 33.3864 1
-22.0402 -24.0704 38.5675 -41.6154 -0.5109 80.9299 87.6949 -21.7696 83.4938 -65.2841 6
14.0713 41.2891 40.1116 -6.1370 -10.7908 49.8988 -40.2012 -3.8050 -91.8510 39.6696 1
-85.9455 -84.7732 90.6423 27.2928 -10.3948 -29.1449 -41.0058 -35.5133 -83.0354 29.4456 1
33.1528 -18.5005 -0.0281 91.1137 16.7561 36.9809 -50.2711 4.3581 -11.3575 47.5584 7
-92.6518 37.0624 -6.8124 18.6441 50.8806 16.5817 44.8169 52.1078 -8.0997 -67.0354 2
-54.1702 -90.4663 -77.3432 78.2490 -41.7598 -8.0375 80.3371 -21.5565 34.4757 -44.1299 1
-57.9862 -7.0356 55.4737 49.1315 14.3428 -62.2961 -98.4226 -51.6032 51.0717 -86.3042 10
6.8221 71.4412 68.4331 -64.2600 73.7593 96.8788 -16.7194 -1.7229 6.0361 -13.5284 5
-91.4576 -4.6343 57.6461 -39.4076 99.9223 70.5902 -0.1988 46.4003 -33.6180 60.0356 7
-92.6474 53.1212 16.9583 27.0774 -61.2976 4.5839 12.0460 -53.0295 96.3167 26.2015 2
29.7968 -42.6303 33.5539 60.5547 98.3272 96.6475 -64.3863 -33.2747 -66.3936 30.7464 2
74.1294 -49.7827 19.1551 57.1549 55.0609 -59.9919 -37.9207 27.1851 -94.6163 -3.3352 1
0.7260 33.4741 94.4897 -49.4021 -68.9664 -86.7678 46.9499 73.8055 23.3284 -5.1175 6
-52.0772 83.8904 24.3038 80.8287 40.2421 61.3998 -28.7425 42.5061 47.4409 90.8221 6
57.2779 45.2237 11.2002 -55.9258 66.5127 -2.5586 56.1207 -73.9750 70.2318 -83.0076 3
30.5232 73.6103 -76.6979 95.5739 -70.2279 95.2011 89.9982 48.4374 -41.3406 -2.1458 6
29.7771 7.4344 -70.0992 -21.0708 -73.7433 74.4919 -42.3759 -57.6717 -70.0221 -45.5306 5
-13.2141 84.9664 -71.2555 84.1410 94.3395 -10.7367 29.3609 52.4485 -23.5803 77.2129 9
-87.7975 -95.6617 57.6706 43.4987 -50.4199 92.3316 -60.6544 -31.1518 -26.4887 62.4682 3
98.4915 -36.3308 43.9310 -10.0137 -40.1122 -22.0989 -82.0836 -85.5643 98.5846 19.3793 9
33.1966 -39.9974 -58.9770 -22.0591 39.9706 59.8256 -92.6767 65.3210 18.9167 41.9033 6
-53.0910 79.2456 -40.8548 2.9522 -21.9381 -64.6545 28.0033 -34.4974 -26.6612 -32.3636 4
29.1106 98.8567 -66.1676 20.6557 -8.1874 -92.3183 -8.5704 44.2624 -45.2054 -30.6399 3
48.9135 53.4333 68.0061 -33.8712 26.1902 57.1602 98.9305 -5.1380 66.8158 23.4468 9
88.5142 -57.4757 -92.9925 -46.7031 15.9384 -55.9146 71.1110 11.2180 51.2842 -95.6902 5
5.6142 -90.2114 -29.8867 -30.9867 -50.9325 -70.4516 1.2728 -88.1229 99.2704 -46.2277 6
42.0172 -20.6505 92.3790 -69.0783 82.4543 55.1710 -43.1436 -45.9279 -63.6849 35.4428 7
-7.0918 -49.1818 62.1934 -99.5973 26.0738 -33.5824 86.3500 39.4380 48.3085 75.4956 5
-63.3900 -97.4324 35.2600 96.9590 88.0616 -77.0888 -50.9918 -22.0620 -96.5424 -52.2130 1
74.0334 77.3482 2.9302 -2.0148 68.5877 59.8774 -39.5685 98.7832 96.0197 64.1048 8
-49.5248 69.7341 -73.6970 -84.2536 82.1814 -23.9210 -65.6396 -24.8433 -61.1863 -73.4871 7
-96.9413 35.4106 63.4070 21.9845 -89.9020 6.1114 55.5495 93.5072 31.0153 63.7963 2
-76.1316 -36.8093 -46.7487 21.7957 -99.9935 50.3192 83.5907 8.2426 -95.1226 46.3361 9
-23.4932 30.0094 90.8861 -94.3870 -82.1709 -59.0687 -62.0366 69.3328 44.4920 34.5605 9
81.0027 16.0446 65.9855 47.9580 57.5245 -84.6405 -69.7697 -86.2616 36.3098 -90.4650 4
-32.4686 45.2803 -73.9428 -74.5019 -95.1056 36.0469 73.0270 -36.3069 88.6146 -19.6248 10
-72.0731 2.4197 -75.0172 -35.9811 22.8344 -36.0198 84.8162 -86.4820 77.5135 -99.2226 10
20.3736 -30.0922 -64.2256 19.2822 -0.1640 -91.4521 -74.0915 -11.4990 -49.4661 -97.9277 9
34.0592 -18.2811 66.8280 -69.0930 99.4417 63.3738 80.3629 54.6061 -39.3647 23.6273 6
-11.9474 1.6542 -47.9312 67.8937 -49.7567 78.9304 -51.4969 -13.0455 -33.1036 89.8976 3
-61.9710 87.9183 -49.5316 80.2136 53.0368 -14.0023 -93.4615 -43.5383 -87.9993 11.2956 5
-21.1927 65.0088 16.3206 69.3949 15.0431 43.2081 -60.6794 -7.8937 96.6410 -56.9735 1
-36.7850 -77.6137 2.1786 40.5792 61.2702 87.5552 5.1779 -81.0304 38.4955 -35.6376 2
-59.3068 21.9802 79.6205 72.4065 18.4559 89.2831 45.4673 -39.1249 54.3383 -6.9286 5
17.8745 -65.0847 30.6460 4.1602 70.7816 -96.0380 -38.4946 -33.4426 59.6365 -1.8841 1
82.5873 -97.4852 -24.4862 -14.1684 64.0775 75.6833 -39.9587 -23.0807 -82.7922 -6.9407 6
53.2933 73.2780 38.5087 40.9820 -95.5044 42.9563 -3.3069 -59.5723 -46.7323 80.3521 2
-88.0816 -38.4356 98.8470 -60.8200 -7.6900 -39.9081 28.9076 -98.0083 5.8533 30.3777 3
-40.7512 9.5847 -37.5045 -94.2855 -78.0083 -55.3694 89.9729 38.2502 -39.1763 85.8108 6
94.4912 -76.4207 56.9038 -76.6301 -36.5953 -36.0712 -59.9185 86.8445 -80.2873 -33.7012 9
-86.6343 11.0009 -19.9007 28.2790 85.2168 -77.6803 -37.2975 -77.9269 -43.4470 37.5886 1
-30.7784 -7.0629 -21.3645 -0.9916 87.3530 66.4927 20.1686 -16.1595 -86.7421 -30.7365 8
3.2210 -38.1362 -89.8443 -26.8058 50.6924 23.7007 39.4518 -74.0257 -92.2064 -1.6466 2
-90.7228 31.0121 -91.6498 71.1471 -94.7212 66.4406 96.6183 73.8000 90.4564 21.4859 6
87.9137 51.9960 -55.4009 20.8423 26.5448 -74.9529 21.1369 10.7250 -63.5272 65.4365 8
67.0847 -75.1839 36.9992 88.5779 97.3700 69.0151 -17.5347 2.2926 34.3154 14.1331 3
63.2750 10.1753 38.9881 35.9002 -53.5472 20.8117 -47.4925 -86.7409 22.5588 79.9584 1
-51.6842 27.7090 -4.0074 11.6742 45.9825 93.9705 -79.4243 -6.1242 61.3887 96.9692 1
-40.2726 43.6353 -84.2666 -12.6026 54.4152 -6.5461 59.3700 80.5015 23.4211 -65.1405 4
-74.5906 36.4045 77.7991 -94.2611 -69.9942 -36.9153 -26.8753 -83.9022 53.1215 0.4363 6
15.2992 -88.8800 25.9893 3.9841 -89.3599 -9.8545 -38.6064 67.3591 88.6526 91.9081 2
