15
50
-73.3687 -66.0558 41.4091 29.3489 0.4371 79.1666 -97.9841 -50.0211 -24.8770 18.0118 95.8531 38.4533 -61.8604 -43.3391 5.4084 10
36.0443 -16.0373 93.7732 19.8377 24.8497 -10.0570 -34.0825 -41.3050 -86.3106 0.7045 -35.7602 -56.2743 77.1706 18.5703 -93.0818 9
20.6182 -47.4742 -46.7565 40.8419 -36.2798 -32.9804 47.3348 53.8576 -90.2082 -47.3511 -0.7584 -59.4353 99.9104 -44.6196 66.0812 7
73.6542 -64.3936 -75.1816 -33.0985 -17.6553 83.4295 -25.7178 69.1027 -55.9333 -21.1521 -81.5975 26.4715 11.0275 90.1649 50.9390 8
55.3986 -52.0380 -5.7109 98.1925 -25.2546 -78.9502 -21.5248 -91.9469 -86.2126 6.7633 -99.3052 69.2195 48.3992 -19.0878 -88.8717 3
-96.5458 -15.6101 -34.4181 79.3344 -80.6885 28.9896 -63.1164 45.6757 -21.2340 87.1604 60.4011 -54.3190 -13.7222 71.8418 40.2524 2
93.3427 -38.4885 87.0162 -47.3906 -28.0931 -56.9376 -41.6175 -30.4726 89.0814 -55.5775 73.8294 6.7579 -93.1301 54.7217 37.8235 5
-40.0358 16.5950 -89.3959 49.1083 51.8583 -71.6622 18.5085 -6.6489 -1.6966 -1.8095 82.5932 -95.2629 -80.7148 37.6273 46.4417 10
-94.1849 -83.2083 -14.6952 80.9158 -4.3168 -67.6505 -2.2194 42.7694 -57.2800 -39.2313 -73.0002 86.2507 -46.5847 -15.8907 -26.4614 9
-33.7775 -81.6816 92.4353 -46.4289 -18.4659 -12.0839 90.0183 -60.8725 20.4021 -65.8773 -80.1048 -23.0025 -9.9163 7.6261 -42.3884 4
32.5308 8.0213 -30.3886 -99.3350 57.6863 2.9861 -52.8898 -71.7983 53.5448 39.3954 -65.1914 13.0236 49.1222 -95.9625 -38.5584 8
-98.5611 -80.0659 90.4807 84.6371 66.4562 -38.2403 75.8178 -29.3428 -64.9545 3.6470 95.1895 -76.6402 -28.3454 -40.3867 54.8341 1
-49.0066 94.7475 32.4631 50.9418 71.2360 43.5093 -23.2460 -69.9171 31.4483 -10.9268 82.7263 -55.7036 48.4608 -88.3442 8.9327 7
7.1929 -22.7774 77.8244 84.9722 -81.3862 -62.1439 25.4278 91.6712 -91.3908 -53.4417 -88.0486 -58.2612 -21.6914 14.6896 43.0742 5
-55.8533 -26.3881 57.6608 39.5535 -54.4700 -83.6631 86.6057 -10.7814 77.6155 95.3873 -84.2477 72.1041 -92.4043 11.5964 1.5158 10
-2.9497 -19.2107 89.2487 94.0758 0.6355 85.0019 -96.0742 52.9621 58.9768 -31.1331 -19.1764 77.7578 7.0339 61.9589 46.5252 6
-7.5985 61.4865 66.4060 -42.0415 -36.3603 42.5112 69.6897 -18.5566 -28.0082 55.4528 25.3665 -2.9616 -66.7085 41.0281 46.4129 5
78.4436 46.7152 53.3736 -48.6549 71.7754 -90.2399 79.3855 -19.7863 -92.1034 -65.9191 75.7785 56.3149 51.7342 -55.3945 31.8109 7
3.0371 -67.6433 30.5908 -88.0116 -20.8990 66.5396 11.7186 39.1927 -2.5733 -78.4969 23.1001 -41.7259 74.8498 90.4225 37.5178 1
65.1904 18.3786 38.2936 75.3544 49.5847 -46.2473 24.4232 -69.8546 4.9349 -79.2864 75.5975 1.9740 89.5065 94.0440 33.0311 5
-33.5126 36.1782 76.7842 -48.2790 69.3210 -28.1516 7.5076 27.1290 69.9080 -18.7441 -23.5902 -83.6675 -80.4994 83.9310 -43.1548 8
-52.7544 -68.4279 15.3267 -89.3475 -9.6860 36.7109 -29.1999 58.6806 -52.6968 19.2403 -49.8694 -54.1458 -77.9940 -8.0914 44.1865 9
18.3086 -34.2024 76.7809 31.1018 -37.7212 -57.9145 -72.7800 70.0614 -14.0775 -65.6656 57.4434 -41.6859 -37.4768 16.6606 52.9010 6
-52.0254 72.7964 2.9358 -45.3033 -77.4374 20.6306 7.7764 -40.1556 66.9157 -27.4405 -85.5311 93.2449 68.8295 -5.7184 -45.5355 6
49.7753 2.6302 37.4271 99.4436 59.2379 10.8708 77.2156 52.0301 -85.4634 -82.9044 93.1419 -87.1291 -94.1322 -37.2096 -94.5295 7
-52.3908 -61.8450 -21.1634 94.3146 -29.1779 -73.7869 -33.9643 82.5899 -71.7880 46.5750 12.8692 -10.8309 -93.6182 -42.8931 71.0807 7
52.2233 13.1599 84.2057 -18.2644 31.0559 73.4617 -47.5375 -19.3071 -56.9011 -94.6118 -6.4357 -84.7564 50.1074 -21.1636 -34.1489 5
-42.6230 -93.9343 4.2549 95.9526 89.5669 28.1021 26.4778 -92.2597 57.6472 -16.8052 47.2170 -73.4397 -51.0070 21.7367 -59.5808 9
-4.1078 -38.2790 17.1810 -65.2528 85.8458 3.2834 63.2044 -45.4172 -95.2063 20.3064 49.7116 9.9374 13.2344 -96.9426 -54.3498 6
-94.5273 75.6110 -91.8291 -40.7235 98.6015 -33.7954 -72.9899 15.9944 19.5219 31.0258 -20.5738 89.4180 -21.6131 24.3490 -44.3401 3
-18.3155 90.9435 -94.0573 76.4986 -11.3798 86.1475 -6.0837 24.2135 -94.8449 -0.7452 27.0070 38.2164 5.7013 53.7153 33.5894 10
35.9217 2.2295 95.3397 -43.3907 74.1743 3.6344 -70.6109 43.7825 -95.4941 -26.2591 -94.8120 54.4257 -87.5449 66.5197 -34.8340 1
-39.7304 -45.6700 -66.2734 0.4983 38.4870 -1.0179 -86.2213 44.3052 -42.2466 16.3518 -93.6063 1.3157 -23.6838 13.2377 64.5169 6
-5.3130 -99.1822 -60.9066 43.9692 55.9780 55.7653 15.4600 35.8643 70.4023 38.4262 -34.2755 83.0476 -85.6747 30.1104 -56.8172 10
-39.6755 65.3935 -25.8511 84.4965 -89.8159 10.8305 17.7356 -81.5669 18.6868 -1.9935 64.1789 99.5108 75.5233 20.4808 20.1987 10
-62.8531 42.1671 52.4312 61.9984 -37.6029 -8.1179 3.7646 -24.0947 -4.7099 -64.9925 -12.8733 74.5925 85.6555 26.3200 67.8962 4
-61.2230 -11.3469 83.6264 35.5859 -84.7701 -73.0437 59.4181 -94.2235 -19.3857 31.6176 89.1774 64.5686 49.9335 -21.0210 -57.0744 6
10.0480 -33.5122 -81.6681 2.5955 76.5371 65.2221 -90.7800 -20.8629 93.6053 -74.7672 -10.2066 -50.0188 -74.1617 -74.8034 -46.1206 3
49.4917 -4.7444 -87.8871 -4.2831 -93.9429 -67.0111 55.7157 15.3666 -71.8469 -18.3622 -63.0272 -67.9066 -94.4413 -79.6036 7.5030 5
-47.8458 -49.7878 -34.3450 51.1581 9.3616 71.8474 52.5503 6.0710 5.2303 -96.6971 -12.7275 -28.9897 72.2837 74.8863 34.5482 9
26.9175 -1.2568 -49.2473 -10.8516 53.2146 -78.0314 -0.6131 -50.8176 70.7271 -15.1791 29.8120 -77.4184 -7.2073 83.6763 -69.4937 9
-63.9249 -0.6262 59.0779 51.5291 95.5906 -38.1593 93.3283 99.8840 -53.0004 43.8534 -97.2814 79.7558 -28.4395 -75.5468 39.6502 8
-71.0013 8.4044 20.2810 81.6518 63.8856 -30.8275 65.7383 -7.0376 -1.9338 -25.3962 75.1957 -30.9612 99.1936 13.9023 -74.6089 2
61.3037 31.2953 -98.3137 -76.0331 10.7930 19.6320 7.4490 54.8496 -10.4455 -21.1219 -83.5778 56.3770 81.7690 -21.8366 81.5324 1
22.6256 56.7847 -57.7942 43.4155 44.1486 -23.0759 -72.5477 91.3071 33.7382 -80.6104 -12.8241 -13.4684 -70.0272 52.2949 -48.2601 10
48.5490 -41.7145 9.7344 38.5248 40.9514 64.3725 -15.2304 96.9053 -42.3195 76.7136 -92.7151 72.0492 40.0224 -15.4624 58.6373 2
63.6881 -18.5935 -52.8489 79.8355 -63.5689 54.0797 83.4973 98.7023 43.1538 -26.5025 -78.6492 -26.2795 89.8598 -40.1939 69.5669 10
97.4043 85.9701 -80.5723 -98.9119 -82.7035 -99.1592 -25.6018 -62.9447 9.4169 -87.9980 -5.2782 -76.4706 97.6979 47.3975 -91.0387 3
90.0040 92.9839 -65.9980 -97.3590 42.0408 59.7978 -9.5358 -1.9219 -16.6425 79.6635 9.1577 26.7108 1.1897 56.1987 10.0636 4
-94.7541 5.3674 -76.2598 -46.9261 72.8926 47.0910 -23.2168 60.3560 23.5735 80.3393 -76.7392 -17.9378 26.8338 82.6454 -2.4944 5
