10
20
-99.4152 73.6542 53.5327 93.8602 10.2044 79.2963 -58.2324 -43.0812 34.8057 -79.4280 2
-85.8251 -24.3830 7.7797 -31.3514 93.8911 64.0757 25.5007 85.6900 -69.7401 84.1036 6
21.8475 6.4078 5.8201 -32.7099 53.9413 71.9753 -86.0263 30.0106 -24.6546 50.0145 3
-76.9283 -36.8635 -22.4456 30.8869 -12.6434 59.9663 37.2314 82.1094 -78.6808 52.7993 4
-64.4423 26.3445 -19.2393 -4.5451 14.4988 -32.1907 45.5857 -2.1661 77.3435 -21.0605 1
-8.5676 66.7508 44.4606 -36.4745 -52.6504 11.9764 28.3899 -97.2113 86.8815 2.2876 2
66.4292 10.3097 -62.4135 31.8749 -67.1029 -46.3597 40.0418 59.2141 37.9839 -38.4612 1
-44.6845 -73.1471 -31.2635 62.9757 67.7650 -36.3835 16.0798 63.3636 31.9198 48.5384 4
-24.2961 83.1828 93.5983 30.4722 -40.5503 -61.1630 67.5234 16.0262 -1.0451 6.8941 10
-54.2618 71.0302 34.6007 -65.5513 93.1707 12.6695 20.7496 51.6027 -47.6326 93.4565 2
-45.0531 45.7799 -67.9043 -22.2328 -97.8430 -52.9401 -99.8585 -59.6237 57.6673 -36.9825 3
-64.3011 -56.9472 47.6100 68.3566 11.6200 81.7954 -9.3402 -27.9178 -52.9763 98.7642 1
-12.7491 -7.8991 62.0347 -30.1199 68.7219 -77.2093 27.9991 16.8259 -27.3409 -45.2497 3
90.0914 99.7215 -23.9621 -6.0820 66.7035 -31.9274 -83.7929 97.3522 -92.5345 -69.6206 4
-41.8963 18.6282 74.4460 85.1861 98.1523 -21.0973 90.7129 -14.4719 28.0709 -59.0388 4
85.0594 -53.9444 80.6124 3.8668 -38.7567 13.9419 -22.8222 -98.6743 14.1039 47.6717 1
-13.7608 -94.0080 11.8948 51.6576 -25.3580 -26.0511 -92.0961 -33.0199 47.5242 -68.1145 3
24.7422 -35.7467 76.2504 -83.1348 0.6690 -99.1866 -28.2595 -33.8731 71.8726 -73.9954 3
54.7887 24.6161 54.5259 92.3894 99.0504 -12.0984 -69.6068 -91.6162 77.3912 39.4395 7
-51.3189 63.1719 89.9982 2.1721 77.3081 -38.7914 -78.4550 -70.4199 35.8156 62.7595 2
