30
50
77.6469 -10.9755 -54.3360 40.6946 -41.8347 -48.1887 -11.0214 -45.7856 -76.3772 77.0814 -41.3443 45.5908 50.8040 96.0646 -15.0760 -98.9287 -78.7999 -61.1456 28.2786 52.2779 11.5356 99.7260 39.4098 40.7304 -36.7267 -3.3260 84.4107 -54.9416 22.0584 69.7622 8
15.6549 25.3740 -46.2283 -48.2789 -91.7833 57.5374 -29.1427 70.0447 32.4453 40.9852 33.5948 32.4482 18.8122 -46.8464 -50.7358 61.8738 82.4122 -20.9298 -70.2795 -22.0854 87.5080 36.9332 -5.8655 39.8101 -71.6616 -59.9662 75.9175 -99.9618 -39.4207 -6.3866 2
85.6443 6.7758 78.6353 -60.8861 23.4900 -1.9550 -0.5912 9.9485 -77.5821 -75.3563 38.4822 90.8489 25.4608 27.7122 26.8376 -16.7989 85.9588 70.2329 -8.1105 -63.9380 -38.7571 50.3219 47.2392 -3.3454 -40.7596 -63.1598 -96.4600 81.1802 98.9239 -68.1027 5
60.4687 44.3364 37.9888 30.9979 82.5899 -97.9049 -89.3009 94.7414 -78.5140 -97.4746 81.5320 93.1702 -35.7557 63.4279 -27.8112 99.2423 96.3988 80.4890 -74.6004 65.0523 -82.1658 21.1833 74.5737 -58.9769 -6.7969 19.2173 18.3571 53.2833 88.3235 16.1796 7
43.5184 55.0796 8.4310 -44.7762 -25.4339 45.8595 -27.8242 49.8388 52.7516 48.1671 -95.7460 -92.5271 -77.5507 17.0339 0.7827 70.3491 11.3227 -56.3997 -94.8144 20.2982 33.3269 -78.6724 90.0918 -99.7618 -37.6438 -51.1209 95.9345 -22.2918 -26.4455 -8.4308 10
83.8210 25.4387 59.5246 -61.3100 11.2028 70.2208 68.1152 69.7485 63.2764 -70.7556 5.0603 35.7155 -59.3746 -28.1747 -90.3616 64.3425 11.4919 -71.6617 14.4731 23.8300 56.7870 -59.5157 38.9878 -80.3890 -39.2025 -60.3451 35.0076 21.3129 34.4966 57.7486 9
-82.1269 95.9831 88.9277 -51.2318 77.3399 -13.8031 -76.5547 -23.5681 -94.5559 -29.9692 18.5955 -12.2359 47.4385 92.9397 -99.1334 -41.2443 65.6894 -5.1405 98.0630 -98.4329 -89.3024 -4.7686 99.5240 -85.4151 -92.1500 -98.7207 -28.9285 79.6315 80.9510 -82.6560 4
18.1963 69.5444 -92.4387 66.4264 94.4527 -90.0581 39.6829 -72.9875 -87.5917 58.4209 42.3426 -83.2426 71.3096 63.0988 11.2984 -63.0347 -13.0464 68.3887 -96.1748 -85.9071 -66.2125 46.0818 -39.1333 48.4371 80.3498 13.7754 -86.3737 4.7266 -16.4627 -12.7861 5
-89.3152 -94.8364 52.1188 22.2929 69.5555 72.3422 58.9429 19.0580 -71.7184 -75.3399 -65.6680 -94.0632 71.1267 26.2032 -21.8248 -3.6108 -20.3734 36.3784 -66.0544 30.4197 67.5372 -17.7238 -25.3853 40.2301 -62.0630 -37.9789 64.8290 -20.1840 -48.9892 54.4725 7
71.9600 61.9339 93.8726 10.1086 -59.8173 61.5424 22.1011 -97.2208 -16.5489 -90.0282 15.4314 -95.2679 99.5947 -49.5441 -13.6583 -0.1448 80.5659 14.9045 -36.3809 -75.9572 61.0512 90.6455 20.4382 83.7623 -29.5204 -36.9473 -4.2967 -89.5848 -89.8972 18.8079 6
55.3476 32.0549 8.8976 -65.9548 28.6081 -59.0402 11.8041 91.9571 79.2761 70.6124 9.8035 -28.5007 -7.6514 -50.6210 51.3428 -25.0758 75.5287 24.4314 62.4613 -61.6883 -48.4496 -55.7704 -31.5680 90.3477 -93.1661 -59.7799 -71.1306 -67.7950 73.7851 87.8071 8
-3.7611 38.3335 49.5176 76.4752 31.5706 -22.3836 -5.9368 25.3810 -34.1634 -74.1734 -49.9793 1.2275 34.0173 12.8495 -98.5379 -35.8761 38.2093 13.2936 53.1903 -71.8645 0.0838 -89.7525 68.3067 -9.2578 -13.2097 -76.6921 -26.2859 29.7291 5.1862 29.8970 9
12.7311 99.3842 -27.0956 49.4956 -20.8428 44.4812 -56.8393 -1.2732 30.2371 95.7638 61.4763 -33.0818 46.9757 -11.0076 72.8030 -34.1693 -43.7158 -87.7045 76.0390 80.7166 67.7475 84.6261 34.9104 46.6710 -90.4996 -73.7834 23.4319 69.1165 32.2060 39.7889 1
6.8420 94.6223 79.6155 6.4992 26.7544 -21.2974 26.9029 -46.1050 70.2511 -64.6507 -3.7237 -71.7069 21.9390 15.5002 29.1755 -93.2560 22.7926 19.8160 6.7650 79.8747 -95.0725 54.2367 -33.6404 -98.1681 77.5501 87.8276 40.4154 87.2559 78.5496 48.9958 2
-56.9569 29.5977 2.4253 -67.5107 -31.7754 -38.8578 20.2996 80.4450 -45.6939 50.3184 -83.4591 -81.0344 -98.1459 -17.3130 -39.7493 -75.4816 -16.4594 93.9338 45.6856 86.3727 -38.3418 84.1826 36.1995 -64.5619 93.3515 41.5676 -49.9205 34.6673 -38.7470 -18.9077 3
78.2867 13.1679 46.5052 37.8788 -75.6416 -95.2848 -5.0709 65.8542 -7.7800 11.0579 -46.3121 -35.8884 -21.5356 -86.3926 -22.7332 -18.4851 15.2560 -21.4358 89.6285 9.0242 54.0013 -37.1576 81.4605 87.0261 7.6973 86.2267 -92.6387 -31.5685 -98.2701 -15.6572 7
-17.0385 -9.2142 70.0595 -88.4669 54.2444 -68.6396 21.5415 -69.1999 20.4963 28.4244 30.2056 53.3089 -86.1747 -32.8664 14.3957 55.8463 12.0631 -10.4788 -59.3954 27.0466 9.4615 -8.2194 73.2255 -51.6475 62.6949 -35.0346 44.6958 -21.4726 85.8111 -83.2226 1
-56.0190 -84.7950 12.1844 49.4625 -98.5716 -98.7222 -58.8591 92.1508 5.8170 97.5212 14.5811 93.8682 93.6987 30.7995 -80.2189 79.6127 96.5556 -58.5692 -35.1174 86.6234 69.3668 -58.0120 -86.5972 -59.1984 -89.9981 63.0243 75.5147 93.1868 55.5880 -6.8677 7
36.6435 -57.1047 -85.9779 -93.9577 -36.4563 -86.6070 13.8086 -89.6353 -25.5619 51.2909 -56.5570 -27.3839 92.6954 12.0933 -53.6822 61.0586 79.6231 32.6814 92.0652 74.7628 38.6882 51.9039 53.1335 -83.8722 -20.4882 23.0545 -17.8492 -42.5470 -20.9926 77.5947 8
80.0217 35.8709 -53.4683 -6.4944 -46.0313 70.9405 -72.0741 -97.9905 58.6088 -85.1611 58.8907 -92.7587 0.2073 -96.5754 -54.4227 3.7800 94.2587 19.2426 85.7862 1.8703 32.2695 -80.6464 -84.2399 -30.3255 -29.6318 -40.4597 -73.2927 -48.4521 30.5925 21.9463 8
-91.8249 -52.8916 53.6380 27.5562 -87.0064 -9.8137 -52.2708 -5.1175 4.1952 15.2411 -29.2257 -55.5659 87.2784 38.9264 7.6972 4.1246 1.9364 17.2665 -53.6996 68.2811 -69.7347 8.3883 55.1634 -68.1552 99.2145 -20.2955 -31.3477 -42.7904 -98.8635 -20.8406 2
-11.9185 30.4562 53.4522 99.6122 -53.3923 11.3572 66.3117 -11.2501 -93.1795 -31.2985 -59.5515 87.5492 -15.1459 -96.1256 -64.8603 59.8103 46.6953 91.2749 99.9077 86.9051 -25.8569 45.5258 93.7626 -8.0059 -66.9946 19.9107 -58.1604 73.4876 -79.7498 88.1447 9
-71.8346 34.3991 -74.1030 67.3041 85.4511 -34.1406 8.9900 -21.0690 -38.1348 88.2407 -94.1437 -85.2494 86.5213 6.3995 -99.5446 27.1520 -48.8665 -51.4909 -90.0439 -16.7073 -54.8458 -44.5483 -32.0355 -2.5515 80.9838 68.1209 95.1683 45.2631 71.4789 -16.7605 4
57.9881 -74.2036 -24.4711 18.5546 66.2044 -11.8110 20.2825 12.0900 -47.8495 39.0633 -53.0183 26.4632 62.5900 48.4646 -80.4347 -54.5964 76.0695 19.0041 19.4319 7.9495 -61.7074 28.4725 92.2114 -21.4597 -73.9447 9.9050 -98.4680 27.3156 91.4618 -54.4893 4
-90.9989 99.9672 -30.1440 6.3677 -61.9804 91.0843 -35.0620 -42.3024 -63.5014 30.7495 -12.3647 -78.7223 73.5294 -30.1880 -83.8653 -15.6291 -72.6105 13.2063 30.5478 -53.0449 24.3313 23.7895 80.4089 -1.0695 60.7481 11.2567 -64.5939 -43.0080 93.8259 98.4871 2
-26.1236 49.1726 95.8356 49.7602 72.9073 -16.3454 -88.2514 -66.5798 52.7971 -50.4132 -60.8064 -34.9720 78.1617 -22.3872 -53.8338 -4.2956 81.0148 -29.4873 97.3075 63.3286 -86.7990 -19.5335 -70.1650 -88.6493 53.5183 63.9161 33.6351 -24.1370 30.5843 97.4397 1
-15.4640 -22.7847 93.1994 -94.0358 64.6472 53.4414 -53.5232 -27.6536 -11.4970 6.3224 32.9506 -33.2998 34.8893 -83.4150 -88.8030 42.3376 -60.9457 79.1436 68.2037 -56.5236 80.7774 45.9776 -40.7138 -77.9214 13.8771 -78.3366 -44.4911 28.3429 -64.2761 -13.8941 10
82.2572 -6.5247 -12.9484 -73.1770 90.8547 -73.7252 9.7097 43.4363 46.1928 88.7196 19.0932 -68.7880 77.1681 -13.2149 -19.9801 -76.7557 -40.8301 11.7827 -60.4679 12.4859 91.9784 81.4640 61.5442 95.6770 -75.9879 72.6662 -47.1438 -46.6101 -73.2656 66.1038 4
-90.3546 67.0388 -91.4492 64.2048 -76.1610 12.1374 3.8172 90.4960 40.6023 12.3842 6.3657 80.2155 -40.6265 14.3680 -31.3897 -18.1447 41.9119 -23.2239 66.9629 -97.0557 -53.1244 -85.9053 0.0253 -10.8905 -17.4590 -69.5107 66.8817 79.2144 13.6348 30.5162 2
79.5817 35.4804 -26.3607 -24.4846 58.5280 -81.7602 7.5234 -40.7388 52.7622 -97.5550 77.0042 35.2610 -53.9649 22.3589 -84.2003 12.9618 87.4663 61.5276 -77.4315 -1.6024 -16.8736 95.0433 -39.5938 61.3614 63.9880 58.2979 83.7925 84.3333 -25.9066 25.0010 7
64.0060 -18.0909 -25.1375 -16.3742 77.8723 -66.0686 -97.1358 81.0015 -49.2108 19.0256 -77.3611 8.8772 9.2097 -9.0785 90.7478 40.5326 11.2261 -9.7548 -4.9950 -90.3096 -43.1179 -57.7304 -88.9871 -20.1919 -6.7666 44.1952 74.2337 -6.5155 -39.9623 -26.4328 6
82.5753 0.7317 12.0627 -81.6670 24.8862 -49.6555 -38.9909 -83.0004 12.1483 99.2510 -88.7101 77.1223 92.6837 90.6045 -79.4404 11.5665 -96.7677 -90.0071 -25.8540 -8.7599 50.5912 -73.1438 -16.6380 20.5731 -5.7541 38.6713 -66.4266 44.1617 -98.5586 33.2208 10
-37.3518 -77.8456 9.8004 -6.0042 97.8077 63.0229 44.8867 55.2513 8.7619 -8.0505 21.4256 -83.9065 25.5861 8.6868 32.8856 -66.8412 5.4615 86.8660 -86.2999 -79.0561 63.4456 -10.9057 -56.0186 41.3986 39.6622 0.6355 83.8268 -5.2591 9.9491 -76.9255 2
74.1072 -77.2950 49.4803 -24.0618 95.9078 -65.4719 56.2479 53.2243 -71.0446 -91.7548 -26.2655 14.7304 52.3479 21.5214 -36.4067 -94.8512 -34.3912 32.8849 78.0706 -49.9530 86.6056 -48.3050 88.8404 43.5047 -53.2814 -25.0794 -70.7538 -64.4759 48.4830 0.4080 1
-1.6332 87.7313 21.1600 39.3624 5.6377 -36.0339 -88.3918 -86.5264 92.3867 65.8200 -40.9929 -34.5660 29.4610 -62.2039 -19.8888 -37.4825 55.6016 40.9665 7.4595 -70.8748 11.3069 81.5889 -72.7638 -44.8987 32.7959 -18.7808 -44.4348 -60.3190 -51.3328 0.3144 2
47.1132 81.9301 -18.7097 -27.3609 -43.1864 -68.2227 -96.0962 -72.5854 -24.4426 -70.3101 41.4686 12.3410 -5.2747 -98.8069 69.0080 11.8053 -56.5250 90.1900 -87.5776 -13.8146 -1.9397 -99.8145 -10.6351 -47.7796 71.9156 -83.6750 48.8412 54.3667 -52.7672 87.7468 9
60.5037 92.4993 6.6603 73.1308 -46.5789 30.9044 -2.7628 -46.6385 24.8272 -37.9067 -64.2478 -96.5637 -36.3238 -76.1337 -96.0792 -52.5703 65.1993 -50.0964 -54.0317 -51.9495 38.7895 36.1537 90.4463 -92.0323 -81.1370 -71.2428 -76.3796 37.7747 28.4457 15.5008 1
77.2992 -82.9174 -86.4238 -39.7036 75.6655 6.6527 5.2217 -0.5447 -78.7680 -14.9680 -49.8693 38.3548 86.7329 48.1762 -88.6327 28.3232 -29.5635 -6.5989 52.9685 -23.6592 34.3598 95.0479 81.5620 -30.9130 -20.9529 -73.1281 -33.1060 -67.6939 -4.1171 -94.7238 4
23.8324 42.5933 -47.9976 0.7239 -66.7597 -89.3474 -49.1086 -10.9715 63.4987 27.8872 -83.7338 -32.7488 17.6623 -43.5263 -73.5386 -91.7997 -38.0302 -45.2898 85.8304 -97.5000 -20.9938 88.8943 77.5556 -6.2699 -52.5143 69.2451 10.7755 90.4575 -80.9123 -30.7723 5
61.5573 -54.2081 98.2671 25.9493 -84.1994 -46.8593 -12.2667 -89.3429 -63.0980 -93.6388 73.6439 -48.0190 -82.0749 73.1842 8.6100 -81.3729 95.4162 -1.6029 47.5403 -14.9761 -15.6483 45.3145 -65.8786 10.7727 -80.8660 -67.1867 63.4027 -45.7113 48.8634 -77.8866 1
50.5011 -6.7345 -81.5087 45.3438 47.0394 -82.9081 58.9137 -87.9125 72.0648 -98.3017 -51.9318 79.0002 -83.8293 -67.0022 68.8504 -67.5201 56.5660 3.7441 -66.6560 -17.1620 76.3582 87.8333 31.1654 67.9245 91.4897 25.0860 -29.3373 -31.2182 -48.2089 -19.7362 1
82.2782 -71.3754 58.3214 34.1816 59.2795 82.1616 76.7230 71.9306 62.3847 -81.7569 -30.9592 4.4932 -44.0620 -13.5621 67.3328 -97.6717 -19.5581 -33.2887 13.8648 -87.2050 -58.1795 46.6943 -3.9678 14.0160 -60.7088 2.6553 -38.8971 -36.4885 80.4097 -69.7658 7
-21.4982 11.9036 35.2227 44.7521 68.9864 75.7819 54.3078 20.0299 -76.3486 -34.4711 29.3873 -88.0452 -80.1241 -72.1119 87.2128 -40.4517 -62.7601 -80.9038 27.2812 71.1709 -32.6863 -10.5094 -17.2317 -7.5876 62.8112 -10.8984 11.5759 32.7692 14.4427 12.1981 4
-67.2646 -23.2327 23.2907 -50.5929 -90.8827 -53.6232 -91.3217 84.9648 78.2369 -96.5492 30.7027 -5.0747 -7.6291 24.1962 24.2427 -36.6210 -36.3997 -93.5233 -28.2434 -55.6117 -89.0513 51.9734 -22.6815 59.4426 -72.4039 -18.3808 0.6996 13.7493 66.7694 95.0862 3
-26.0541 -1.1196 78.3758 74.0062 61.2155 55.1173 -87.8235 -61.3885 -20.8828 -78.9632 26.3160 -69.7431 85.7220 37.9780 48.3206 79.3884 -76.7993 -14.5541 38.3327 -52.9713 38.5185 -69.5987 22.9234 -90.4665 86.8744 -29.9572 -79.1117 73.4846 42.7848 63.4524 10
-87.0518 80.7718 -63.1603 36.6914 10.1167 -26.9798 73.4592 88.5799 -64.2859 39.1627 -30.0508 21.8945 -45.4380 -19.4574 21.4750 -47.5015 0.7627 -47.6999 -11.8853 -57.1889 -9.2755 -29.9017 -29.2474 -47.8243 -80.6842 44.3710 -32.3802 -49.9227 64.3608 -83.3137 5
77.4442 -49.4164 -59.3842 87.4301 96.5761 -30.5218 22.6169 -96.4197 71.4262 1.5438 -92.8298 47.4589 85.1952 77.2013 77.7146 -49.0823 -28.6468 76.0435 34.5242 73.7850 25.6254 50.7844 82.2443 89.8367 -84.0632 -69.9456 50.1848 76.2390 -86.4986 -99.8993 4
95.9370 42.3216 99.6189 71.3643 -4.1442 -12.5558 -44.2369 -96.1522 11.8880 -3.2548 60.2156 -23.8106 80.6083 -77.1457 17.1114 -86.7477 -48.1739 -60.3340 53.9175 92.4814 -33.8420 -62.6916 92.5669 -64.5685 -80.6527 28.0250 -97.5925 -25.3946 -18.4859 -55.6192 1
-6.0455 -72.8285 -5.6299 79.1925 50.0500 57.2824 23.1118 -19.4862 47.7471 -53.2598 41.6935 70.5800 29.4891 18.3245 42.9103 -26.2196 -8.0023 -17.4186 62.7079 -66.8858 -44.1856 -64.1094 8.6106 -41.2910 -8.6781 86.8150 19.0894 -71.7706 -62.1967 -27.9066 3
-87.9269 -62.2206 37.1508 -72.2813 74.3494 -85.4855 -81.8950 -74.1161 62.5224 -60.5042 20.9748 24.0063 91.8057 15.9837 -26.6783 -35.7038 48.9869 22.5526 -24.4451 -67.8204 5.7775 -43.8516 -34.5970 2.0244 -61.5055 68.4341 -76.2638 -8.3078 -14.8371 -39.9789 7
