2
100
18.0680 89.2266 7
-51.3711 -58.1391 10
-99.1332 86.1120 2
65.0124 -82.0593 2
-82.8927 42.8307 10
-59.9253 -85.2225 8
-3.4116 -54.6573 7
-40.7088 -66.2134 1
43.8225 81.0446 7
-92.7038 -24.8574 5
94.8584 85.9474 4
-36.7110 -54.4935 5
-55.4252 98.5652 10
-41.0365 20.0770 4
59.0065 -94.2845 5
-2.4728 -47.0512 8
-49.0719 -15.1287 8
-78.6877 33.9793 6
-55.7852 -56.4702 7
96.3255 43.3422 3
-91.9532 54.1598 6
85.1475 69.3992 1
1.5180 -14.0809 6
39.9560 30.9437 10
-58.2853 70.2970 4
-13.6457 -35.7087 6
-75.7912 -68.9025 7
-82.9074 -19.0843 4
54.3189 -20.2291 3
-64.9527 -98.7385 4
-89.3201 34.1865 4
14.8529 -61.9677 2
80.0500 34.9938 1
47.2907 88.1973 8
34.9221 73.7079 1
-36.0291 -33.8976 9
46.2805 98.3937 7
-31.2866 -35.5127 4
87.0703 10.5203 3
76.8772 -0.8764 1
64.5687 -77.4726 10
-6.2230 -82.6854 2
-28.8056 67.4408 2
23.7851 23.7438 10
43.1813 -98.8835 10
25.4787 78.5111 8
-69.6559 -54.7768 1
68.7737 94.2391 10
85.3697 -36.0291 3
92.9215 25.7724 5
-94.5132 -43.8405 7
43.5304 -30.7006 4
-48.4095 0.0329 4
-60.8630 -66.3387 4
97.0437 -50.6108 9
1.8412 22.2117 4
80.4132 -36.4762 7
-45.8080 -40.4066 4
55.5114 68.7534 8
-64.9959 -79.2008 6
-95.3253 -6.9861 2
91.3989 50.9483 7
-96.8012 75.6467 1
-70.3927 67.8728 10
-80.1237 -54.5552 9
91.0613 -35.3647 8
-29.5207 -91.2863 9
-68.9941 -67.8863 1
33.5191 -96.3899 9
47.6112 -94.5315 10
7.5892 84.6825 5
-80.3588 -14.7401 10
81.1071 24.9908 8
-1.0995 21.9289 6
-88.8722 84.3363 1
-74.3966 -67.5423 2
16.6444 -58.4679 7
85.4119 -89.5111 3
53.9335 62.0211 4
8.4238 -55.8282 9
-32.2989 29.7867 2
-99.7736 -79.5757 5
-81.4710 -50.8369 4
-88.4614 -21.2624 9
66.8720 -9.4528 6
-3.6909 -64.2929 2
0.5022 44.1648 2
67.4148 35.2709 6
97.8709 -80.9373 9
20.8087 0.9204 2
-51.8848 -58.6383 5
-18.6107 -64.3772 2
68.6040 80.1482 7
14.9686 72.1597 8
37.9820 27.4543 9
-32.3247 68.9665 7
9.8826 93.4253 6
-15.1871 42.0491 5
-41.3296 48.3121 10
21.8640 -86.3402 8
