5
100
69.4366 -1.2782 -83.2162 -16.9862 32.3594 3
-64.1620 -47.0567 -58.6428 79.0052 -73.1676 5
-46.4371 -1.0005 14.7017 62.0726 -9.3210 7
71.4923 1.6801 90.6789 -46.4345 -68.9572 3
66.0894 21.2753 58.4497 -22.4618 -93.9524 10
66.4893 76.0143 -46.3587 -97.7673 -92.7960 6
47.7246 93.1261 94.3523 9.7493 -76.5032 8
83.8416 16.4668 14.6466 74.5094 79.4127 8
58.6686 54.8379 -77.1895 92.7082 -26.5379 4
-78.8468 -6.7763 0.5332 62.9475 9.6388 1
25.2442 11.9269 -80.6979 29.9160 31.0599 7
51.1948 -19.3010 92.3335 -33.7642 78.4902 7
1.7619 21.0914 4.4138 93.2705 52.7047 3
72.2068 48.6084 53.9983 82.6196 84.1721 3
-64.9962 -67.5394 54.4839 56.6403 77.2980 5
-42.5657 -83.6748 -18.7768 28.0784 43.0220 6
-65.6880 -43.9698 -11.2998 91.2857 3.1899 8
47.9572 -4.6813 69.3055 -14.8588 -81.8129 5
-68.4454 -7.4830 34.6931 -15.6083 80.1625 10
24.3642 11.1206 61.9557 97.4624 -73.4845 9
-19.7379 65.2471 -77.8861 -46.2819 89.3247 2
50.5486 -21.8376 64.0160 -15.5705 -37.0564 3
-76.9740 -21.8018 30.5978 -61.6621 -12.7202 5
14.0453 26.8309 42.3326 80.9788 82.4093 3
-60.2667 -84.4125 44.2136 -1.2905 42.7813 6
61.3041 83.6490 61.7458 31.9884 0.2814 2
-15.9033 71.2757 68.0663 -42.0940 74.6481 4
-80.1550 26.8767 -14.3832 31.3132 -7.1243 2
79.1803 -60.0750 -80.3548 -82.6564 -59.0527 4
9.2872 1.0909 95.6308 79.4764 42.4994 2
35.8476 -50.5334 -74.1097 29.6174 71.2212 4
-43.3474 26.1668 -31.5350 -55.3173 -25.9379 6
37.7487 -80.1274 -43.8313 44.8447 21.8907 1
-92.4228 -98.4498 48.5634 -59.6765 -94.0340 8
3.0550 -53.4414 7.1419 76.4716 -59.2378 2
-29.0808 75.7228 20.2642 33.8814 26.4342 4
9.6063 -53.5956 -53.1836 51.3812 -44.4934 6
75.9668 -57.7496 78.7443 -9.0012 12.4159 7
84.5379 -30.1294 -68.6847 35.9906 -6.2689 5
14.8000 -86.2483 7.7693 -36.7300 50.1671 6
-55.7952 -45.3627 97.3101 -23.3034 -1.8540 10
41.1586 20.3872 52.9518 -51.2245 2.2192 1
-56.1684 15.8585 -3.9604 -90.4424 63.7287 3
46.4397 6.2723 55.7523 58.6618 -24.3713 3
-8.7383 78.9425 47.0128 67.0600 -28.1039 4
-87.8464 -85.8046 40.3096 -94.0717 15.6844 8
19.5669 67.2212 -13.7451 -66.2668 52.5742 7
98.3494 81.0773 -65.6285 -61.1757 32.0828 8
-6.2295 -51.3733 -91.0690 18.8200 86.7373 10
-76.9546 62.0031 -99.5716 -29.2060 -93.8249 1
76.0829 73.3069 77.7561 -33.3469 17.9930 2
-67.8271 26.4558 84.3308 42.5074 8.8482 1
75.7593 34.0840 53.3186 -89.7491 -43.5463 2
32.8586 -66.9475 75.4643 23.6006 2.3546 8
24.8261 -33.0026 50.9712 78.5257 -38.2469 3
56.6853 77.9124 54.4370 62.6151 -29.7916 1
-32.1375 -30.1175 51.4729 -64.7604 83.7485 1
-37.0208 13.6947 -32.6682 -42.5764 87.0703 6
27.8451 83.4211 -67.1838 56.1122 -62.6461 5
-20.7051 -76.1593 66.3941 57.5136 66.0744 4
-35.8804 41.2668 36.3313 -37.2010 -50.8439 6
9.3668 47.7167 -19.9140 14.2834 -40.7171 10
31.7920 70.8537 -78.3814 2.4987 81.6049 2
23.2015 6.5898 -77.4690 23.4130 15.9251 5
95.4329 94.9773 47.1176 29.2082 -14.3986 5
5.0775 -63.6495 49.8773 -50.6202 75.4165 2
-47.8326 66.4967 -81.7493 14.5998 26.1521 5
-67.4411 40.0935 50.3512 -89.6695 -23.3973 3
-95.7019 -46.4867 53.6218 70.8495 36.1675 3
94.4933 -55.3169 35.4562 -13.0461 -77.6564 5
2.1220 0.0973 -83.3161 78.6778 13.0694 10
-30.7278 76.3345 51.4522 -30.4961 36.6063 4
-24.0797 34.1766 79.2802 -81.8036 44.4539 7
-57.8515 77.8651 60.4715 15.4826 12.1744 1
30.1549 70.9352 79.8363 11.5900 -74.6237 10
-77.1727 -87.7873 1.5102 19.7876 42.5901 5
-45.2922 85.5442 -54.0603 73.8883 -44.6525 6
-48.0162 6.5176 -11.2083 75.6883 95.1909 1
-62.6684 -60.9474 12.9314 -35.3269 87.5585 8
7.1552 -58.4348 -43.8935 92.4607 25.3347 8
41.4754 -33.5157 40.9897 -23.2092 62.3099 10
84.2443 58.6888 -74.9353 47.1682 -78.9178 9
25.1879 12.5982 -94.2997 -48.0373 40.5611 9
88.1422 56.3864 -35.4557 -82.9381 33.5575 7
51.2245 43.4820 79.4668 7.7049 23.2320 9
-99.5602 24.1563 8.3059 -9.2861 1.7004 8
-44.9194 29.3597 -62.3108 69.7134 35.6220 3
88.7920 58.0754 2.7118 -37.8464 12.4102 9
-29.7178 14.4062 -27.3319 -92.7829 -68.7055 6
-28.6257 -59.2295 -86.6686 1.7493 46.0436 5
88.3051 -78.0261 -19.5120 -81.9575 -65.9178 10
3.7511 -49.7862 19.2628 6.1912 -6.2888 6
-7.4470 -62.0728 46.9133 -94.0164 -45.0517 6
-92.6961 30.6116 -22.3487 -22.1574 93.3851 4
85.2424 -66.5103 -61.6004 65.9962 -53.3460 1
18.3107 68.7680 -6.3226 71.3480 -43.7731 3
28.8892 4.9845 63.5168 -29.8564 -71.0017 2
-27.5070 89.4154 -38.4488 -48.3525 4.0485 6
-19.8319 58.0517 -65.5454 -22.8220 -76.3437 4
97.7328 44.8750 -92.6971 -64.0193 92.3080 1
