20
20
-63.8739 99.8481 63.5092 50.9263 66.6751 44.3926 -87.1954 -58.8977 16.6228 30.3724 31.4223 -46.7731 73.6364 89.9763 17.1735 -54.9839 -56.8454 42.1951 -96.4739 -25.0470 9
50.4384 81.9956 -29.2264 50.8266 77.3579 -39.6034 99.4411 88.5119 -10.0779 34.0665 87.2685 29.6823 74.8350 4.2203 -48.3956 -31.4895 -87.6894 85.5347 11.2528 -44.0090 4
93.0294 51.5703 82.7828 -20.5874 -61.8970 -27.4170 7.3779 24.2240 54.8108 42.6333 74.5005 -30.6264 -38.8766 -27.3642 26.4728 -31.3562 60.5709 -93.1492 -69.2023 -85.5963 9
58.7433 -43.1222 17.7055 33.7530 -95.7531 96.2703 -59.2176 -38.4842 -50.4331 -45.9705 69.0303 56.1015 15.4704 92.8498 -59.5044 37.4496 42.6967 91.1821 -99.0285 6.4261 8
-53.2414 43.1877 38.0380 84.1780 83.7783 7.6064 64.1145 57.2077 -97.9793 65.6036 69.3937 -95.2358 60.0248 -35.7799 9.5306 -79.7256 77.8742 8.4988 -15.0779 -79.0132 8
61.0564 -3.1495 -84.4024 15.2198 -97.7979 -38.3781 -89.4601 93.0055 -53.3650 -26.0471 -63.1549 -30.8498 88.4998 -0.4560 -45.4511 17.2868 39.4160 -85.6418 -20.5517 68.6020 5
17.5110 -49.9442 -72.2410 71.2603 58.3446 46.0929 -4.1480 72.1829 0.0438 1.7504 92.1579 -97.3691 24.1315 -97.9666 73.6821 83.6110 -67.6443 51.1640 -42.5587 -68.1543 3
-79.0516 82.9960 13.7510 -91.7953 50.1516 31.2174 47.7394 -73.3995 -29.7572 61.6425 -40.0731 86.9161 -57.4291 3.4146 -0.5412 39.8085 24.8669 -71.2932 -14.1487 -23.9492 8
27.4512 52.6198 -14.2143 -40.2373 89.7170 -86.3890 -39.1210 42.0612 47.9308 59.2213 -30.0752 -73.6439 -23.4300 9.8166 -17.3205 61.2371 -65.6152 -87.4499 -74.4776 89.1739 2
47.6463 -33.1875 -29.8334 -95.5944 -13.9816 11.6493 7.3938 -7.4118 -51.2484 -63.5997 -59.5000 38.9090 22.4302 -52.6199 -87.7511 9.2719 -92.4291 -67.4870 -61.2555 31.2308 7
-51.1527 -33.9267 -47.8517 26.8616 40.8714 34.6866 -58.3193 -16.9543 73.1161 41.1941 -57.0602 32.6131 -8.8660 94.8096 -42.8997 -20.2076 -8.2429 -31.1381 74.6658 32.8859 5
-63.0139 -99.1875 38.2726 55.1298 -49.4660 54.1514 -67.5828 -22.4444 66.8682 23.5904 52.4692 86.7812 -96.1608 -64.4601 -58.2831 -62.0402 -94.1502 50.5906 -49.1832 -71.2533 8
77.9991 68.3642 -74.7955 -25.6801 -65.6507 -95.8879 30.6371 -53.4174 99.6382 -52.9807 67.1457 -75.9676 -52.6235 -53.6601 5.7484 81.3161 -66.8822 73.5600 -90.0051 23.7165 2
11.1384 57.0955 71.4120 -30.9400 83.6931 -46.3581 33.5940 -17.1286 -7.6185 -91.4919 38.7632 29.0467 78.2366 -30.3471 -41.7865 13.1545 90.2908 -95.3470 99.3739 70.4695 6
91.0150 70.4433 -10.5587 -11.4675 16.1736 -2.2977 33.8787 -57.9902 34.8762 66.5750 64.0548 -40.2962 -21.0034 81.3539 -67.5793 -68.7270 -90.2103 -61.8731 92.2400 38.3191 8
47.7290 -63.5052 -94.7992 -41.9108 5.8961 3.2296 -3.0472 -47.7155 -35.0306 29.9582 79.2176 -54.3473 -79.2769 -12.3017 25.1768 -37.5330 31.9732 54.3746 73.2768 13.5959 6
-62.9522 71.7172 -33.0958 11.3459 26.7740 -79.4132 94.8400 -55.6054 -37.3194 -62.1586 -73.2419 65.4769 -25.4914 15.9033 -74.2245 19.8273 -55.1965 -75.6835 40.4120 -87.0909 9
-97.6641 -97.3242 41.3837 -58.0690 -24.3479 -47.8746 -73.9538 91.0097 -81.5876 46.1996 87.8084 24.8856 -64.0980 -96.6647 -58.5272 -14.1426 84.4014 -21.2851 28.9145 -58.9543 7
54.9888 -61.7621 -54.6363 57.6692 -5.2442 -86.6831 -54.9766 55.8373 -67.0505 -5.0947 -6.2396 79.3161 19.2279 -26.2586 -35.1990 46.7133 39.1529 89.5583 -14.5171 96.3008 8
11.0558 22.2283 13.7483 97.0361 56.7937 -54.8019 27.0324 82.0573 -76.5969 -7.0704 12.9128 24.7890 48.8516 1.5201 -12.3911 17.8038 -11.4873 -43.5528 40.6324 45.0523 4
