5
20
-94.9884 9.9869 8.1377 56.9447 -37.0066 5
-24.9856 -69.3325 79.2846 -56.7694 80.4257 3
-70.0614 20.1831 -5.4528 -90.3776 -10.8127 1
20.9713 -86.0640 -21.0873 76.7349 44.1111 6
66.1743 47.4766 92.8147 56.8499 -14.3366 8
-56.9085 98.8885 -24.9002 -86.5507 -40.4027 1
66.3286 75.3394 77.8505 -60.8141 -88.2107 2
-95.0224 94.8640 31.3659 -62.5249 45.1845 4
7.3303 5.9601 45.0646 8.0254 39.7258 7
75.7775 -69.7822 84.1512 75.9348 -7.5198 8
-83.2862 84.4987 39.6567 -19.3607 -8.2063 3
-82.5575 75.9280 77.9408 33.2088 -20.1388 7
99.8104 22.6390 39.6604 78.4199 -69.8472 8
60.4195 -5.8531 -79.2320 9.3949 70.6875 10
-42.4513 -24.3170 95.1328 -85.3003 34.5192 1
-94.6144 -29.2241 -36.2342 63.5827 -72.7477 8
76.2666 -36.5031 26.2720 -97.3126 -53.2578 9
-79.9641 89.0552 54.2301 70.0863 58.4182 4
70.3650 35.8208 -65.8908 -68.3673 -8.2317 4
-11.4826 40.0019 88.9927 20.8537 67.9917 3
