5
50
-75.5026 -51.9112 -13.5094 -79.2110 96.3211 8
32.0598 39.2398 -96.6063 94.5319 -7.3176 7
72.2848 -86.8583 34.4114 -23.1690 -96.6356 7
-99.1459 -27.3045 23.1383 58.5957 5.8901 4
-76.3112 -63.4359 -25.8838 94.9123 47.0676 3
-72.4216 81.1412 39.3471 -71.3125 63.5059 2
2.9673 -34.6875 76.5023 29.7970 -32.4368 9
-32.1254 68.3832 44.0116 -22.4545 -64.2546 7
-32.1379 20.6780 83.3542 -17.3949 -24.9963 3
72.5374 -47.5369 -28.2244 -65.5543 50.6356 5
-73.6460 -43.8427 1.0981 -17.4006 -41.6854 6
13.9601 -22.6393 -66.1423 73.4778 -51.9520 7
76.9946 28.8876 53.8530 30.6995 -79.5623 7
94.2488 83.6126 -69.6654 -60.3210 81.6930 9
11.7143 -95.7242 -99.5908 -7.6494 54.3733 10
43.5644 -42.0494 -41.9269 -47.6347 -64.6105 4
-4.5385 64.4982 91.9042 -12.9633 -71.8713 3
73.7576 -88.3130 20.7894 -91.9202 -32.6103 8
73.8595 -28.8627 15.4610 37.9962 81.5349 9
74.9219 -95.2699 -40.5053 -96.6525 -52.5830 8
99.9741 -47.2493 -58.2281 -22.0198 0.4094 4
47.0160 -88.3085 77.6528 -89.4616 -77.3591 9
-90.8574 40.0784 -58.1510 89.6726 43.2211 1
87.4142 -38.8257 51.7519 -59.1095 20.8013 2
91.4833 -51.8464 20.0333 -64.2881 -39.0313 9
-16.9013 1.2922 99.4342 68.2871 -0.1162 9
61.8852 57.7405 -18.4907 25.6279 68.9888 5
-37.1038 -22.2175 8.2078 -51.8897 89.5180 5
-33.0501 17.8041 -13.1802 50.0634 -92.7656 1
70.5586 92.4553 94.2288 8.8904 6.8552 1
-22.3121 53.1143 52.3301 -1.0178 12.3261 10
-96.7071 -64.8773 98.7201 35.4202 82.8771 9
89.2130 -0.9713 31.0128 -50.4930 25.4692 1
-91.3504 -4.2953 75.5804 -95.2698 -0.1684 6
-72.9106 26.5990 -29.6507 51.9832 -86.6647 4
-83.9189 -74.5479 32.7016 46.6781 99.7263 7
64.0273 29.0238 4.4459 -99.4358 33.9690 1
83.4498 -59.6889 -27.0072 -21.5431 -67.3209 10
-91.1672 -15.6678 -93.1911 -45.9053 67.7199 6
-75.1559 36.8463 -48.9735 70.8327 -54.0351 5
-41.7830 -85.2946 -5.7106 58.4459 -75.1387 10
-77.0534 73.6617 -50.0669 -42.8924 -83.1492 6
29.0428 -45.9036 35.4386 7.9137 -77.8278 5
-10.6381 64.3699 -12.1278 -56.2952 36.6482 5
11.0369 -36.4604 -75.8761 -13.9607 -35.1539 8
-62.0104 -40.6862 -98.9340 72.2752 97.5998 10
-78.0993 -51.2992 80.4312 77.0540 36.9364 1
-78.2232 -54.3735 75.7467 7.9327 20.8717 1
89.3838 -35.1333 7.1877 -66.1255 -72.4008 10
-13.5252 37.4533 -10.7974 -23.6015 -90.0992 10
