10
20
60.9924 -0.0290 -15.1853 73.2882 90.0692 29.6336 -22.2024 -36.2709 44.1632 90.2454 5
-42.4531 30.0277 -68.1240 40.9184 -3.5220 -82.4756 -33.5752 2.6144 -44.6091 85.0858 5
87.8961 -47.9075 -18.1263 -98.7178 -22.7849 56.8601 -46.9392 -74.0979 -44.4638 98.5503 8
64.4864 28.1504 -42.6644 -78.1527 52.3140 -49.4839 73.6662 -46.8347 91.2047 5.6207 1
-67.4460 80.0039 -5.3194 -24.6125 7.4465 -36.2215 88.4441 12.2078 92.8519 40.9393 10
6.0100 -33.5671 20.0885 -62.7124 -43.4691 -5.1469 7.5403 -97.0910 77.9236 5.3399 6
-90.8467 -52.8428 13.2689 85.9037 -67.9840 -89.6518 -82.9939 33.3456 -21.8732 -31.3233 5
46.8921 24.4617 -1.3273 32.2070 -49.9384 -33.7515 -47.3789 -80.9593 19.8454 -41.4430 8
69.3188 6.3083 -13.1804 19.9655 -15.8291 75.9365 -70.7413 25.9751 -33.8596 -90.7836 2
41.5654 -36.1363 66.2306 -87.5165 89.4475 55.1902 -7.9150 -49.1884 -59.4615 88.5616 7
38.2196 -21.3324 8.7075 -69.5158 -18.4392 91.0877 0.5830 -13.4039 5.9567 -48.3353 9
-35.2809 -46.8612 68.2211 -96.0098 44.0122 48.8157 23.3492 -10.6250 94.5640 13.3532 10
-72.9243 74.4448 -17.1355 -37.4731 97.6369 88.6349 -22.3701 -7.0387 2.4939 -94.6865 5
-3.3097 -67.4288 -4.6928 89.9375 -64.5205 -25.1037 3.5723 85.7045 -33.5542 -99.3465 10
-53.2754 -7.6740 -69.0297 -28.8060 -21.5866 -97.9662 -41.9514 -53.2010 45.6751 8.2904 5
30.5883 -36.0312 -29.5109 -29.7708 53.0802 68.0918 -31.3018 23.8908 -68.3598 89.5027 8
12.4771 -75.3394 -32.4995 62.1926 47.8867 75.5537 84.0260 -13.7675 81.1509 -33.6298 3
-59.9200 87.8748 -35.9731 55.7153 -75.3927 46.9429 42.3741 76.6871 -62.9103 91.8667 7
-22.9919 -95.0645 62.0604 -63.3689 -4.7526 -43.4739 -90.3793 24.8156 -3.0280 -96.6590 10
26.8338 19.5118 9.2544 -65.0747 83.6949 -92.5189 -87.4130 88.2672 37.1094 68.9661 7
