20
20
-46.7914 -2.1610 -43.8418 -80.7205 -75.3439 72.5309 70.3281 41.7347 -5.8088 13.2656 -43.3871 65.0888 -20.7775 -81.7815 -85.1425 52.0949 -68.9424 68.8321 25.0342 22.6987 5
-22.4022 77.0117 51.8917 64.0293 -45.8719 -27.8598 63.9041 -53.2217 -33.7885 59.4655 33.7453 44.7104 6.5681 79.5425 -22.4735 -16.9206 -38.7306 47.9881 -52.8138 -91.8091 1
-22.2409 71.6036 -91.5654 -68.2814 -33.8550 63.7732 89.4977 37.9630 -97.8207 7.6491 -27.8941 85.7836 9.2437 88.5969 -81.2785 -92.8715 69.9495 -70.3970 84.3170 15.7023 2
-95.1035 -82.5918 2.5532 -18.2023 -81.2133 -25.8114 -27.3036 -29.6083 51.4940 25.2613 71.3278 -21.3290 -67.0289 19.0880 -16.8674 93.6411 -39.0244 -3.4943 52.3160 44.7469 4
6.6267 21.2660 -90.0359 -2.5819 61.8092 69.4662 -34.4664 -45.0797 -38.6111 -89.3302 87.9341 14.0094 -62.7821 22.4007 17.2890 -34.3996 5.3734 -34.8004 -53.7227 -19.0040 8
17.1057 -44.7715 5.4441 0.9393 35.1109 61.3605 39.8274 82.7170 63.1138 -85.8159 81.0066 -30.6208 72.8348 -32.3765 -55.0400 -52.0281 -76.8625 -69.7209 62.6335 -82.0613 4
99.1439 24.8678 -57.2378 68.8655 45.4515 97.7980 58.9488 -46.6002 28.4601 27.3586 66.4142 -24.2953 -98.6816 24.2325 77.4013 24.5326 62.1601 10.1509 -24.4456 29.6964 1
-54.4553 50.9609 -88.3689 59.9179 71.5334 -31.4905 -55.1770 33.5391 59.0431 71.8085 -23.0623 82.4074 24.2521 76.1079 -34.5555 86.8635 18.1714 -95.8005 -47.8904 81.2581 8
68.8037 -13.7490 28.0976 -27.7727 88.3913 -64.1025 17.8864 -87.9552 -80.0799 -63.0876 63.8416 -6.4447 33.6398 -94.8665 1.1183 -83.4071 -2.0103 31.5100 -30.8753 50.9932 10
70.0756 79.1121 73.1148 23.5577 -45.4486 34.5056 -38.9721 19.2126 -37.1783 -99.4030 24.4734 -67.1773 -39.1494 -73.9250 20.1163 38.8747 -26.3300 -52.4359 64.8253 85.5192 6
-74.3257 13.8850 31.3796 -64.1214 2.1748 97.7009 -27.8308 71.3793 -16.3879 -61.5475 -85.8736 72.3568 -1.8267 -97.7918 47.9639 53.8440 -57.6400 -8.7019 90.9190 86.5607 1
58.5154 94.1972 20.2032 1.9868 70.2203 76.7150 16.8077 -12.9030 -43.1183 -24.9776 -25.2765 72.9415 -35.3983 -20.4497 -1.8879 -33.9314 -78.7740 86.5938 21.8210 -66.6965 5
29.2803 25.5828 74.5408 18.9200 -43.2556 -27.2410 -27.2743 -46.6208 63.4653 1.1481 -9.0279 -60.0891 -7.4722 -99.9131 62.3873 -48.5762 69.0937 99.8416 76.4320 28.7716 2
99.3568 -7.9669 10.0241 -70.5313 -69.6015 -96.4540 -12.1224 55.7193 61.7039 -42.7419 -21.0571 50.3777 77.5283 -79.2931 0.5253 -65.9576 -17.8555 56.7297 -83.8364 30.5295 5
-29.9274 -98.5840 24.0703 93.5777 56.5308 -65.3710 -39.8678 25.3037 -40.7734 -41.5943 78.3840 -8.5285 61.7093 -88.8282 6.9501 -64.0523 -54.6693 -50.3341 7.3336 34.0496 10
-58.4922 -46.9325 -88.6851 95.0020 87.2542 -22.8623 -88.8936 -82.6480 -86.0944 27.7187 -29.9676 -52.3803 -6.9951 -23.0962 35.3615 88.4700 -65.5199 14.9522 -39.7643 -73.1160 10
-83.8578 -88.4172 -25.4846 29.4536 -26.7409 41.1503 78.1453 78.3397 -59.8499 2.5799 -39.5835 83.3963 36.5659 -94.3493 61.1764 92.0762 -21.5867 -1.2442 30.0098 23.5089 10
-94.7953 -48.5564 -42.9492 -43.9970 -10.8828 96.9013 54.3226 21.1690 -54.4171 -42.9689 -35.3054 90.0133 -99.1084 -29.1709 19.1170 52.8725 93.8881 -61.4242 -47.0363 18.2994 5
-57.4228 4.2559 85.5336 -72.0440 9.8561 89.7986 -63.9356 -7.6021 -11.9015 55.6013 18.4732 80.8163 -57.9509 -11.8295 7.5274 -63.8819 -43.7802 40.5839 82.8578 37.0328 1
4.3325 0.7011 11.5961 -51.2573 75.7449 47.9856 81.6853 14.3759 -73.7001 -43.7346 49.3044 27.1094 -70.2099 -6.9778 62.9561 10.7034 80.5915 -7.1516 40.0326 -1.5456 9
