15
100
-41.9436 48.3688 96.6742 7.2771 -47.1748 66.2468 83.3161 -19.6171 -97.7066 -54.4639 -11.0896 68.0960 89.7996 57.8791 -68.3935 7
-68.3126 -72.9367 -7.2892 89.3897 81.8765 62.8231 61.1857 24.3868 56.7278 60.0288 77.7199 -12.9180 14.5015 51.8001 -55.0574 7
-26.4914 72.0633 -97.5381 -8.1108 56.7397 61.1977 -44.0450 19.6122 -4.3706 23.8525 63.1545 85.6379 -60.3991 -15.1613 -84.4598 9
-44.0877 -72.3164 -65.2480 12.4355 89.2491 -47.0238 99.1720 -6.6660 -97.7141 -55.0214 -62.1500 -76.5492 95.4039 -57.4066 -9.1446 2
-93.5574 69.9865 -66.2351 87.6212 -81.5886 -55.7199 58.6025 -80.1336 -73.7833 -49.1305 6.1364 -78.8394 56.4537 51.6943 13.3860 1
39.8683 -55.3619 80.2845 24.3253 -21.5122 -55.6729 -13.2412 -1.6172 58.5713 -18.1778 -71.1521 -84.6735 -21.9129 61.9546 -91.0761 4
58.7513 25.6034 -63.7798 73.5995 70.6150 -48.3376 -83.2279 -75.6395 -31.1218 78.8549 -78.3555 -90.0967 -15.8374 57.3342 22.5276 3
-11.4217 67.3259 3.8299 63.1310 -84.2669 23.1305 -90.4385 59.8694 81.8010 71.2698 -27.5778 -47.7649 46.6188 -49.8351 -69.9837 3
-24.3607 21.9910 -35.2358 -40.5661 36.0576 48.3645 48.0320 -76.6802 -28.4964 -42.1689 72.3816 12.4479 -38.4847 87.1458 -39.7331 1
9.2917 73.2703 -52.1825 -40.2495 -99.6281 -67.6116 18.5699 88.2536 48.4066 -35.5461 42.3887 62.3892 78.9954 39.3468 -57.1518 9
-64.6241 -6.8848 92.8075 25.0508 -90.4380 56.3956 -53.4519 -14.7010 37.7085 37.8878 10.8824 18.7587 30.3846 68.2362 -0.4337 4
23.8398 -47.9958 8.6827 -89.4890 52.2484 -74.2712 -28.7453 4.6886 -58.5753 14.2445 -35.6674 52.7945 -62.4509 -88.3180 -31.8774 8
-82.0855 58.0577 -58.3727 50.8960 -0.6000 -66.3555 8.9005 -27.0720 -88.4473 -52.9874 7.9081 -66.5947 -9.6912 80.0577 -72.0244 6
-51.2369 60.1570 -0.4141 27.0703 -76.4058 -23.3676 66.8595 -5.8906 -31.3260 -94.4224 -27.4273 -74.9562 32.0815 99.9851 -78.2478 6
-76.6028 -39.4621 -10.8308 -63.2379 -44.8619 68.5849 91.9217 95.7680 44.1455 26.2285 45.5353 -1.9456 16.8994 60.6262 -43.0411 8
88.9154 76.8789 97.8480 0.8028 -26.6801 72.8297 90.3578 -50.7392 2.3239 78.6586 -90.9846 -95.1704 -43.7523 12.3954 -35.8513 8
43.6607 -85.7167 -63.4227 0.0054 42.3602 42.7895 55.7516 -87.4039 -58.2756 64.2174 -33.6686 98.4368 -42.3197 -69.4736 63.5373 10
13.5001 0.0902 5.6716 27.1452 17.5446 -85.6300 11.1227 -48.2652 45.4872 -97.7190 14.5834 -15.3598 34.9065 41.1932 -31.2486 9
87.8505 -42.1420 -99.3220 96.0478 -9.5947 -57.0990 -60.6891 78.7373 89.1681 11.3801 -79.3994 15.9206 59.5888 20.8878 16.0973 7
6.8643 -12.1766 59.3229 36.0144 73.7121 -60.5836 99.1756 75.3605 -7.7860 -27.4272 4.9610 -83.8559 8.5270 -98.4306 -54.4046 4
67.7279 88.8486 -68.0402 -95.6978 -45.0631 54.5069 -86.2246 -16.3109 -96.1812 45.6024 -12.7698 -68.6429 -90.0212 18.0315 34.2894 7
31.1314 29.2025 44.0994 93.6478 56.9035 -31.3269 -52.6625 59.3477 75.1003 89.0710 17.6686 -34.3990 1.8131 -1.8653 96.6676 9
-85.5259 59.0806 29.9043 -21.7151 -51.8443 -14.5022 62.1420 86.7153 61.0362 -17.6799 86.4174 72.6952 42.6180 88.0920 1.2042 7
85.6012 -86.9625 71.8025 69.5468 -68.6261 7.1503 -21.0677 -11.3954 -78.3272 -66.7305 34.0234 -19.3877 9.9085 6.2164 -33.6303 5
-82.8174 -95.6160 -70.1473 19.7592 -3.3205 46.8145 18.7933 -23.9532 89.3278 -6.7935 3.2587 -53.3584 -81.0158 -10.7146 72.2326 9
-80.1910 82.8833 -10.4051 -86.2285 -18.3401 10.5495 97.9638 70.9042 36.8537 91.8003 -7.1975 -90.8641 -25.9730 -62.9294 12.8174 5
55.4831 64.7009 82.0412 29.1530 35.8985 44.1262 85.7844 -7.8183 -10.6511 -25.4114 -42.0793 85.3296 -2.3878 -10.2702 -91.4250 9
62.8395 -92.0671 -46.6172 88.6486 95.7246 65.6103 24.8498 48.1192 -24.2322 -28.9167 -29.0163 92.9880 -87.8659 -99.9982 -25.0026 7
19.5788 47.5848 -67.6823 -14.2984 96.7433 22.6345 -8.7775 71.7834 -14.8718 -88.6580 -54.4349 -69.0214 -82.3000 90.1835 -25.3731 6
72.0291 -39.2393 -21.7700 -14.8114 -10.2294 77.3524 -54.1696 -95.7160 -45.6107 -79.5492 -78.0899 3.0526 -47.5617 99.6010 -73.0819 8
9.3284 -16.1017 38.1027 -1.3349 93.6924 25.6233 98.2259 -32.8748 -72.3608 93.5969 -10.7411 -38.8571 -76.6023 -21.4024 -70.3796 7
33.9631 -77.8839 43.1847 46.6596 54.1353 -0.8148 14.3647 75.4937 66.7677 63.5310 -6.4822 55.0119 80.0761 -10.9041 92.9849 3
29.4085 -13.8006 -92.2768 -27.0306 43.1633 -8.6888 90.4183 95.8890 -40.6343 -49.5967 -19.6529 -58.7279 -94.1669 -27.3561 -42.3629 7
12.7805 -20.7113 -76.4460 -5.5987 34.2515 -85.9945 -94.0410 -68.3514 -39.4877 11.9980 19.4837 67.3035 48.4245 -47.6657 -33.7547 4
21.4612 35.0084 39.4665 -84.6659 -23.6831 63.5655 -53.0371 -95.0298 9.6158 -75.7705 37.9370 -85.7811 -97.4966 -46.4379 5.1913 5
-5.2493 -45.2156 3.8865 28.8395 97.1344 -54.7976 -95.2478 -81.4598 -68.8273 3.9885 16.2957 62.9588 3.1539 -70.1323 70.3344 5
-17.2590 -48.9957 57.7994 59.6849 43.4714 64.3636 -92.5805 68.9132 -89.5151 -26.5250 39.4076 -23.6096 99.4908 -61.4638 58.7845 3
55.6136 31.3800 -3.7931 -38.2307 -15.2259 -42.7782 22.6757 29.8933 -76.5779 -29.5143 -43.9955 0.1653 33.2731 -71.9100 -45.4868 4
-52.0021 13.6247 54.7314 83.1450 94.3127 -12.4024 -78.1432 -67.0645 -17.2583 16.2346 47.1339 -48.7151 -32.8117 74.4598 -61.9104 3
62.2474 56.9870 47.3391 99.8933 -83.2273 7.6922 -72.0958 1.3460 -75.8977 -99.4114 -33.6487 71.4029 99.7820 -43.6996 8.9835 7
-40.3222 45.5368 -80.7002 -25.6286 -0.9153 -20.5269 61.2401 37.0568 -98.9799 39.1043 98.4066 54.6134 -30.1225 -98.9237 41.4501 4
50.5850 -20.0127 -13.7637 -75.9553 71.1162 -88.6628 14.0124 93.3677 -34.4764 0.6108 6.0764 -49.9006 -70.0506 50.8229 31.7433 3
-38.0974 -60.1286 21.6812 -7.9836 12.2395 94.5118 68.5226 10.1250 17.0311 8.5441 42.4993 -96.8818 72.8998 -31.7358 -81.1476 6
-26.1777 96.8732 74.7445 -35.0191 -87.9684 88.8960 -58.1619 93.9660 -94.2345 -59.8023 74.9893 -77.5574 -44.3015 -35.8060 -5.1891 5
-37.0984 -9.6495 -89.7795 59.1903 55.2341 -1.4904 93.3503 31.4205 64.9133 22.7223 0.8273 89.0383 -92.1314 80.4194 55.1839 2
-6.0256 55.0405 20.9321 -22.3466 -15.7462 10.4403 -31.5840 6.9594 94.4288 -75.6102 -62.9691 -30.5387 64.6641 11.4808 -4.3302 6
65.7922 91.4590 19.7958 6.2218 -36.7087 51.0127 -67.2937 65.5326 82.6639 71.1945 65.5657 -69.1490 49.7968 -9.8102 49.3004 5
97.1910 -52.8684 34.1007 92.6454 -33.0408 83.8571 -23.6376 -15.8217 79.2843 59.0258 21.7885 12.2918 -36.0681 -12.4215 -94.0871 6
-85.9073 31.5894 97.6438 -94.1556 87.3085 23.3720 9.8559 -25.4038 36.4420 -12.1175 59.6641 81.9188 37.2847 -5.1820 -22.4415 3
-90.7221 78.6091 38.8772 55.8261 62.9158 76.6292 -76.0871 -31.1686 -23.9599 -48.0921 36.5578 76.3342 92.5473 -8.3860 97.5393 8
57.4917 14.7790 52.9984 -81.3609 64.5416 30.7877 -46.9792 82.7042 52.3275 26.5426 -90.8766 -1.3256 -19.8606 14.8623 75.4259 7
-99.1969 -18.5038 25.6582 57.9348 45.5798 -89.8530 87.1191 -21.6940 -37.9491 24.8492 85.4091 -0.3206 85.0083 70.6865 -67.0885 10
63.1036 -94.7512 -27.3368 86.1631 12.8565 -60.3947 86.0697 66.4877 43.5243 1.3796 37.7109 16.8332 36.5136 -55.3920 89.8866 3
34.6050 45.2373 -75.3570 -11.2376 79.5329 -84.9152 29.5919 41.6687 -73.9791 15.1946 -2.8647 -20.1842 18.0246 39.0535 -67.7889 3
42.2536 56.1834 -71.9267 -43.5779 89.4427 -26.9130 51.9584 95.6287 43.5843 7.6379 -28.7047 -11.1349 -3.2244 30.1251 -20.3804 7
23.7383 2.2932 -47.8985 -86.7458 -91.7551 52.5327 -14.9044 -61.7466 -46.1147 -51.1485 33.5374 -96.1164 0.5237 -53.5309 -99.9326 5
75.9370 -7.8570 -67.9828 -41.1696 -83.6848 33.8047 -26.1426 4.8348 -6.0086 -64.9384 -64.3000 -1.6637 49.3689 -26.7909 -91.6113 6
-96.4297 76.1252 55.4584 35.4283 56.2714 0.1292 17.4759 -42.3833 79.4193 -89.2603 -84.2122 85.1738 42.4402 -84.4464 -97.5071 2
-86.3927 -71.3674 19.4215 -33.0900 53.8444 -46.5596 -17.3122 4.5969 -87.1713 19.4378 25.2974 -75.2111 63.3149 30.3782 -14.8623 8
32.9620 0.0649 -8.8446 44.3201 -3.0999 -55.7690 -89.7818 31.3414 0.3272 -78.6192 99.3625 94.7580 -14.2561 -52.5770 -1.0568 9
-95.7213 -93.6204 -70.9105 -58.0090 41.0779 -55.8672 72.3207 13.7954 -55.5625 -39.8486 -67.9706 18.0547 -40.0271 79.4069 85.9423 7
64.7188 -54.1819 -67.8244 15.4210 42.7893 78.5989 11.3823 -31.5533 -35.0536 35.0933 92.2240 60.8825 -84.2367 -39.3190 -85.8040 1
-28.1292 -44.3202 53.0533 -63.6247 -42.6921 59.1931 81.1261 96.5025 22.5543 -71.4032 37.6014 88.2162 35.9786 63.0211 -87.1723 7
1.9204 -85.4135 61.0372 -88.8263 -65.9277 -25.8336 85.1147 3.2426 -63.3885 -77.1596 79.4124 -8.6461 94.3567 -37.8780 -22.4214 9
-99.3262 65.2661 43.3752 -91.9404 -15.6652 79.1462 84.4215 92.4461 91.3919 -80.6941 -61.5354 74.5273 77.2514 -48.6500 -73.8144 4
71.4144 4.2155 -74.4306 78.8032 -96.0655 40.6134 99.5459 -18.8472 -55.1716 76.2853 11.9041 -28.5081 92.5279 -16.3298 -6.2795 1
-16.2829 -19.0586 39.0362 27.9577 30.4757 -2.6914 -78.4685 9.3547 20.3207 -3.6185 -96.3416 -17.4581 -54.0659 39.4956 53.0614 10
37.2770 89.0665 47.3924 -73.3197 -31.4568 -62.8827 80.2103 -75.4757 55.8392 -58.5042 -34.0442 -13.7580 88.6704 32.7489 97.9604 7
3.4930 86.0555 -58.5417 83.8106 11.9106 6.7198 -64.3452 -66.4414 -4.1357 40.8022 99.6983 -23.1298 -83.1106 61.0966 92.6528 10
-99.6925 -39.7430 78.2051 -55.1919 99.3271 -22.8105 99.2263 -31.2653 26.9791 -79.2305 65.8862 -85.7090 -80.4765 -39.3458 72.8695 3
-94.5177 -10.4775 0.0959 -33.5407 -30.9928 46.6969 -29.5181 22.0788 40.5848 98.9615 49.9597 55.5013 72.7311 80.9948 -10.5825 10
85.6406 -35.8861 40.2865 -38.3713 -44.1921 -50.1893 -77.6873 -29.1377 -39.9987 -38.2170 35.7289 -89.6916 9.4750 -18.7763 -17.8675 10
27.8487 43.1399 -33.0861 -18.9078 -53.9607 -85.2413 -15.8691 -81.4868 -83.6681 57.6934 72.9924 8.9190 63.0430 41.9176 1.6237 9
-91.2738 -58.3172 -45.5582 71.4052 80.5942 80.0415 39.8263 35.4613 89.3345 18.7314 -74.4026 14.7083 -70.4186 -43.9486 23.7557 2
45.2269 10.3483 -52.6489 -21.1663 61.2495 -60.4235 29.6620 -15.8281 96.3611 33.0197 18.1059 87.0344 -62.6365 -97.0979 -12.6688 7
-70.6203 -71.5996 19.1720 -12.3065 74.1621 -15.9366 -63.7512 37.9051 -11.8676 96.1915 -71.0668 -79.9988 -15.1083 -80.6265 -95.7587 3
60.0105 -44.8445 58.4213 1.4787 87.9447 -38.3703 -63.2057 -5.3666 47.5672 -74.7309 38.3055 -0.5282 32.5635 24.0779 27.4824 9
-48.5521 -32.6566 85.5201 99.1972 38.0187 -70.2355 7.0603 12.7813 71.8660 22.5628 48.9148 11.5662 -86.2558 5.1265 8.8017 9
-21.7755 49.7684 87.1438 -33.5177 -80.1233 -76.3063 -79.5565 -74.2288 -40.6362 -63.7654 42.9373 24.1908 -42.2804 97.5530 -26.1598 7
-94.3337 25.6162 83.1065 63.2318 -91.0399 -86.8376 -78.3054 63.0270 -42.0046 11.2392 -88.1762 84.3254 -48.6098 -77.5833 98.9227 7
-58.1791 34.8004 70.2260 -36.8285 31.0180 80.5610 98.4245 -32.2112 -35.5955 -88.7167 -45.4741 -6.5756 -10.4070 97.9911 77.0330 10
-68.4622 75.7808 24.3391 -69.2644 31.3536 -55.7314 37.7028 -16.3041 60.7561 81.4555 -14.0426 55.0848 13.3697 54.2138 98.6543 6
-62.6634 -18.6836 -18.0238 -16.2856 -20.6443 34.4695 16.6708 -54.4263 95.3001 -26.6760 80.0815 -37.5500 -71.1777 -54.6388 62.5731 7
-22.1413 -18.8524 24.4144 -36.5576 67.8253 -6.6373 -75.0225 9.5760 60.2865 40.6093 -18.6726 -52.3519 41.4110 69.1736 -91.1133 10
36.8806 82.9250 -34.7376 85.5214 -47.1875 90.1809 97.3095 -72.4501 17.6337 -65.0684 -21.5548 50.7984 -41.0971 59.0873 -93.1402 2
51.9011 -74.8449 47.8917 39.2432 -14.1577 85.0711 5.5830 89.6668 56.6108 0.8203 61.3734 -70.6144 50.1979 81.1191 -52.6103 5
63.0729 -9.5859 94.8205 38.1385 -51.0912 -74.0411 96.9741 -16.5868 90.1633 -9.0641 -2.1433 -62.4500 15.4173 -39.1677 24.6555 6
61.1540 -69.3101 -3.9327 -59.0816 -15.8263 -32.7946 94.3406 31.7661 -39.1031 -13.2006 57.3950 83.0843 61.9430 6.0324 23.1977 6
91.3177 -87.9131 80.7267 90.8883 81.2593 -65.2819 26.4406 -21.3549 40.6697 21.8519 -72.5476 -90.9246 40.3593 40.0698 87.2843 5
62.9051 36.8956 39.3413 80.7887 97.2628 23.0167 -96.3745 -76.3823 60.1665 -49.1657 -89.3539 94.3678 59.0941 14.5433 37.2882 4
-3.8754 58.8808 -15.4695 32.1429 -44.3848 19.5855 -16.4493 -5.6603 -82.0475 88.0415 68.7839 -8.6938 -95.6669 -61.3327 -50.6531 6
90.9798 -24.0321 91.8408 43.4873 -29.9926 13.8671 -67.5978 -11.4825 -98.9124 33.8935 47.8689 23.2772 25.3016 76.6507 40.1246 10
-79.6666 38.7696 95.4592 -33.2261 45.0508 -37.6860 -61.0051 -90.3464 63.9301 -98.0120 67.3619 -39.6132 -37.6680 18.9726 46.9385 1
-72.2932 42.4723 51.1767 34.4801 -11.5811 -92.3222 -59.9563 -34.6110 -23.5753 -63.7618 -50.0425 30.4126 72.6992 -76.1304 -29.8935 3
-86.9035 39.2945 -57.8981 -56.4557 66.1038 -6.7442 40.9986 15.8233 -25.5357 86.4609 7.6889 -55.8735 -48.6895 -3.1180 20.2553 9
83.8164 -13.7302 15.0661 20.7723 42.8015 -51.1535 19.5988 -11.1033 -63.4677 98.1984 74.9593 62.4587 1.8351 23.1587 36.0072 9
59.1625 79.1252 -64.2854 -0.3612 34.9149 19.0103 1.1779 15.5591 -46.1465 -39.2321 -45.7366 -16.4749 23.0889 -60.7157 -93.1815 1
-21.9891 -29.7479 -8.0581 73.9678 83.1205 60.9699 -7.8731 -36.3034 91.5289 -81.2080 93.6317 -7.3922 12.1027 -62.9152 40.5502 2
93.7954 10.5253 83.9102 -68.0843 -94.9751 40.1806 93.4480 19.7252 45.3112 52.0621 -96.8227 -15.6458 -44.0945 -27.0743 -25.9086 5
54.3922 -16.6350 -26.6796 -27.9849 -88.1643 46.0259 -52.6865 -71.0627 -49.3491 92.4498 -64.4088 -46.1746 22.4257 38.2181 4.1363 2
