2
2000
8842.4280 127.5915 14
4819.3648 8160.7375 8
-6489.3615 2561.7677 13
701.6341 9061.8256 49
2743.5237 4157.7667 31
-1831.5976 -9000.1315 45
-4251.4979 -5541.6856 38
1609.6774 1293.7864 44
1672.5343 2697.5645 49
-818.3295 7535.6328 33
7752.0681 4981.6994 17
6428.2984 4241.5691 1
9003.1731 -6482.2705 32
-9234.2685 -1260.0644 46
-728.2505 -6642.2863 39
-9792.2840 -4693.9211 7
-7774.6747 8789.7719 18
3759.3550 3228.2829 46
9610.9909 -8710.2783 42
728.0918 419.9094 25
-2909.6260 -5001.6415 39
5969.4965 -5669.1266 47
5588.0337 -2095.1675 31
9492.6487 9126.3520 35
8908.2657 -8320.6935 4
-8414.6018 -3867.0737 48
9912.8114 1364.4944 42
6202.6947 -2775.3407 12
4145.2521 4938.1230 16
1278.0621 1523.7642 37
7833.1951 6014.9943 43
-169.8036 1656.4201 20
-2637.3352 1370.8602 46
-8885.4665 -9420.7567 24
9393.1095 -7307.8819 22
7644.9492 -6432.0669 43
-7812.2882 8370.3645 23
-6304.4022 -624.3711 7
-9415.1406 -4888.7589 29
-3.8681 -7723.1811 6
5822.9647 739.9709 41
-9537.9730 -3344.2955 4
-1422.5422 -5249.3386 16
1181.5717 2420.4882 21
-2687.0656 -5709.2968 27
8494.9370 -7449.9636 2
-1340.8006 999.4637 30
4639.6304 -6733.2634 32
746.2914 2766.6224 14
2773.3627 -2814.8686 35
4257.3233 -2062.3384 12
7534.7983 1527.3051 36
9585.2142 -9218.0664 11
6653.1076 4156.7360 44
3956.6392 -5108.1905 26
-4692.6103 3447.5900 49
7595.5859 2531.9085 36
-866.9663 -4216.8377 5
117.1162 -6513.8637 35
9899.9692 9240.1731 13
-3265.5127 -9735.3295 3
-2682.3839 -6586.9953 23
5724.2609 9928.9229 13
2351.3621 8974.4330 4
-6482.1865 6229.8918 16
704.0994 6110.4060 14
4732.0571 -2125.4850 48
-5207.2478 -9711.1748 28
5776.2329 -7599.8675 2
-799.7756 -5807.2888 39
-8108.6464 -3445.7487 17
2856.7369 -3952.4694 48
423.0022 7272.0320 32
4667.5746 -6310.9336 32
3991.1091 792.7849 28
-5043.8443 3389.4097 40
-5524.2409 7636.2372 6
-165.6440 -8388.1280 28
-4010.9385 -633.8199 36
7553.8609 5051.7064 49
-2287.9710 7990.1330 43
1971.4495 -6232.7199 18
-6168.0723 9003.3154 28
6616.8167 -4473.5728 41
6409.3465 -6885.6568 31
-7675.0671 9786.6870 10
-5467.0675 -5081.0491 25
7334.5244 1736.8571 30
564.6129 -660.2530 22
-2222.1570 1781.1388 48
1329.1702 -3576.4862 4
7329.6568 -7269.4769 43
6663.2072 -5997.4003 22
4088.8766 9980.2461 30
-5565.5093 -1179.6227 11
-8679.0741 -759.4604 27
4030.0792 7456.5768 38
4626.6626 -8802.5435 40
6118.0285 2355.8135 47
-544.8597 -4709.5235 38
8785.7509 4288.8283 24
-1288.1334 -9411.9244 29
1697.2164 -6985.2705 28
-2725.4463 1604.5933 40
-1697.9588 2438.8094 23
-9054.2913 -4739.2284 40
5589.7136 -7829.3483 3
9940.6974 -5831.1170 39
726.2085 3683.1147 1
-3482.1510 4384.6656 4
-7419.7380 -4282.7182 7
-3129.4261 5234.5897 31
7810.5547 2890.4440 46
9113.9545 -9184.3728 1
-1154.1575 -4105.9795 38
2161.6511 -7249.6556 26
-40.8794 -5399.3524 28
-140.2917 3264.7991 23
3513.9247 2299.3358 10
8484.9522 -4929.0970 18
9670.4235 -3492.2584 26
-8565.8610 -5527.4426 17
9454.6206 -7868.5111 24
-312.4410 -4628.8464 27
-3926.3120 5112.5490 30
423.8534 1630.7851 14
-8921.4722 1801.4856 23
3741.1953 -197.4545 8
-3310.2006 9672.4352 38
-2285.9830 -3129.3189 23
5537.4327 3477.3025 42
-8897.2443 -3978.5145 42
3754.1630 -4759.3931 36
-252.4588 -4712.3210 25
6369.3793 3175.8605 41
8573.4904 5435.6629 49
9452.2387 4863.5349 18
-6732.0055 -7968.4375 29
-429.2078 1422.0551 35
-6267.9940 9152.9635 47
9775.8953 -8929.0738 15
-6488.7289 349.5462 46
-5949.7458 8579.0477 22
3087.2999 100.8629 39
-6822.2695 2069.5253 7
1273.2095 -6891.6770 32
7967.5049 -5516.3193 20
2916.1537 4835.6201 16
5909.1102 -9805.3688 32
-263.6316 -4975.6664 31
7283.3273 -5256.2748 48
4909.5042 302.7714 5
-5570.8974 -7646.1555 29
-6022.0390 8788.4369 32
7160.3789 1708.9255 17
7872.7686 -4206.4267 28
853.4204 7413.6366 27
8111.4852 -8106.4073 42
9708.6976 -7268.4832 43
6569.3074 -7204.6347 10
1408.5620 3472.8522 20
-7442.3266 -3274.5322 27
-4585.2259 -5385.9457 39
609.7947 -2230.8643 42
-6839.2732 -6120.6327 38
8977.6453 3965.0099 3
2861.6698 -717.4635 25
4343.7128 -7652.7263 10
-5686.3123 -7325.4625 31
-9538.1153 -4488.4271 24
8611.2338 5528.2227 35
9717.0897 7838.2080 27
9784.5039 2853.7222 29
-4690.5272 6316.2162 2
624.2645 -8297.1759 33
-4284.0334 9497.2869 11
1488.8696 9963.9139 8
-600.1163 -5188.8469 10
-8313.2113 8779.9578 29
9514.7147 7096.5653 44
8512.4835 -8041.1110 34
3552.2701 -3510.0244 9
-6562.1583 1646.0283 13
-3706.4594 -279.9470 5
1752.0004 -3305.4805 14
4775.5926 -4344.7633 24
8204.9903 -6117.2400 13
3694.1330 -4110.2458 46
-1700.4457 -2739.7707 33
181.9003 8512.5000 4
-6798.2595 -6.1264 30
-7164.7533 -319.6308 21
7634.7010 -4893.0962 6
-1757.4493 5588.7275 23
-3459.1171 6953.3236 16
-4190.0567 9917.6528 47
651.2132 9120.7319 8
8530.8087 5859.7284 15
-3621.0330 6383.5568 16
7216.8923 3377.9401 24
7827.0779 -3001.1345 29
4395.3274 7888.7223 18
1187.0394 -4969.6139 10
8133.5584 4656.4902 7
882.2324 6335.3330 31
-668.9662 -2272.3293 12
-1684.0325 -6201.7708 34
5524.2414 -6959.0019 13
-9765.9397 -7248.8719 14
-3028.2159 -966.7076 12
-5557.3867 3512.6517 35
3702.5627 5319.0796 49
-9948.5281 -6688.1297 22
-2028.3980 -4666.7410 8
-7530.1361 -6648.8320 43
2655.9441 -2097.8864 20
-2141.0603 -7656.0881 19
8084.7609 -1528.3360 19
1440.4140 7949.7181 4
-1696.3998 -745.4735 14
-7072.7635 -8414.0866 8
6216.5512 -2915.5376 46
9855.0271 4454.0627 27
-8806.1050 -4750.9930 31
-238.7352 -5602.0197 39
-4193.2077 5870.5757 48
9187.7514 1678.7815 24
-5660.9894 -8240.2785 4
4783.8181 1601.6876 30
8072.8745 -8519.7282 42
273.3953 -6632.1583 27
-601.5213 1640.3130 38
-6051.9223 6250.7845 23
809.7079 6457.0696 39
1888.9328 4666.3068 7
1725.8400 -400.3433 40
-4970.5080 9167.2933 15
5640.3061 8072.7016 16
4433.8709 9993.9063 3
3651.7198 9380.8808 24
-3705.5037 -9012.4078 41
-7755.7164 9484.4964 28
-1300.0283 1084.7714 48
8384.6152 -1556.1316 36
-5129.0524 4251.4753 31
2910.3307 281.4006 47
476.3646 8199.2347 42
-9290.7349 5151.9168 11
1837.3469 -1618.1806 33
-1827.1956 -3946.9476 11
-4028.0951 2433.1051 36
-7511.7273 -3721.6445 10
-4202.1591 -5263.2099 35
-3469.4359 -765.5550 41
-1286.5151 -7871.1521 20
9853.2503 -7558.5494 26
-2440.5944 6739.2560 14
-6566.2781 -2787.4633 29
8025.5349 -6180.3991 43
-6877.6240 1505.5609 47
9565.0283 -5965.2398 14
-2400.0324 -7380.4450 32
-3914.2268 5910.7604 38
-7415.3312 -6454.1136 10
-9677.2676 -4153.0152 5
-3337.7806 5581.2596 49
-5463.3467 2966.5356 2
7689.0617 3085.2134 6
-798.3660 7231.4549 47
3802.3315 1781.1282 6
7466.5710 -6174.0745 10
-7308.0852 9517.9913 21
-6579.1884 -7301.8109 29
6298.7803 -6982.0955 9
-4352.5595 -3605.4430 1
-560.0294 488.1447 41
-9739.9309 9137.9061 1
-6537.7770 -3574.2970 35
-1244.0622 6620.0165 34
-9489.9377 5074.9095 46
-6863.6735 -9613.0521 22
-3574.0661 6544.4413 47
-7103.5019 9011.6058 20
9077.6848 -8734.6008 7
-5972.4772 -5532.2643 15
7959.4229 -4768.4015 32
6064.3369 9172.2076 48
-4667.9873 -1079.4833 28
-9408.6779 -5092.2459 7
-4668.9542 -6708.6840 40
-9345.2234 1521.3518 43
-6776.3982 -178.4440 40
-4798.5090 -7032.6839 31
-5709.3345 6350.6718 16
2344.7912 6678.5053 12
5634.5952 8219.5447 35
5266.0300 1278.7501 9
3567.6568 -3915.0881 45
-1524.9807 -5824.8671 16
-6128.1534 2566.8396 18
3306.2122 -5436.8447 41
-9355.2657 9014.2370 13
2696.2752 6986.9857 26
8766.2656 -1696.6745 19
7998.0274 -9008.1638 42
-2494.5270 -7852.6424 38
7247.6421 7257.9197 30
7693.8868 -5284.7722 48
-9469.5150 -2417.5546 14
1432.1379 -7932.5900 48
-8517.3584 8038.6911 16
-4906.8322 5230.5071 43
8843.5071 1338.5183 38
4060.0626 -5369.7634 44
-998.1756 4090.4412 15
9928.1733 -6335.4067 26
3122.6073 6395.3437 29
5176.8487 -4091.5226 40
-3170.7175 1605.2950 45
9987.8348 9316.4338 9
-8290.4605 3649.3836 1
3775.6020 2589.9455 26
3445.4626 -8670.8194 35
5464.5004 3921.1339 10
3167.4063 -9126.2116 20
1723.2645 9187.2809 15
2312.6372 6971.6000 26
3521.5066 4219.4629 12
1475.2752 2695.9602 37
270.1571 -3747.1291 11
5095.0491 7702.6415 39
4994.9406 8550.9546 44
-1639.0379 -5302.5605 41
-3446.6727 6521.8816 7
8574.2902 -2664.3474 40
7637.5424 748.0718 38
3457.3117 -1412.1404 29
5750.9634 6306.9425 18
4641.6254 -759.0178 1
-263.2433 5521.6860 19
-6882.8197 -1769.5108 11
-5826.7837 6549.0557 30
-3739.2646 9829.5159 34
-5675.7603 -3125.1326 23
947.2120 2002.1882 9
6007.4455 -7162.7748 26
1659.6081 7315.7202 8
-8972.0400 9807.8534 6
-4592.7473 1977.8685 32
6999.6752 -3318.0344 44
9593.2906 -348.7136 27
5320.0860 1646.9718 10
-9204.6144 -1856.7015 22
5469.5299 5294.6693 6
-2291.8391 -916.3175 47
-6647.9091 -7400.4256 22
-9783.3056 1242.6537 11
-8022.6424 4159.5960 35
-6176.9739 -6297.5463 38
3041.1097 573.5606 37
-2554.6240 -7702.7351 44
5791.1150 -4157.7359 40
-2095.7136 -8989.2598 9
4605.3937 -5191.9267 46
2967.9357 2038.2006 33
-8266.7540 -870.6537 14
-6769.9398 -5497.6636 2
5683.3836 7543.2525 43
9719.7070 -1502.8927 23
7474.1519 -5385.4798 13
4119.0941 -408.1488 34
-405.6285 3519.3270 8
-3523.8482 -7632.6188 16
6793.9084 2443.2331 31
8922.9245 -248.4511 7
8795.5346 5865.4668 16
-4247.6308 5676.3476 32
-8391.4773 1984.9237 46
2771.3202 -6503.2496 21
308.7383 9183.4104 13
-1451.8284 -8402.1067 15
4105.8650 4911.5601 43
5679.3106 3110.6013 25
8986.3831 4986.0788 23
-8227.3883 8472.2495 42
-2752.0154 -2598.7096 35
-9528.2531 9989.3263 33
2365.0769 3018.9922 2
-5405.1266 -6432.7341 7
6559.8913 -986.7831 41
-5558.2430 2454.0395 28
6863.1199 -6140.6656 24
-5728.1903 5440.5056 10
9763.0512 -2331.1279 34
6869.6018 -1199.2719 18
5671.1467 9563.7060 12
-8086.9980 -1687.0384 27
3926.4016 5834.5620 17
2619.2060 8022.1678 30
9008.7924 5885.7947 1
-9758.3602 1962.6620 43
-6206.6130 5820.3486 36
-4036.2947 3825.0004 10
5278.1154 -7092.6065 6
-2194.6944 -9655.5056 39
-4825.1303 -43.3048 6
-9810.8930 -4732.6711 37
3035.7252 -3939.8221 11
4444.1251 2474.9950 39
8008.4017 -1198.2802 29
-2792.1667 3687.4006 8
288.4865 2485.2849 32
-3707.9037 -3576.1245 14
8905.4986 8474.5181 3
3958.6076 8694.3955 21
-7765.5717 6298.3567 32
-263.4210 -9371.6230 49
-6530.2693 4699.8475 1
-5217.4421 2826.9119 25
8401.0985 -2538.7377 11
-4035.4755 299.9583 47
-5073.8668 4737.7633 29
-3699.2081 -6242.4024 25
-6828.3498 -8589.5605 42
-7818.4360 -4430.1742 17
-1383.9513 -3877.5349 26
6932.6425 -3449.0425 40
-2768.4508 3047.1128 43
5219.2801 8924.1653 23
-2059.4833 -2853.5884 11
2664.2841 -2012.4482 12
-9679.1338 -5969.0372 20
9882.1504 -8966.4081 39
-7113.6408 -6000.6914 5
-1838.2629 6583.3670 9
9432.3399 -6378.8725 15
5703.1088 -6716.1316 43
-1618.1857 -832.1172 32
-1165.6229 -4512.6592 19
-1339.6711 -6777.3636 23
6308.1778 -1589.8977 12
9586.6318 -660.2471 49
4652.9730 -2743.9072 20
6300.2341 -1950.0981 38
2563.8040 9526.4628 23
1901.9179 1935.6136 22
4634.8031 9344.7728 38
2298.0592 -2038.1813 34
-2872.1383 -4571.1561 48
-4462.5940 2902.4563 48
-5774.1957 2622.9243 36
-7679.9291 -1120.1051 18
6791.5342 885.1561 42
-6625.7349 -526.8060 20
-2724.2140 6876.2206 33
-8575.2379 7994.0522 39
2409.9056 -7249.9413 36
-2558.6346 -6755.7960 40
2300.5068 -2523.1408 37
7706.0453 -220.8136 21
-2190.2840 -1661.2555 7
-9739.0652 2319.1893 29
-5141.7859 2791.5463 31
-9211.9687 1644.3900 33
-3013.3504 1210.8543 41
9745.3060 3768.5041 21
2418.4900 -9835.2284 7
-5391.7989 -2221.8006 29
982.1475 -729.7183 44
-248.6708 -1905.4148 19
7497.6724 437.6418 34
-9722.5207 -6988.0890 22
993.7766 4081.3099 28
485.6023 8614.1153 40
1249.7320 5230.1217 36
-8801.6240 2701.2606 6
9132.8058 -1402.1547 6
7836.7682 -7478.4931 39
525.2954 8734.5885 34
4375.7120 9494.2473 5
9431.3888 2500.2092 1
-8098.1180 7028.7658 16
-9406.6044 -3739.8941 24
8519.8720 -4977.0574 27
-3792.2562 -5839.9881 9
-3266.1651 8859.4920 10
6974.8383 7534.6498 37
-4849.8849 -5890.8176 4
-4343.6377 -1767.8956 47
2846.7278 563.9317 12
-4448.8791 -3192.7030 19
-8102.9155 -3829.2509 16
6872.7005 8463.7225 27
-1283.9427 2361.4878 13
2625.1979 9287.8578 38
-3023.2542 4289.4201 23
7188.9359 8459.7622 25
-7154.2283 4927.3920 40
9454.4364 -7010.8418 40
7487.7987 1706.3921 2
-1982.3767 3450.9713 40
6133.6570 -233.6471 10
9104.1285 9743.3615 8
5758.5190 -5612.0344 39
6255.2308 -838.0303 47
1457.7155 2011.4837 3
-3678.6964 6593.2547 30
4864.7171 -7097.6739 30
4972.0591 7966.3127 34
-5063.8157 -3039.3427 2
-2828.4174 4451.0842 24
9842.3170 -1637.1825 37
3423.5079 276.2592 1
-9117.6478 -9408.2143 11
-3481.7132 233.4967 12
-3287.0811 -7502.7076 38
-2355.4868 -5380.0808 1
-1446.1559 -9661.3922 16
-507.5760 -8794.7127 5
612.5084 2046.7364 9
1006.2134 733.4602 26
-9942.4834 -7331.9035 11
570.0111 4983.3273 8
-994.0816 -142.2695 17
103.5637 9451.3080 36
1626.0095 4517.0638 38
-9693.9482 -2990.0335 37
4961.2087 6822.7483 25
-3062.2023 -2434.5963 35
-8830.9066 397.8296 2
9665.2599 5089.3801 6
-5176.4469 7781.0565 4
-4871.0734 212.8494 22
-8945.2851 -5610.3736 9
7428.7270 8655.7353 41
1213.6279 1147.3811 47
263.6751 -8452.2373 33
5040.3493 -4663.8977 8
-2933.2934 3968.1939 19
-3937.6694 5074.7148 11
2169.5113 3605.0171 34
2124.0994 -2017.7328 28
-7273.8783 9062.1902 28
9585.6743 -8727.6606 20
9804.7230 4984.7648 39
-5165.2302 -5904.3810 41
3768.6482 1395.7908 19
2872.7333 -5519.3759 34
-92.8128 -8718.8679 14
553.6526 8322.5385 34
1357.6312 -8986.9723 37
-7030.0127 -5163.5484 26
-4875.7984 -1807.6682 49
-8863.1430 1003.3183 8
-6655.7204 5156.1018 8
-921.5112 -8276.6985 28
-7008.5733 -1295.0626 13
4616.3232 -1453.9042 32
852.5898 -6368.9193 1
-5980.2142 7793.5510 14
7408.2314 -790.6877 42
-2735.6101 6604.0215 18
1164.5289 8918.1272 6
-8356.9016 -2123.0039 9
-6576.7480 -631.3697 37
8694.8710 -3527.4500 22
-8097.0821 448.6575 9
-7899.4625 5528.6595 12
-4884.0027 -5984.6408 42
-3303.6519 9651.7202 39
-208.9772 -7334.4277 21
-6037.6453 -2672.7904 32
-6385.0614 3735.1519 47
6703.9302 75.8199 36
-1389.7271 3100.2762 47
9625.3386 -8065.6884 22
-9522.6369 451.8533 16
2379.2777 -5375.4797 46
-3034.0858 -1243.1633 45
1722.8167 -9885.5604 26
1831.7021 -8837.7382 45
-5868.0497 -8203.0594 8
-5516.0100 4974.9391 29
-907.9925 3923.8034 42
81.1972 3946.8068 35
5094.7908 -7206.5265 2
9550.9715 -2009.3061 28
821.1592 -3687.7733 5
2631.3810 -3825.9513 9
5647.4548 2984.9131 20
-4389.5255 2274.1857 14
-4462.2307 -9439.7791 11
-4678.0673 9707.5276 29
-8123.4022 -1374.0002 44
9262.7367 2907.5075 34
4391.1251 7183.5377 4
834.5899 -4957.8601 7
7040.3078 -8319.5848 11
-2921.2661 -5359.3904 48
-6463.3676 -1277.6558 46
-8622.6624 -4487.8284 38
-7549.3367 -1548.8003 13
1328.2069 -632.4440 9
-2920.5273 -2486.9814 32
-2416.1887 -3791.9067 4
5383.3153 9475.4566 41
558.1506 -3394.9868 34
3856.7043 9991.9509 39
-8133.6969 -247.0511 9
1517.8892 4819.5823 6
-5888.0374 -2192.3604 48
-7257.1729 -9753.5628 36
5279.7130 -2186.6570 7
-2667.8251 8785.7225 18
-5513.3352 9438.7963 49
-3020.4989 -9370.2156 26
-3423.1105 -648.3249 18
-172.3734 2228.9934 48
139.5115 -3165.3576 35
-9629.0866 -2359.0922 3
-5939.1351 -4060.5293 28
3639.7527 -8615.4002 34
3306.8099 -4845.9784 12
-9199.8652 3296.8648 23
1369.0319 6802.4698 9
219.3920 2848.1901 12
-3480.7810 -6575.4226 34
-3887.0550 8402.0216 38
-7673.6465 5876.9278 28
130.1229 -6186.4971 40
3382.0113 -390.0417 1
-3067.4617 7210.5731 9
-1929.5819 -3708.9380 2
-4994.5915 -460.4853 12
8891.9024 6402.2173 18
-1029.6875 7535.6716 25
4503.2732 3792.2775 44
-6536.5815 -8128.2874 26
7619.1335 -1573.7315 11
940.5635 80.5384 9
7022.6083 -4377.3449 47
-2662.8485 9388.7830 24
5577.2261 4426.5331 41
-7768.2459 2189.8936 6
-3194.5890 158.5594 36
-4243.9441 6405.9029 3
5664.8725 6181.1181 18
9022.3162 -1019.5493 8
-5062.0846 9455.1525 3
-1707.7253 -2120.2082 31
-1028.2551 4404.3659 4
5041.7771 -6454.6228 13
7111.7673 783.7278 12
-6539.0535 3223.2208 34
-6962.4095 5005.4190 4
-6407.1258 8534.7651 27
2868.8276 8220.3033 20
-6727.3956 4179.2643 32
14.7255 7054.4933 27
-1424.6018 3993.3784 10
-8002.9901 4596.5998 21
-9919.1011 9995.7902 9
-1588.9497 -4316.1807 43
9342.4176 5500.1692 42
-2782.8742 -404.7598 42
5067.3205 4605.6591 13
574.4310 6032.8306 20
-6984.7546 -2406.6811 38
6877.8942 -6947.6472 45
8914.0669 2140.3261 7
-7468.4023 1316.4790 26
-9746.2300 5714.2850 34
1351.5735 3110.6209 7
844.7581 -311.6277 2
-8405.5416 -8625.7682 7
-2897.2115 -4967.0080 20
2677.6499 2333.3308 10
-7923.7093 536.1041 40
1222.6877 -8242.9585 36
-5195.9355 -7947.0661 47
1799.3889 -854.4659 10
3980.6353 9843.3492 15
4136.8959 -6682.6226 38
3803.1102 -355.0199 18
135.8020 6277.5398 46
7413.4090 8753.3266 19
-8760.9618 3692.1552 2
6056.3124 4706.3003 31
-923.5870 -7913.9508 18
2170.0261 3849.8284 14
-1376.1766 -5295.2954 18
-6346.8187 -3762.3577 44
7878.4688 1646.2934 47
4839.7219 -685.7877 2
1420.2611 -582.6726 22
2536.8560 -7566.0049 29
8271.4403 3715.9251 40
2898.0773 3917.7391 36
-5854.2541 4415.7395 24
1841.4827 -8208.3511 32
3428.9063 8353.3794 43
97.4988 -562.0531 31
6065.0413 5340.8242 37
-9521.3931 -3891.1334 35
-7923.2205 3302.4531 36
-8235.4972 -1087.1254 46
1719.0266 -6376.8037 25
8880.9419 8362.4351 14
6062.8429 6610.3714 41
-4192.3344 -8219.0380 13
3371.4951 -8548.3459 4
4183.6206 4998.7862 39
425.2278 8561.4570 45
2829.5929 2550.9996 48
4324.1407 -4262.6698 8
-2028.1668 -8734.2133 34
1070.4417 -8680.8650 31
-4416.0581 -1096.4783 20
3150.2195 4399.2837 40
4652.6543 -4983.5351 4
4646.0360 -1662.6913 48
-3628.5479 -2058.3596 16
9914.9769 -3249.3069 4
8388.2556 1542.9824 30
-3005.3880 6827.4570 48
4305.9407 -6573.4051 14
7237.0999 -698.5016 19
2948.3101 8456.7133 31
749.8496 -3300.9766 43
3688.5212 3972.1075 27
-8552.6884 6352.2874 31
-7022.3194 -5404.4392 22
7898.4120 -509.7611 44
-9814.8000 4525.2377 18
-4781.2412 -4247.8961 21
4000.0965 6856.0640 19
5773.1185 5183.0369 41
-5747.8147 -7105.6225 1
-5064.5667 -4775.1554 45
1712.4238 -4295.3383 42
-4277.0801 -6821.3897 40
6088.6965 -5887.1494 49
7704.5856 -9055.6051 23
4625.2821 -4880.3013 15
-9757.0009 564.7738 31
2368.2924 9728.1121 37
6150.3338 -2320.9159 31
-3304.7809 -6453.0521 26
-6998.4230 -722.1693 37
-7449.3239 -3669.3598 46
-7057.6863 -6214.5999 21
9647.2086 -2807.3912 23
-552.4772 -1350.7213 39
-1434.4989 -8928.4756 3
-1318.0144 -9740.7340 32
-4462.3676 -4727.0017 15
6930.2456 8426.3375 22
-8527.8289 -8456.2117 7
-9759.3520 -8765.4450 25
5539.1233 -496.0900 36
-2469.3478 152.4782 17
-8208.6591 -1223.6483 23
-6770.5103 2712.6443 24
-70.1428 -124.3416 39
-6704.7522 7732.3356 22
2833.9857 -5077.2197 21
-8340.6627 581.6161 38
4442.5935 -7656.8103 12
2272.8005 -3162.0477 5
-468.3140 -1134.3712 47
-1151.2851 3099.5182 16
364.7709 5731.8065 33
4439.9201 4360.7843 35
6087.0230 -2060.4328 25
2525.5519 -9851.2248 31
3407.4393 2944.8092 44
-1039.0909 9987.3912 33
-5583.1330 3207.0228 5
-51.2372 8485.5184 36
-5611.4882 6372.7793 40
-6404.4223 8414.7640 41
-8514.3707 3121.5410 12
-3505.9500 3017.3585 37
2951.8647 -2408.4369 22
-4014.9448 6609.4684 47
-1289.9458 -9598.4950 37
2178.1773 5186.6903 16
4367.1394 -1539.7141 34
7787.3119 5750.2621 46
6717.5965 -3650.9795 9
-7937.5617 7181.6039 7
131.0908 1514.9319 33
2832.6038 -6177.6910 27
9807.3125 9840.2047 49
-8863.9477 -9960.1007 34
2291.5273 -705.9397 21
-3508.1280 -9656.0125 14
8243.5593 9924.3599 17
-4368.1417 -7090.5123 32
3775.8989 -1797.6722 7
6553.8235 -9658.0645 36
1749.7660 -6168.7547 20
-7391.6253 -3480.2098 37
-7195.4394 -9051.0255 31
4395.0545 8068.6898 18
-3298.6088 5600.1240 4
-1606.2446 -6102.9057 19
-5825.1973 6418.4834 6
7293.3644 -3414.1159 9
680.1719 4340.9920 24
5458.2018 1924.6497 32
-245.3923 -4400.9371 12
6281.1855 -5575.7460 20
9091.2685 6516.3796 4
-8257.3957 -724.6723 3
6426.8357 -7013.3003 31
-2135.1621 1246.5921 39
-1840.4170 5138.9000 3
2603.3137 -6331.0007 2
-4005.4659 2538.3745 33
3540.5959 7770.8202 33
-2188.0123 -4103.8030 28
-4636.3078 -9486.7664 41
7704.2055 -79.7717 37
-4864.8789 -7845.3803 10
8240.3091 2557.7298 5
-8890.3481 8516.1464 48
1031.1207 -83.0074 1
-4159.2511 -8844.5919 11
-6861.8752 8206.6796 13
2795.1448 -1123.6004 3
-9591.4599 -6321.0758 17
-2860.2679 9256.8341 16
1425.9768 6883.1151 44
-5576.0260 73.5246 8
9167.6101 4237.6670 9
8833.7719 570.5188 6
6616.7160 6137.5964 47
-3181.6064 6923.2247 39
-556.6510 5506.0446 28
7318.2294 7021.9822 15
8446.8242 -6607.9905 43
7877.2808 -1307.7263 33
-8622.4976 -3098.0459 2
-2245.4584 -811.5259 49
6233.8734 8636.0974 23
-4041.0363 4189.0099 8
-9351.6419 3618.8980 40
3082.2423 -2734.2370 8
1279.6477 -8253.8733 37
808.3261 -4665.9533 13
6140.1496 -9335.7256 29
-524.4036 9860.4848 11
9471.1819 1846.5445 43
6730.4967 -3208.1573 39
9911.0602 9606.0111 14
-4600.9753 7909.4471 28
-5044.1543 6939.9194 31
6874.1612 -1257.3020 43
7894.5282 -666.4342 26
8920.6593 7957.1572 47
7154.3151 1922.9238 18
6387.0938 -5717.6922 45
6203.4213 -8640.5217 3
-5170.6591 7725.9470 4
4615.6049 -8079.8901 8
-6537.6167 156.9505 18
2135.3577 -7380.3837 33
5150.5875 2515.6808 33
3047.5736 7851.7882 22
4505.4248 -1251.1225 27
-8373.4729 -5016.7781 20
-1179.1395 8172.8796 37
-2887.3810 -1322.1449 10
3619.4749 6692.5515 15
-1557.2791 -3236.4973 48
-747.1713 5849.7995 45
-8323.4377 8935.0684 33
3604.2961 -2582.6990 4
-694.6179 1078.0737 5
-4103.3862 -609.8241 9
-675.1758 6727.1684 19
5155.1133 8019.6978 29
9020.2069 8731.0849 44
-2414.1895 520.6604 2
3502.8755 -2987.7215 42
5490.9542 -1837.6612 1
61.9979 -8759.2239 46
-588.9151 6738.8662 21
-2677.9170 5890.9657 40
-824.7141 -9217.3216 13
-7150.7752 -9469.8720 38
1475.7101 -2008.2175 46
-7207.8179 -5541.5515 39
1841.4660 -6375.7417 33
4842.1073 -3073.4469 27
5030.2523 569.1636 10
562.2368 -7890.1071 11
3434.0130 411.4837 19
2067.1683 6752.5680 10
-2657.1630 -1932.9944 24
-5590.4776 -371.9298 40
3463.4872 -4728.4362 46
8573.9850 -4563.7199 45
-634.3214 6939.5451 22
-5279.6940 -2957.4549 8
9216.4741 6022.2375 47
-600.4048 -3274.4636 45
6398.4146 6252.1550 14
-1056.7889 -1221.0312 15
-9571.6968 3631.3928 5
-7488.4649 -1661.6290 18
-1259.2725 -6103.7716 24
9042.8588 9625.3998 26
-193.6884 5411.8025 1
3816.4402 -3507.5597 39
9815.3008 -7619.0247 37
-1713.5271 2780.2387 19
4950.6768 7285.8648 44
-3702.8011 9683.2929 30
2053.8373 -6950.3651 26
-4741.1109 8853.6573 22
-8575.7612 5359.0791 19
8381.2707 -7465.6955 2
9154.8514 -9597.5086 46
821.2040 1067.9748 36
-7784.7385 862.0575 45
-6682.0185 40.9941 31
-1030.9501 6492.9058 28
-409.9310 4076.6773 8
2961.2545 -7680.6333 49
-8364.0624 -1399.9810 21
-5304.5412 -107.3405 28
4631.9978 2054.2757 13
-3816.0296 9797.8509 35
-232.6390 7086.6478 48
-2280.1711 -6471.9659 43
-1677.5523 -552.9627 45
-8836.9189 -8149.7810 32
-7902.6841 -510.1108 16
-4883.8199 -8335.8952 10
-1816.0209 3978.7345 39
-7280.5296 -1343.9535 9
224.3197 -7060.9267 37
-5820.3886 786.1325 25
-1030.0167 -3160.8210 2
7988.0957 -8714.0746 38
7751.1376 9277.3621 5
-9861.8607 6103.2373 1
-3722.2939 -2677.8448 45
-5899.3321 -4614.0678 36
-3993.7067 -9597.1962 14
4790.9076 -6347.7648 14
-3011.1528 7325.1587 23
-293.9185 -498.6848 10
-9109.0914 703.6427 3
-5502.9368 -1177.2873 7
1179.8940 -6858.8345 18
2110.2833 2834.4570 24
2372.3672 -6604.5758 24
-1090.2876 2408.7158 12
-9244.4028 3268.0871 12
-4830.8707 6340.2573 15
-2754.2959 5952.3220 32
7203.6733 8185.7101 30
-600.1995 -215.1117 8
5463.6855 8921.2696 20
6481.5375 -7694.0530 23
-1231.0000 5427.6780 48
6126.3536 -5803.8156 19
1401.8945 -8153.3855 9
478.0948 7444.5033 24
2660.8196 1555.4897 39
-237.6770 -1616.3492 34
3334.3131 3379.6806 20
-1732.8303 217.0452 38
-5236.3133 9807.9602 46
-912.2449 9221.7644 35
1767.6277 -4236.2667 36
6382.4003 9801.7517 10
910.4574 654.3225 9
9900.5260 -5869.6961 39
2778.9396 9559.2243 21
50.6124 -2594.4009 19
-3516.1928 -2377.5431 45
-2998.7537 -1351.5218 14
-6616.0462 -1335.4809 40
-886.8276 4886.4312 7
1396.5739 6867.4837 45
1528.4397 7617.4923 4
-6414.2973 -333.7360 19
-8941.4006 2426.2304 27
-4137.0943 -4211.3154 35
-4073.5675 4903.1988 23
3578.9011 -3364.5584 21
-9481.7203 9167.2250 22
5170.3416 4877.2271 46
-8789.5744 1006.4797 18
-4697.5966 -1098.9068 18
-6969.4670 -3894.0423 36
8181.4190 2182.8049 2
3771.8801 -695.8758 2
-1123.7095 -783.5575 38
9335.6854 -6181.0071 18
5213.6219 -2079.1915 13
8944.4276 -4967.9460 1
-1714.9773 2649.8201 16
-9442.8812 -1486.8767 30
-1508.6459 3157.3090 33
-5916.1217 8223.2916 5
840.3125 6232.1683 34
6364.0488 -3846.2785 10
2199.8032 4882.1947 23
-8500.1745 -5876.3476 12
567.1610 8501.6582 31
-5925.4041 9820.7540 20
672.1408 3212.7464 30
1777.3527 2001.4776 2
6835.1839 6010.9140 44
2853.6745 93.6693 17
7560.0710 -6495.7472 43
-6473.1299 -1499.9133 26
-6883.2860 7182.8797 4
-4536.6154 -1084.8590 46
5048.0764 -3587.4651 13
6620.0302 -3780.4338 2
-527.0740 -8521.7243 39
-5070.4855 -8883.1463 25
7611.1788 -1705.3657 25
2892.9294 8434.4260 2
16.3025 9472.7670 30
-7730.5995 8105.2272 34
-7747.7035 -8703.5037 4
-3421.3669 3286.7602 43
8791.0522 4742.5909 33
1323.3595 4447.3192 7
7899.6088 -5453.9850 40
3106.7044 -1981.9477 22
7464.8546 -9422.2843 37
4929.2704 8090.2172 11
7266.3384 4312.7666 37
-5380.4769 -1044.7939 19
-5562.6604 8397.3293 4
-2877.2100 4649.1283 25
649.1930 6018.3579 25
2230.9757 946.1422 29
-4482.6445 -6790.0192 18
6298.0724 -1764.5433 44
418.4532 982.3480 10
7346.5877 -5651.6784 46
3439.9110 9313.1550 11
2055.5637 8743.9478 49
-7149.5220 5737.5635 12
1667.9347 6682.9170 43
4037.1542 9171.9561 6
7155.4072 -3938.7878 7
6065.4188 5811.2598 4
2687.7444 -5823.4149 45
9076.9556 515.2134 21
1494.0874 -9871.5328 36
-8761.8892 70.4128 46
-2105.5037 -4079.9822 26
7818.4139 -4006.6831 16
-3822.6742 -3641.3764 41
5653.2353 -2775.7578 25
7291.1259 1201.2025 33
-255.0357 1387.6583 15
-3013.6027 -1847.1026 39
-6382.6003 -5873.6895 22
-4505.1622 -2788.8983 17
1161.1160 2077.1604 19
-7607.3721 5578.7435 44
3927.9345 8250.6493 10
8477.3299 1442.6067 36
8885.8813 8747.9594 15
-331.5495 -4097.4202 21
-8693.8036 -5288.3430 23
7919.4371 3028.8484 40
-7713.3231 6636.8043 6
5711.6648 3299.5151 36
-2406.5720 7196.7186 48
-5118.3931 -2864.2178 15
8339.7288 -6493.7168 9
5356.7067 4831.1095 44
-4040.3332 -35.4432 18
-7076.9159 6277.4952 45
-6890.6281 289.2423 43
131.3846 -1958.3525 3
-3631.2807 -7622.8093 12
4925.1708 7529.0058 6
1761.8451 -9358.3665 45
-491.3022 -7376.6413 37
8700.4621 -7801.7638 26
-9492.4949 4843.8456 1
-8249.6897 -5654.7238 14
-5097.7647 8015.2109 12
-2420.8154 -4826.9941 48
8254.5129 -1943.7624 32
6675.5909 8806.4879 36
-161.8527 -6967.6674 25
-9994.3881 -8879.6090 30
7305.2383 5050.0550 12
-2501.8045 -7152.1224 1
4104.7494 4358.0558 17
6626.6477 -7048.8768 4
6524.5389 8458.5659 46
5652.1692 6951.5927 43
-8058.5277 6363.8740 48
-6254.3922 5076.6633 22
702.6344 4460.7528 43
-5021.0000 466.3331 46
-1890.0364 3645.6245 38
-6808.7565 6922.1430 6
-717.9988 7279.4582 17
-6476.7659 9574.6060 6
-1509.7423 -8368.9150 15
-2173.6176 6163.6269 19
-728.2939 3435.8345 27
7983.5373 -3542.6921 30
-6893.9707 -4827.5831 42
4530.5236 -2173.1122 47
-2140.0659 -8640.8549 9
7104.1569 717.7036 36
-3294.4049 4326.1008 42
5090.1150 -5346.0492 49
-439.0855 -8186.0481 22
-75.2227 -1665.9674 15
-2199.7062 3732.9288 39
-8276.9880 5467.9374 35
-8534.7588 -5282.6207 36
9312.7826 3309.0763 34
-7299.4594 9793.3638 48
-6794.0018 -8833.6722 21
6765.0932 -8900.8899 47
4209.9453 4075.7552 40
1448.4741 1768.2170 28
7274.5047 -7935.4727 5
-492.2063 7083.1386 19
9813.8532 -2692.8415 32
-626.6531 2171.2155 39
6971.9543 6499.3238 34
6921.3575 4305.2830 36
580.5139 7263.2354 20
8743.0406 -8064.9997 41
-6858.4136 -6754.0142 14
5988.7222 -2761.7521 47
8236.1625 4575.5598 33
7554.0774 -8176.0205 9
-8830.1258 3331.4638 7
233.6353 2926.3680 32
7794.4203 9691.5992 33
3918.9030 -1232.5607 13
4958.8887 -2099.6202 26
2622.6690 1101.7197 9
5846.5423 -1444.8788 32
-9432.9860 -8919.4357 29
713.8647 -9333.3728 43
323.8520 6821.9768 49
-6063.2386 2692.7989 37
1842.5942 -3583.9121 13
8463.3006 -1934.6666 12
7821.2499 457.1734 48
-9696.3882 -3656.6384 22
3261.3751 -6701.5350 9
-2284.0027 -712.2642 28
-9087.7702 -1336.3975 40
-2552.3971 2457.1287 11
-667.2372 -9967.1241 48
5434.5942 -754.8542 21
-865.0040 5346.9760 49
9761.8435 -9975.4506 16
2650.7459 8283.8724 28
2400.9307 -2375.5184 12
-7844.1821 -856.3962 39
1372.3374 -8406.6332 22
-5486.2860 8058.8869 20
-2139.9747 -3633.0338 38
7667.7693 -5823.7905 28
6515.1431 7510.2559 43
6031.7181 -4249.9308 10
-7266.1003 -1572.5350 34
6695.7538 -3306.4540 12
3533.7710 -445.9103 40
3648.1327 -3904.9175 8
-9759.6795 4905.9979 20
9059.0701 4360.9894 17
8511.2757 -7343.2936 39
-6815.9836 2680.1066 30
-6418.1290 8391.6656 27
-4442.1282 -2872.9170 49
-4496.1579 6061.2613 9
-7568.9167 -1007.8615 28
7659.3149 259.2682 39
8492.3500 -3294.4859 24
-9465.2855 -9496.3806 27
-4051.8699 5133.4698 33
5202.3332 -6053.7095 44
-2137.3694 5182.9374 47
-3355.0026 -111.9651 46
-505.1254 9224.9935 15
4681.7598 -4065.4782 19
-5323.8828 27.3495 8
-4951.4183 5412.3285 34
4746.7344 -1962.3899 31
891.1006 6156.6827 13
5867.3201 489.4118 24
9046.6129 8958.6404 35
-8686.2893 -8130.3624 18
6862.3936 -9941.1914 39
-4466.5627 5016.7054 41
9376.4028 5219.7599 21
2879.5361 -5950.0207 6
-4910.6421 7467.5051 21
9677.0124 -9319.1126 28
-6771.3401 -6911.9562 25
-2323.2884 -1317.4105 45
8105.0574 -2548.3434 19
354.8160 -7961.5977 7
-9785.0722 -1646.0158 40
6639.8875 -6321.7338 26
8811.3114 -6460.7879 26
7183.0320 -178.8892 11
3192.2728 3784.8706 31
-6286.5414 -4022.6623 19
5158.0990 5743.9211 27
2669.4005 9039.1406 32
-9879.9124 8418.1468 46
7454.6266 6733.8370 10
-3253.9274 -3532.2159 25
3962.0375 -3681.8293 42
385.7908 -3729.4093 22
6717.1049 -7743.3461 47
3911.6535 662.0589 7
-2457.4783 -6989.0999 10
-6487.3147 4979.2146 6
-7044.6062 -7098.2689 28
6471.9368 -6907.2590 14
-5347.5145 -9262.4284 46
3.5932 -312.6865 24
-9453.9755 -2340.1024 4
7544.2967 1292.6650 22
7912.5284 -3264.4045 21
-5476.4688 -9105.5394 3
-7087.4648 -3339.5099 29
9523.9897 2783.5339 47
-6711.1126 -5996.7492 43
6416.7055 6457.4409 49
2794.8910 8091.3461 42
5250.8098 -8429.2545 11
2406.9554 -1634.1432 4
302.6667 6748.0774 26
3763.2192 -403.6668 35
6333.8046 -2514.3084 6
-630.5953 8854.1988 39
-5964.9322 -4692.8971 35
-7329.1610 16.4900 31
-9937.2392 5072.4126 32
7625.3889 9071.0346 11
3255.2832 2562.6794 16
3802.3079 -2721.8566 45
-2077.5574 6473.5516 25
-3320.3544 -7827.1776 34
-6639.3699 9591.7846 37
-9612.7935 -6143.9438 34
-4536.1576 -769.8037 10
-8360.2972 -5958.6829 49
8329.4675 -7277.2675 28
4843.5861 9902.6006 44
-8318.0594 -8140.4932 6
6917.4967 -6704.8015 42
-4569.0883 -3105.6502 41
7457.2190 -7671.1387 49
5601.2565 -5184.5934 14
-5977.3993 -6867.3204 6
694.1770 -932.3126 44
3518.5831 -5498.4818 43
8907.1407 3014.8659 21
-9294.6000 2028.4668 46
6317.9002 2819.3284 19
-2937.4037 -4631.4171 1
-5856.6624 -4741.1694 28
5493.7944 9120.3121 23
4165.6942 -933.2489 43
-53.9276 5202.0137 18
-9953.5746 -3733.7898 1
4536.9470 -5930.4436 42
7699.1133 9749.4331 29
9306.9975 -7448.2274 14
-8372.7811 8446.9206 17
-9894.6044 853.7543 34
4302.6792 -4849.9413 16
131.7260 -3027.7346 38
-4336.6418 -4226.5937 38
6668.0661 4897.6242 25
-1708.3803 9718.9548 45
9979.6100 8142.0112 12
6621.8314 -5914.4032 9
1253.3363 -4666.5600 44
7496.9698 -4589.7702 4
4382.6031 -9871.5626 32
2398.0058 8166.1392 31
-2188.1210 -6115.2062 28
8260.2005 -9219.9074 33
-217.6420 1385.0907 30
-2312.3959 -9270.4592 46
-1969.9095 9838.0412 4
2246.4073 6798.8342 48
-1594.2555 -9029.2560 22
402.7606 3594.5685 44
-5834.0026 8370.7091 33
-1813.1363 -211.3003 27
-5006.7557 -9157.2831 12
-6281.2360 -6446.0784 30
-807.3012 -5352.6406 5
2238.4872 -4414.0915 6
-2637.6681 -6144.3886 37
725.9950 -4685.8282 33
8143.1736 -8691.1465 6
-5796.9771 9223.6272 10
5696.2168 -5880.7893 41
3922.8223 -6236.5453 27
9355.3286 -397.2151 38
-4919.6329 -9807.8787 42
2425.7081 6876.9104 45
-6507.5653 -6511.0988 11
3561.8817 7637.9147 32
5685.2880 2965.4904 14
-3055.1042 -6282.9689 45
3980.9926 2448.7726 27
-921.5943 9001.3897 44
-3941.4355 2860.6539 4
3433.7323 -6995.4153 39
2533.4524 -8832.9822 1
-7182.3311 3092.1303 39
-1885.2425 -985.4251 2
8683.3599 1594.1673 5
45.8157 851.1572 38
1289.0481 -2934.6901 44
-9916.7275 6736.0792 39
7808.2395 -694.7183 11
5845.7877 2980.4189 24
-334.8033 9257.5653 19
-3537.7601 -804.3932 25
4261.5796 5252.8006 19
434.2807 5647.9289 39
-9742.9334 2959.1583 45
683.6017 -9615.1623 48
532.6362 -574.0967 15
9787.8228 4540.3371 39
-3123.3895 -4907.1092 38
7730.5519 8976.4930 9
5280.2815 2679.3829 48
4565.2217 -3483.7343 3
-627.0782 8939.4968 20
9354.0960 4536.9458 36
-5820.0321 -7517.8079 43
8810.2648 -6989.3286 11
7205.5043 -977.4779 3
-4600.7074 206.7715 28
-1032.8697 -3344.8109 48
1732.4071 -4329.6317 49
2834.5821 1757.9471 5
4578.4618 -4177.8188 46
2416.0198 -6290.7725 25
8752.3634 -2175.7537 42
-6358.2169 -8386.2011 11
-1666.1954 5293.9586 22
-6342.9852 -5354.4343 3
-4125.9386 7654.9319 17
-7409.0254 -629.1400 7
-3736.1500 1304.6084 37
8863.0791 -341.5475 15
7509.9432 -4487.1610 10
7318.7276 -4375.4967 44
5045.7468 -9247.1383 37
-1028.6342 35.7982 5
6182.7339 2935.1164 13
-9678.6297 4217.0738 22
-3700.9989 2257.0251 39
7222.8995 5553.7385 44
-2097.0773 20.0453 19
582.3016 -9258.4686 19
-3404.8744 6675.4489 40
-2514.9829 715.7820 30
-437.7425 -3276.2043 30
2935.5113 5499.2341 4
4900.9434 -5691.6180 47
4676.0332 8137.1896 46
-8079.0781 -5452.1640 30
9973.8667 -7489.4769 37
-6601.2933 9208.8224 12
5931.2014 4987.0892 44
-1146.9772 8620.8652 28
-9456.4082 5601.5430 44
1948.8798 -811.5025 34
-5324.1338 -7771.1689 42
3953.6151 -7773.7190 9
1618.9411 -7274.5245 4
2179.0556 -8706.3642 20
3781.0010 -1486.8833 6
-2820.2381 -9779.0593 22
-8813.5122 -6569.5807 22
-6489.2394 -3329.2184 31
-7204.3933 -3100.0333 10
-1430.4717 6959.0336 31
-3656.4883 1245.4406 16
4725.1437 8749.0853 37
4226.7663 4687.0566 47
-6297.8341 -7133.5444 19
2280.2293 -432.1455 14
6362.6202 4010.7935 14
6953.6539 39.3284 11
4179.8595 -4663.9549 19
-1593.8481 8659.3052 18
530.4515 -9637.1598 6
-9800.2188 -2067.9724 30
-9155.4492 3060.5381 34
3098.3581 -9063.7474 28
-4519.0505 4656.2496 26
-4799.1529 -1932.5919 8
-2145.6566 -3906.5576 21
-9843.0383 -516.6817 41
-713.7268 3838.3302 16
-4248.3083 -3572.3258 47
-2975.5313 6246.0112 4
-5627.9943 -967.6249 36
-6502.6931 145.4721 44
6457.2086 -7456.5421 26
1509.4554 5667.1795 20
-9105.4121 6240.1315 33
3153.9426 -8795.4525 46
1960.6191 1908.1624 39
-1192.0135 7164.1877 31
-4187.1751 -746.3784 36
-3240.6829 852.1998 49
-9192.4879 5630.3870 13
-2075.2406 9911.4443 14
7733.5956 3565.7703 37
-3396.1403 1113.5194 10
-9257.7093 8393.0744 36
7604.7685 -9817.3231 46
4894.2274 -8394.8429 31
3962.0722 4557.0830 29
-6760.8373 2748.1353 12
-2916.4093 3848.1161 17
-850.1997 -4535.0665 18
4522.3685 6887.3790 33
6412.9674 -6293.9680 9
8106.7751 -3514.9356 5
-5868.0864 -8434.8167 3
-3701.7097 1188.9063 7
2443.3960 9081.7573 34
9739.1321 -6098.1664 22
-7055.8326 4849.0073 14
5935.8886 -5006.6478 21
4868.0216 -2696.7834 44
8719.7335 -1563.7184 9
8715.7277 6257.9443 40
7379.1374 523.2045 19
6603.8295 1202.5719 13
3064.7493 -9770.0321 5
-384.5208 -9527.7653 43
7248.9263 5479.6250 36
6339.6792 1604.8188 38
9963.6376 -3232.0590 29
-6367.2694 -4867.4577 20
3764.6807 6232.1885 34
5118.7454 -390.4211 36
4821.7529 -963.9150 7
-1669.2534 -5043.9812 5
-8497.4216 -529.5091 8
623.2346 110.4355 35
-2645.5909 6325.1994 9
-3279.5950 5634.0725 21
-7154.4642 3613.6441 46
-7586.1899 -4591.9296 32
-306.1371 9396.6737 15
5637.1719 -6227.7960 11
3524.7039 -9697.9207 40
1826.2010 -241.6287 4
-687.2204 -6683.5300 29
-8930.6023 -6814.1525 25
-5073.7708 -6548.1784 17
1420.0432 -1121.1610 4
-7260.9791 -4504.7370 14
-3793.0573 -9819.7586 39
-3984.0993 -2971.8530 3
3098.2937 -4555.9270 9
-8204.3618 -482.8889 37
-2989.6322 -6391.8782 40
-7264.9882 -9361.6747 45
-6898.6980 2158.8117 9
-3474.8975 -3660.1377 33
7780.7337 -7948.6654 47
2515.1826 9262.5614 40
-5392.6003 -6642.0256 14
7929.7380 5952.3749 48
6497.7976 3106.2574 38
-4618.3707 7067.8072 24
1095.9340 6569.6662 18
1026.6568 -59.0972 15
-9436.4621 -128.2183 23
2049.1086 3065.4464 31
-1424.5922 -8434.9282 33
-5397.7235 -443.1046 32
2282.0457 -4427.9346 13
-4163.5247 -4629.5561 36
-695.0846 237.9969 6
-4566.9968 -4179.3299 26
9875.0669 -883.6804 45
4601.9616 6237.4340 23
6096.4013 -642.9621 13
1741.9463 -977.2137 40
-3494.9056 1066.5903 11
8653.3454 -4830.4922 16
-255.4389 3822.1082 41
2350.5829 -6477.2062 24
-3011.2619 -7285.5867 2
5951.5857 -5377.7787 23
-1005.4950 8849.8675 31
-3090.6499 -3519.8074 17
2825.1485 8230.6674 30
-4894.4651 -6024.1487 3
5174.3098 -9700.9191 17
-1393.1817 2095.6731 43
3533.5156 7374.0247 8
-213.9810 -4373.2392 31
-6195.0740 -969.8855 4
2136.5097 -7213.8036 47
-9134.6758 7413.9514 25
8321.0114 7746.0066 37
-2849.4717 -1231.5861 33
-3549.5290 388.3711 45
-4746.8751 -4185.0798 35
-5938.8346 -628.7102 8
4609.7532 45.2380 20
-577.8753 -6876.4540 1
5553.8413 3788.5642 16
-2455.7600 -8351.2947 15
-5351.0245 -7762.8250 45
-5524.0853 3274.0386 22
9045.9696 3684.5162 47
-5233.0661 -5287.9274 8
3659.0611 8526.8295 23
1533.1687 -3520.2876 12
512.3607 9357.6463 37
4315.9367 1002.7516 26
3687.8020 8328.0454 24
-2679.4428 -2841.6069 48
-8465.0611 -3717.6644 24
8604.6713 8960.9400 40
-5903.9897 1502.0509 49
3834.7303 2512.6683 6
1630.6250 8258.3407 6
-8393.4245 1928.8077 5
-8086.5884 -6406.3882 8
-7133.4519 4855.4215 36
5919.4721 -8643.8723 6
1082.7400 -30.8147 2
4288.6011 4305.6830 5
9776.7036 -4377.9027 48
-933.9935 6330.3881 10
-914.2044 9023.3010 18
-2180.8321 3915.6143 43
8670.9071 -8239.1889 14
-8030.0165 -3240.5711 45
4457.0796 -6275.1613 38
1302.5324 22.6837 42
657.2196 3081.0457 17
-697.4551 3301.7400 12
833.3405 -4832.2191 48
-9767.0805 9344.3784 25
2238.5008 -9431.6362 23
-4178.0743 8563.6483 5
-1858.4957 7591.6464 5
6636.7293 75.6006 45
-1125.7219 8628.3640 38
-3470.4135 4024.9295 39
2120.3528 8054.6943 11
32.0714 4109.0404 19
-7847.1050 1181.1328 14
7176.1715 9556.6394 28
70.8858 -6874.9738 18
6630.5808 -1460.9104 25
8373.4192 3998.6088 46
-5996.7695 -8962.0188 47
8443.3949 4344.8615 20
6628.6800 -3755.8355 21
-9892.2446 -9504.4371 15
-309.8891 7504.3888 48
2214.2813 -56.3381 17
5787.6725 3730.7973 13
-5181.0437 4410.7092 18
-4488.9393 -1902.9847 38
-6773.4227 2759.1978 7
-9701.7624 -5625.1955 31
2915.9110 -3283.8581 24
-7956.4913 -2799.4121 42
-4180.5953 -4914.7872 15
3882.6998 9748.1102 19
8496.8580 964.3983 40
816.9546 8949.3745 45
-313.8544 -71.4319 35
3834.0236 -344.7987 36
219.9151 -5726.5771 23
-2802.9881 5262.8768 28
8469.9318 6622.1476 45
-1820.0770 -1240.6251 30
-7365.3042 5471.5200 9
4075.4640 -9111.4630 32
3066.7524 -6823.0509 8
-1750.4058 4057.1103 6
-7573.6804 2066.8836 5
-5887.0775 -4957.7323 19
1742.3889 -8570.9591 38
7254.4210 1134.6157 47
3695.9022 6331.8156 47
3173.9258 7248.1712 19
5848.6765 -1243.8058 46
-9719.9364 8296.5519 7
-1178.8987 1948.2918 18
9372.2636 -4795.6205 5
-6940.2731 -5651.8297 4
8075.4829 4936.7141 10
-7014.4794 -826.6489 47
-2279.4657 7173.0916 32
-5621.4287 1778.8420 8
-9889.5547 -194.2895 35
-4706.7414 4962.2068 3
-2602.1381 4167.7022 41
8568.7996 -9937.0753 46
512.4281 -5721.5869 14
-2164.2985 6567.9033 47
-7286.7399 7378.8272 24
-9033.1561 5062.8075 21
-6406.6690 5030.4162 24
-7296.6730 6859.1401 13
-2719.2102 4591.0237 39
-5105.6259 -1225.9282 44
-4357.3073 7559.5223 14
6036.0389 -5700.1554 35
-9470.1220 5500.4420 34
2812.0729 950.7506 33
-5424.1469 -4518.9418 6
3967.4527 1593.0431 26
431.3642 -1633.3849 25
3316.5373 -9093.8434 3
2218.4933 -8604.5248 40
2160.5562 -3074.5947 2
-5398.0524 974.3357 30
1307.8954 9348.3818 28
177.5886 7160.7274 1
981.8277 4822.2477 29
2953.3863 840.3047 9
1080.7298 4042.1328 41
-2772.5612 -9048.8187 27
246.7121 7456.6010 42
-9588.7363 2938.1543 25
-4107.6686 7202.9777 48
-5083.3294 9034.2062 13
6365.2797 3736.0978 47
-2698.2147 -2181.2233 33
5769.3226 6537.0967 31
6953.8748 5257.2100 30
7182.3871 4700.6722 31
-1582.7188 -1408.5639 15
-8235.6705 -4752.6141 36
156.6385 8228.9433 35
2327.1235 -6920.0273 48
3922.6427 -912.0126 13
-9580.9297 7203.3689 3
3732.4624 -109.3612 21
8139.8813 4858.2444 26
-1056.0985 4439.6123 5
-3730.7816 -5529.9004 32
-9194.4665 -8285.4673 21
2757.7535 -6642.5717 15
-7828.2889 -1287.8595 36
1741.5438 6064.6322 28
7762.1490 -4506.7508 2
3118.0177 8953.2987 3
861.5337 -6985.5681 26
5974.6700 1718.9200 23
-8482.9052 -797.7535 30
1199.2423 -647.9951 36
-5892.9214 -7101.4948 16
420.5187 796.7349 22
-4667.2886 4442.9388 1
-9563.1883 5794.5977 10
3736.6041 -1406.0046 21
1759.1110 -2535.0036 8
403.4887 -5983.3951 8
1308.3458 -6151.2822 24
1636.6291 -4739.8656 22
-4686.3691 -8159.7510 41
3192.7317 -154.5711 34
2536.0157 -6113.2187 10
-2888.8462 5394.2317 40
-7604.9409 2251.9350 40
-1810.0006 6942.9328 42
-547.1620 -7499.8641 27
5652.1733 -4648.6149 6
-8364.5504 17.8983 46
-9924.8815 4795.8044 42
7066.7804 9106.2273 32
6914.0845 -3165.3267 25
1029.8667 -7733.2688 11
6220.3826 -5709.3774 43
-4394.6340 6133.7483 38
1448.2191 -960.7859 23
5781.3200 2842.5584 14
4998.1597 5907.2458 20
6105.1157 4994.7887 42
-6408.7567 -6902.8774 6
5020.9090 -8675.0042 27
-1911.5849 9769.6204 30
-6562.6143 -4039.0071 25
-3415.6068 -786.6931 43
2235.7439 -3052.8568 16
3384.3416 -1399.4733 19
-5409.8066 -2532.0313 43
-9519.8680 -8519.8127 28
-8158.8661 -1301.4358 20
2631.1005 -5436.7976 17
-3282.5647 -5582.0885 1
-1933.7403 -1049.3364 10
904.0481 8676.9686 22
8082.3627 -6507.0806 18
-171.9345 6899.0197 2
-8487.2642 -4168.5571 25
2838.5896 -3703.7012 14
-8339.1849 7432.0845 23
-9936.1593 7051.1802 46
-8549.6746 9707.6782 33
-4457.6971 2616.3553 18
-8725.3127 3564.3139 39
1290.3196 -8140.9131 25
-9018.8166 8929.1216 37
-3228.7442 -9070.4835 42
-5976.6574 1006.4911 13
-471.0196 -6468.9209 37
-4573.5439 -5434.6364 49
-5910.2428 5790.3380 28
-2712.8704 3650.6494 41
7026.6619 -185.7341 31
-5483.5364 3229.1536 39
1046.0611 7733.6091 26
-8452.8665 9725.8491 27
-5970.8335 -7247.1789 12
-9836.5411 -4243.8688 44
8270.0182 2719.2984 9
-8417.2125 -3173.4707 2
-4451.5130 5694.4631 47
2812.7006 -2563.3502 6
5854.2605 -1375.2651 49
-6137.4977 -1402.3586 1
-2173.7741 5524.9952 4
-6239.7656 977.0796 17
-8544.4302 -6543.9332 18
-706.6984 -6578.0272 42
1485.5110 208.0827 24
2327.7978 3294.2166 33
-7681.0434 6724.9172 8
2220.8208 3717.8732 41
-9945.9030 191.4798 6
-817.9794 1929.8247 25
-2799.4711 9156.6725 37
6904.8581 -2935.4572 48
588.5528 -7931.8442 25
9955.2599 8067.5599 32
-4034.4284 4298.5678 31
2681.5166 -6789.0063 44
1120.6839 9736.0343 37
5433.2842 6211.9732 28
5024.0643 169.2951 9
-3999.5931 369.6693 8
9160.9437 -5461.1437 1
-5779.9700 4879.4236 25
8447.5986 -1968.4064 19
4541.0652 5669.6439 11
-2423.2503 8914.1464 48
-96.9335 -9447.1511 34
3972.9837 -2554.8213 7
-939.6708 3805.6707 18
-6398.9856 -517.4492 14
1042.0864 2987.1525 41
-9968.3898 6864.9198 19
-5019.8957 -933.2718 36
-7442.0159 -126.2102 1
7963.0681 5988.8279 15
9004.4612 6279.0530 29
5944.9865 -3275.6524 31
8251.8847 2404.3383 27
-7331.5311 -4807.9005 27
7431.2746 -6094.9163 5
-3150.4876 6967.7048 35
4028.1559 -826.6083 4
8798.9602 -5630.2061 16
5331.7128 7107.5189 46
-2626.3264 2872.7215 18
-1718.7014 -2226.0222 1
-4042.9179 2085.9418 5
4826.4411 -7605.6121 5
3128.7519 -9280.5657 29
-3457.3845 2367.0373 46
2377.9442 5799.8988 43
941.1529 -8886.8057 25
6254.0749 -9473.0587 27
-2774.6530 -7758.1890 11
-9985.9910 3606.0107 45
9171.2121 5350.3917 20
-5690.9982 -3194.5332 38
7907.2407 2359.9210 8
1482.9151 670.9326 17
-804.7341 -2524.7096 39
7583.8489 8775.5809 15
-6360.6957 1538.9050 33
-4944.7132 -4431.0185 3
-7621.9136 -4241.5021 25
-1665.9730 -192.2145 38
5851.4862 6907.7665 41
4809.3229 -9810.3119 31
-7664.2404 -8909.3015 43
-8878.2080 9905.9746 34
-3226.5638 5633.8689 13
-5029.3271 3396.6722 3
-8233.2555 -7493.2340 36
4668.3794 -118.2701 44
6582.9666 -6112.6821 9
-5642.8202 -1622.9601 38
-3338.6425 -525.1332 34
-1414.1971 -7696.3695 24
-7809.0890 4274.0705 8
-4555.5326 -2464.9485 16
2613.9824 5453.1571 45
862.9407 7914.6791 40
-2581.7344 3744.8691 14
-3013.3313 -7145.2857 7
8854.5372 -2756.7519 15
-3384.9344 7826.8493 24
7295.2286 -251.6475 35
-4094.6789 5364.3799 29
9402.5955 814.1206 31
5519.6729 -4069.4030 32
-113.8957 9488.0282 46
-2129.4296 1338.7127 45
-3202.5788 -5375.9239 39
1571.7484 -7931.4232 49
8799.3829 4011.2929 19
3605.2867 -2159.9422 45
5011.5779 -2841.8443 32
-4579.1741 -4127.3737 48
-1582.2240 5020.7157 10
4890.5449 -474.3019 40
-7624.6640 -7590.4174 7
-1810.8412 -5821.1634 28
-1170.7776 3788.6006 12
-7655.3782 3408.7080 39
4052.8819 7438.0939 44
-7958.5421 -6344.7260 31
3545.7015 7523.4628 44
-374.7863 -6642.5582 13
-9116.0816 3011.9389 34
-869.4423 -7622.4723 5
-6085.7981 -917.0681 35
-1093.9457 8772.2469 3
-5971.1630 4870.7727 46
928.4686 -1732.4618 11
1247.7037 5986.3988 10
-8732.7785 7332.3520 8
-4930.7578 -7316.0064 44
-7011.4172 -4323.0958 22
-1369.0857 -3879.5861 23
-2555.9085 -8429.1465 33
-5920.3795 -8466.1343 34
-4035.4473 6149.0959 18
2537.0263 -466.3593 39
6322.0202 3801.0653 22
2047.5771 845.5818 4
-798.5355 -4662.9065 10
9793.9980 -3346.8302 10
8611.8196 5332.7160 1
-7358.9321 -9389.4172 36
656.1948 2807.2461 30
-529.5729 -2257.8013 28
4710.2903 -5135.3664 36
8933.5668 -7475.6638 18
-7955.1008 6600.2203 35
3876.3947 5298.7189 48
-9487.8257 -235.0341 24
9690.3781 6645.1488 40
-3943.3545 -1803.1248 31
5158.9533 9846.0647 42
3743.9818 -3126.2253 21
-3028.3620 -2584.2942 2
6787.1352 -3328.7521 8
4101.8129 8718.3287 36
-3136.5174 -5824.3222 15
-63.4150 -2649.1118 23
-5736.2815 -1643.4878 27
931.8052 348.3155 12
8776.0025 8685.5392 36
-1100.1753 9556.7795 24
-4556.7966 8673.5280 11
-2478.2322 -5768.0256 18
-3406.7383 6220.8509 30
2264.5082 -3258.7227 45
-8375.6601 668.6838 25
-3605.5809 6426.7816 39
3066.4055 -4774.2314 40
-7390.3398 1821.3010 42
3588.8346 3494.3568 17
2834.6204 -7859.6670 41
-6162.4252 -8716.4982 44
2109.4577 -6971.8278 23
6955.6862 -467.9708 13
6260.6200 8027.1919 41
-827.6582 3211.2650 43
-7197.5218 -1165.1600 44
7886.2668 4419.7609 11
-140.0837 2848.3784 42
-2644.0398 -436.9826 12
-309.9177 -8091.8235 31
-2478.6886 -2369.4739 14
735.5800 3675.0941 2
4216.1353 -5687.6801 22
1397.0209 -7434.4494 31
-9880.0287 -1922.4756 26
937.9237 -297.4800 26
6055.5157 -6399.4724 44
-8563.0654 3313.0631 20
-5725.1164 -920.7388 11
-653.4073 -225.4581 42
7888.3345 -8444.2738 21
-2107.7073 2253.3567 21
-9574.3830 4887.7806 9
-377.2703 -5723.6293 44
-4643.1330 -6250.5848 25
-1273.9266 -7284.9272 9
-6224.7461 -4295.2753 11
-3729.0557 -7752.4041 2
2189.3843 3836.8570 18
491.7149 -577.1417 16
9407.3307 4438.1092 1
-3045.2723 -8189.3610 21
-7853.6323 5986.5175 19
9727.1426 -7226.5404 27
-5388.2631 4529.6475 19
1749.1670 3302.5635 45
-1453.4453 -4531.5441 18
5216.9995 9916.1325 23
4029.8233 840.8354 11
-1424.6986 1789.0384 27
-9862.7395 -5895.7377 17
-9564.7726 2277.6749 27
4615.8278 1927.0667 39
-3033.8748 -5922.9363 16
-2477.3254 9297.9573 33
935.4754 -4926.0263 29
-4212.2818 7532.1963 9
-8868.8754 -5895.5356 31
-5659.2173 964.2485 26
-598.0818 -7827.3560 48
-2819.6645 1820.6518 28
821.2626 1499.0879 48
-4936.0310 4605.8556 31
4922.1502 9338.6025 1
3960.5905 7325.6559 17
-6616.1987 -4306.9861 30
6199.8552 1611.5066 3
-7791.6190 5344.5533 15
-9672.8913 -7940.5999 42
6241.5841 -4795.8691 15
-2066.2177 -9817.6509 34
-6913.7168 -2050.5791 15
5459.2609 -6941.0127 33
-7367.5849 -3325.6127 36
-5566.5823 1183.4376 26
6961.0493 -7178.4829 1
3471.4817 -9925.6643 15
-7702.7338 -993.3630 48
-7473.7730 1819.5032 4
-9844.4705 -818.1543 43
-1528.3230 -2700.6443 13
-7998.2904 -517.2835 42
2962.1990 9123.1101 41
513.0866 -5938.3681 27
-7518.5128 -5508.3695 3
8489.8835 -3749.2677 10
2259.2814 -3941.0997 25
553.5403 -2269.5872 40
-3087.4092 -4971.1847 11
7721.8723 -8268.3407 29
-9657.2117 -7582.8711 12
-8880.7844 -7362.7406 44
-8081.2932 -8840.2884 22
9987.0375 -1437.3545 16
-763.5135 -5500.7009 24
5163.5628 299.1156 15
-8365.9313 3646.9519 29
