30
50
20.9052 78.5850 -47.8029 92.9517 62.0914 -33.4545 75.9066 -24.8065 -43.4401 -4.3367 30.2954 32.4148 25.6682 93.9985 -64.2197 -85.2685 -79.8999 62.3167 -42.1215 53.8948 -95.8097 -78.2906 14.5159 4.7116 10.6811 3.0413 24.4582 -45.7060 87.0618 -76.8179 6
73.1980 -17.4222 64.5544 73.1356 14.7524 91.7682 -49.6251 -80.2858 -34.7429 90.8521 22.9347 92.8515 14.1305 -36.5466 -68.9522 3.8091 23.9241 -7.4780 61.3550 72.2317 82.8166 47.9750 -39.7759 61.0458 -96.1253 36.2555 -94.0318 97.4381 15.7773 -80.1253 4
-55.8528 -20.8157 -59.4719 57.2286 91.1173 71.3056 -28.3738 -58.4837 -37.3803 0.4869 -26.1255 -72.6108 -23.6698 -41.0773 -47.1124 60.2466 -36.3473 52.3391 -14.6941 99.1676 -5.2407 -97.5735 -98.9401 41.6657 -27.8004 -98.3769 -51.3452 86.9186 -48.0529 -77.6942 5
-28.1320 42.1136 -43.8189 27.2081 -16.5244 -48.4050 -65.5804 -45.5247 -68.1338 -46.1642 -38.4110 -42.3403 -97.6915 -32.6966 -13.0428 49.2679 -6.8018 -37.2537 -53.6413 -17.3255 -0.3885 7.1500 -28.9084 -47.8202 45.0235 42.1805 -15.8639 -46.7611 -24.6142 76.6004 8
14.7712 29.6765 -80.6529 -27.3965 84.7492 88.7820 55.4115 87.4957 74.2452 72.1729 41.4182 76.2733 54.3347 -71.4835 91.2688 37.7238 -73.8933 37.7362 -33.4559 -84.7139 -37.5746 -11.4202 48.5096 41.4977 30.0179 8.8830 8.8045 -64.3616 -41.6688 -53.9586 7
79.6126 -56.1913 32.2313 32.1217 -79.9912 76.3986 -29.4236 91.6139 -48.1074 -79.1219 -81.8576 77.3739 -14.7064 49.8161 63.7666 -69.8989 52.5468 40.8802 49.0706 -72.5525 -91.4030 77.8092 46.4286 74.9546 -78.6050 -17.3212 -34.8944 25.2184 -91.0979 -5.4817 9
-2.6822 22.6168 -60.8359 24.8043 53.3567 48.3185 -58.8193 25.0155 6.6220 -93.1740 57.2298 47.8195 83.7161 -73.6451 8.6207 -64.2760 -81.8213 -82.4468 18.8561 -29.4428 83.6151 -22.6576 9.4678 64.4460 38.9061 41.4341 -17.3070 26.7783 68.8895 4.3708 1
-25.4548 -48.6027 87.1904 -99.2571 57.4457 24.1952 17.5941 -87.2641 -57.4303 -8.7488 -72.2515 -76.5830 91.0019 -58.5901 -16.7642 73.7555 -60.4049 -37.9537 48.7600 -28.1769 -0.0133 53.5496 17.0282 70.0929 -70.2362 31.8831 31.1528 -16.0569 87.9852 -23.9268 2
56.4789 1.3031 54.1413 32.8907 98.4669 -29.8789 5.2396 -58.1979 -96.3873 -20.0716 -39.1838 19.0460 -56.1512 41.3789 39.9747 35.5228 91.4061 -25.6071 64.2023 -47.6153 5.1356 -63.1757 68.3019 -34.4338 22.0629 76.5422 62.9102 -64.8378 -29.0712 49.1726 1
-70.6943 -78.7628 76.5464 29.3330 58.1614 -18.8321 -89.4015 47.4811 13.8019 -91.3973 -26.0513 96.6331 55.3282 26.7865 -58.5273 98.1984 39.2862 -96.0045 -96.9379 72.6796 -68.8286 -82.1901 -60.0075 86.3420 -53.6318 52.1321 -21.2080 66.1184 -75.7753 -36.6787 1
-5.2444 24.5204 -70.4814 -89.0111 32.5698 -13.0830 39.6330 0.2863 -46.8346 68.0911 -46.5651 91.1884 -56.1330 14.3134 34.3831 -65.8096 31.7069 47.1971 -1.7790 84.7119 26.5131 -38.1148 16.6799 29.3611 28.5994 -57.2865 65.9425 2.9625 -15.5765 -85.8602 8
53.3672 0.4659 -27.6614 6.5749 44.7076 22.4619 -1.6922 -55.5685 42.5204 -41.0626 22.9913 15.0824 94.5356 19.6881 -48.3329 71.2236 11.3618 -43.5633 -58.5794 97.2741 -22.1144 76.5373 1.8202 63.2980 -52.3867 10.0162 -92.8420 20.0689 83.2841 76.0064 9
55.9902 57.2567 14.4041 -80.2156 19.4546 78.3310 41.5997 -44.1484 66.5841 35.8196 41.8433 -80.8553 53.2106 30.7671 91.7381 24.0410 5.2331 -47.7396 -73.8354 -49.2379 -22.6369 -65.6095 21.3875 -88.4325 58.5442 -90.2196 -13.7142 1.1491 24.9762 35.7165 7
-73.3040 -80.1623 -28.6435 -1.4258 30.5356 69.5490 -8.1338 -46.6956 -23.1483 86.1841 -94.9400 37.9131 -80.7323 -88.3993 95.4578 26.0646 -66.2325 -21.7335 -70.4132 -73.6218 -75.8285 66.4780 -72.6822 -52.8408 -44.5833 -15.5627 -57.6667 -13.5345 20.7807 -33.1434 1
34.5656 -58.8301 -79.9554 59.0732 -92.1650 10.2441 -5.1461 28.7507 -35.3032 63.5734 -77.2121 83.1815 -34.6147 -64.7150 -21.6674 21.2137 -59.7151 -32.2534 20.6119 -82.8817 71.8242 -34.5354 82.1699 71.5518 -79.3142 -66.7118 -90.8292 -69.4550 -72.9985 8.3427 7
-24.7355 -60.3104 -97.8206 63.2902 -19.1071 9.4174 -72.6296 -83.6727 -84.5307 40.1961 -49.5461 -56.6429 -56.3517 -82.2290 -3.1359 47.4077 -23.3435 6.1703 37.5730 64.7150 -27.0629 -41.4118 8.0755 35.9982 80.8797 -76.0487 37.8713 0.2362 -89.1186 -50.4373 7
67.8911 50.5905 56.5477 -99.4749 5.6352 -50.5475 41.9857 -9.0667 -59.3179 4.4943 -63.3473 31.8659 -65.4441 18.6653 2.0552 98.3647 17.9018 93.0267 -6.2418 -39.6968 -81.3589 -23.3003 98.0752 -84.2857 21.8770 -8.8659 -46.9554 93.0842 -95.4724 27.8546 1
82.0220 -31.9303 20.0715 28.8774 -13.2022 -5.9075 51.6684 58.8087 -85.4989 -48.6602 56.3407 9.0009 83.4992 -24.5847 -61.1264 -64.5431 -60.3977 -77.0186 -3.0948 -25.0149 13.0071 34.9581 -10.0172 -65.7897 -39.8059 -55.7764 -92.8767 -99.1966 -94.5135 25.3982 10
-15.5664 -12.6475 45.4683 -39.6666 -13.2216 66.2542 35.9232 4.5855 54.3892 -35.6841 58.0204 10.4842 93.2138 -48.3231 -81.5653 -73.6045 -83.2115 -21.9064 -0.6937 1.8765 -75.8776 59.6165 -55.4067 -68.7866 -89.6273 -41.3782 -53.2446 -54.7192 -28.7502 60.3544 8
-83.4937 46.6248 -26.8849 -82.1204 38.9647 -15.7027 -93.3564 3.3315 -83.4024 -85.3548 44.1615 -84.2037 10.9755 -48.4254 -93.7827 8.3639 68.5400 38.6453 -98.9215 43.0542 -85.8709 73.7343 -17.2864 -45.9321 88.5445 99.2030 -55.3300 10.4312 55.7952 -15.0321 10
-70.9152 -54.2286 -61.4352 -69.9327 47.7954 -77.8547 -72.1656 -1.0514 -98.1004 -12.9563 -16.9447 89.0357 55.0646 -93.0343 89.4559 62.3997 -65.5787 -20.3910 -54.7984 91.9524 -63.1321 -75.7565 59.8416 99.1494 14.0743 -7.1511 88.9481 -41.2031 94.2291 -67.8920 4
-63.9547 -57.6626 -30.0109 -63.8476 -27.5163 29.5143 -64.9244 83.0465 -89.6218 90.2155 -38.3006 17.8861 -16.0616 67.2994 38.1512 -16.8261 -19.4382 -72.6196 -86.3405 59.2013 27.7742 71.1700 6.6263 -82.7483 -24.9261 -69.1343 -89.0188 78.4815 66.6780 -40.8979 5
16.6516 94.0388 -89.7501 56.2794 52.6503 52.8232 -69.8173 -59.7417 88.9024 30.0308 -70.8464 -66.3202 -82.4763 41.0984 -68.0147 71.3468 28.8921 27.3092 -80.2667 -61.5018 48.5811 2.2847 8.8259 -24.6232 -46.4871 11.6549 -53.4770 36.9020 -42.3537 -22.5023 8
-12.9991 41.3226 50.2470 -68.1363 22.8571 -77.8742 -86.4501 93.7001 93.4828 -61.2017 36.3995 57.1739 49.4794 3.3684 7.9085 -91.0947 17.3615 25.8121 -40.4762 53.9079 42.9567 -58.4087 25.1537 -25.6474 37.9611 73.7550 94.1767 -76.9940 -97.0778 22.7738 10
24.9948 5.5621 -20.1617 86.9813 10.3779 -92.8398 17.4018 87.9042 97.0201 10.2319 17.6675 65.8504 -79.3756 -0.8679 -2.0706 71.5787 84.5328 91.6748 42.4740 19.2404 63.9268 -18.3361 -29.3619 -89.4820 -91.8393 27.7501 70.8384 38.8566 86.5766 -42.6708 7
-44.9314 11.1063 31.7836 -62.1009 83.8734 90.3184 78.4745 -84.1859 8.5216 15.5086 -90.3571 -76.9481 79.6225 1.1105 85.6925 41.2654 42.8347 97.8716 89.9413 -91.2563 -82.0467 49.3930 50.3862 -77.3424 2.8704 -27.6485 88.0214 -22.8906 -87.5202 -58.1102 8
-6.4484 -10.5830 93.0923 49.2312 -62.2656 -95.9283 28.2762 -20.7398 -38.3132 74.0062 -21.4810 43.5007 -74.8673 71.0479 -65.4895 -53.1901 -46.6085 -77.7611 0.5136 -80.0013 92.1581 -99.5352 28.2436 5.5917 97.7455 32.4854 -27.5228 47.8950 99.6707 -72.2181 5
-9.1815 56.9810 -30.1186 -46.4245 77.3883 -65.2164 94.2900 -43.9638 8.3566 -7.4032 -72.6644 -3.0875 -80.1018 -22.0476 56.0086 6.6176 94.4574 33.4604 61.4434 72.4327 -0.2052 73.0535 60.1156 53.7189 -58.4189 89.8968 -94.9595 -52.0035 53.5763 -36.3754 2
-15.5906 -86.8217 79.1555 -62.7165 82.1265 -14.2445 -97.8475 43.7066 -68.8893 -23.2471 -34.2180 -75.7627 92.3651 3.0728 -14.7444 54.4129 79.2453 -27.5529 9.9193 85.1614 -97.2408 45.8584 15.2965 51.7224 45.4374 -69.5415 -57.4963 -93.9735 -6.5238 84.3458 2
-67.7514 74.0699 -34.0917 -32.6488 52.7501 -45.3996 -89.1047 -7.3524 86.1409 34.7157 82.9368 72.5003 25.7255 96.2985 -13.5878 -54.8776 44.9327 8.6338 53.9982 -4.7900 59.0496 75.2114 -32.4126 -0.1672 22.5461 -9.1110 80.1096 -35.4820 -42.4393 -54.5097 4
-21.6691 -97.2493 -72.9325 -49.4166 90.2523 12.8896 -0.0836 -30.7843 -54.3535 19.0171 66.8474 -34.6685 -54.9526 34.0770 3.9114 25.3283 -92.5015 -45.1413 47.6210 -70.8881 -3.6998 -85.2621 -2.4697 -7.9951 10.9040 64.4297 -73.0382 -18.4156 -99.2783 -93.1381 3
-80.6090 -10.0432 39.9397 57.4238 -35.6733 35.6785 -41.6330 98.2297 -69.2059 65.0767 90.0506 -75.1312 10.7164 -53.1546 98.3218 43.2351 -38.7882 -35.6487 -33.4764 -89.9256 -36.6766 -24.4886 92.4608 -24.5757 -53.2540 -23.0663 8.4873 68.3712 77.4629 70.2891 4
14.4751 78.7832 -58.2790 77.8444 20.9249 20.0946 66.1908 -82.0483 -56.3850 -95.6162 -6.6946 -56.2562 -30.9337 98.2235 -22.6493 21.7344 89.0450 26.7905 -0.9911 80.0558 -30.2037 -98.0814 -32.0844 -79.0909 -74.6520 -87.0475 -88.3755 86.9647 -19.8242 -29.1846 4
-76.0108 -34.6760 -58.9760 -24.7767 81.9743 -46.7962 -93.4371 75.2278 86.5798 -9.5875 35.4697 33.5424 59.6295 52.2127 -64.2594 31.1622 7.1466 39.0264 -20.5083 11.3624 54.1661 -94.7928 40.4411 -25.3072 12.9641 -34.6594 -82.7460 -37.3492 -13.1163 38.5490 3
-36.3802 -73.5036 -51.1907 97.1732 60.6555 -81.8001 55.1041 -79.6120 -48.1434 68.7901 -73.5710 -21.8766 44.7507 80.9329 -99.7087 43.9753 -7.0485 65.4143 -6.0876 -82.2736 -97.6447 25.5229 81.3926 88.0818 -91.8950 73.2913 -19.0127 72.8619 -13.2500 90.6941 7
-67.7555 68.7267 -14.0893 11.8248 93.3302 3.6082 -56.7846 14.5103 -53.9946 35.9828 -77.1860 -24.4613 -73.5510 95.7307 -20.8078 74.8990 -37.5969 14.4330 81.1875 -96.5055 -32.9523 -45.0396 -32.8377 13.4700 15.8642 -68.0366 -12.9484 -76.9703 -0.0597 -56.4265 9
-47.7270 47.6780 -91.7704 46.2707 24.0489 -48.5693 -79.5758 -58.0501 12.6789 -56.3344 91.0929 -64.3776 79.8461 7.9802 75.7375 -26.8628 -81.7470 83.1916 54.3937 6.3380 37.0180 -56.0646 -27.2022 23.4177 58.6114 -38.5477 40.0084 46.8792 66.3567 -5.6305 4
26.3965 -8.0147 19.2444 -31.0000 92.7953 46.6522 -21.2498 -90.1469 93.1461 -90.2699 -38.0032 -80.3346 78.3827 -81.7019 -16.9192 -75.9088 9.5558 8.2724 -83.5237 -48.1344 5.7852 -15.6536 60.6436 -94.1087 93.9276 68.4391 88.1756 -36.0334 56.4405 -89.1276 6
28.0451 -77.5790 39.5616 -18.4731 67.0752 19.8417 -33.0394 -45.9673 -56.7277 29.3670 37.7087 38.3457 -14.1414 -97.4446 1.3943 10.5606 49.4767 -45.4802 9.4969 -64.6428 19.0785 41.0654 -55.1070 98.9458 -11.0614 -15.5829 6.6317 78.7839 29.3178 59.6889 4
57.5051 -57.5692 -92.7545 62.8375 -53.2776 99.0418 -77.2280 -66.6161 30.7326 -23.7618 -38.7561 2.4932 -84.0103 32.3946 -25.0309 -2.7964 -92.9548 76.0012 68.8878 -94.1823 5.2542 -78.5855 -48.2932 25.4574 -45.0859 89.3264 12.4242 -40.0240 -49.9733 -43.3478 4
97.3590 99.6895 -98.2387 53.0524 83.6759 -85.5045 78.5968 42.6909 40.7011 58.7658 9.6237 95.3611 14.6580 -89.4167 -31.8140 -60.5699 -16.2783 10.4553 -48.8008 -46.4273 46.2848 -64.0488 12.6232 14.1040 12.6805 -87.9632 -44.0129 -37.3674 -81.3503 -96.4847 8
54.8229 53.0734 55.1665 76.3939 -0.4040 74.9331 -83.0348 -84.1355 -81.3100 17.4780 -29.1542 97.9168 11.7333 -35.6365 18.5207 -26.8685 37.7081 33.7432 50.0492 -89.7135 -48.8627 -2.0590 -25.2759 33.2157 -71.4901 -8.8420 -84.6608 89.5128 -92.6103 -10.5148 7
53.0592 99.0681 -54.1265 73.1515 93.9478 -44.6669 -3.2861 -15.4944 98.2469 -13.6937 -75.6327 -24.4096 -74.6668 91.5849 -54.7830 80.4589 60.0821 77.6851 -95.8820 -42.9010 -63.6845 7.0778 92.3520 -96.5879 -14.1763 76.6481 -63.2690 -41.4180 -25.1838 -7.1159 4
-21.6598 50.5933 -68.1340 -29.3359 -37.5982 -79.4015 -52.2704 13.0248 -8.9932 -81.9901 -28.6521 50.8265 88.0057 -7.5880 -96.6785 29.8630 -37.3056 -15.6423 40.9916 -7.4827 -1.1647 59.6028 -82.5706 73.1231 1.8812 65.1135 74.7474 -59.9019 34.8567 17.9419 8
-96.6202 -27.1550 40.4912 -70.3921 46.3693 2.8464 11.8880 -83.7078 88.7986 23.2862 -34.5060 32.2500 -70.8067 -17.9868 29.5074 15.5055 37.6692 -23.6613 41.7864 6.3388 78.2714 -3.2306 82.1109 -79.6381 -4.4975 61.6893 -31.0528 96.6485 19.6375 66.1095 6
81.2617 31.6686 -24.6642 -33.6750 88.5151 57.4496 39.3459 -14.7385 69.7770 -67.4418 24.3476 -94.4750 40.1229 32.6335 27.7329 33.9466 -20.8273 71.1802 11.5702 -82.8876 12.2526 -63.1254 91.7713 26.5196 77.7789 -15.9025 -61.7098 82.2291 -83.4742 -46.4537 1
44.0371 -62.0918 15.3156 23.7851 36.2148 -1.7664 -70.9175 -76.6091 -16.3147 -27.1330 92.9151 -50.4218 -72.0898 16.0385 54.7979 22.6462 -99.8460 33.8582 -92.8926 18.0000 49.6257 -90.0271 88.5059 45.4750 40.0386 -87.4892 -16.8276 40.3340 91.9813 94.1909 7
-49.5152 60.1259 -82.3314 5.6793 -31.7865 -16.5458 -59.2026 23.4168 -70.0127 68.6925 -87.0186 -78.4579 -64.8391 -90.0504 65.0338 13.4752 -61.0608 -75.8386 94.4365 -33.4941 -52.0185 86.3380 44.7300 35.4366 90.6274 -88.3355 -55.8655 -30.6489 -51.2034 -34.8107 4
23.8561 -84.6233 10.3374 -2.7390 -91.5473 -70.4784 -99.9840 -79.3996 56.1384 -36.8366 69.5597 -41.3598 24.7555 -47.7815 -53.5630 -84.0896 10.1630 -70.3272 80.6168 28.9910 40.5013 73.6970 71.8820 93.6692 -57.8075 -82.3708 -86.8065 67.2004 -89.9925 -33.5970 2
-16.2964 -45.1701 1.4492 -0.0263 79.0052 54.8168 30.8423 98.4366 79.6226 62.1718 43.8646 -80.1717 -0.8435 79.0481 -45.2733 -6.9932 72.6456 -10.8882 -92.0146 3.2846 98.3540 47.5558 9.0445 16.3499 -52.5900 16.7579 41.4187 55.0998 61.0070 -11.5901 2
