5
50
-91.2806 52.6955 61.2414 88.1494 -49.7360 4
99.8450 -66.2448 92.7983 -50.6794 96.1958 3
-91.6083 61.3423 -40.6424 -97.7444 -80.6601 7
68.2060 -2.6286 67.5598 27.4953 43.6691 4
-48.2936 -5.2139 59.8612 -97.8995 63.0900 6
-50.0914 -13.0853 16.5298 -16.4203 -29.2722 8
-54.6207 -43.4690 38.7031 21.0112 0.5180 5
15.4676 77.2839 22.4244 19.7039 -83.3326 6
83.8754 55.0371 83.3408 80.5556 -14.8753 5
-90.6522 -65.2540 -17.3051 -50.1719 6.3879 3
6.4130 75.8356 33.3247 -90.6404 -72.1557 10
-30.5189 36.8366 -41.8438 -27.4230 4.3567 3
51.6031 89.6823 -30.6662 -26.9584 77.4031 1
-90.0865 -6.2282 39.7793 90.5742 -49.4828 3
-82.8651 -45.4111 -6.1072 13.0273 -16.8646 2
11.7892 17.0591 1.6929 74.3756 -68.7903 9
91.8900 -16.1922 -96.4847 -85.1337 62.3816 3
-65.9352 -43.3927 43.5215 30.0851 68.9097 10
9.4360 -65.0036 6.3815 -12.9753 -7.7381 10
43.0030 98.6820 40.3824 -34.6276 -98.4373 8
10.0828 51.8796 -75.7637 47.0112 -99.0916 1
87.9845 -95.5298 -95.9704 30.6030 82.2946 5
-26.9617 -14.4004 77.0229 -50.7134 -14.8481 8
-3.0291 78.8249 -57.3017 -42.0084 74.3306 10
-67.9117 -2.7822 -25.4428 -7.7313 -47.2078 5
7.6177 -8.5514 28.0334 -59.0692 -11.6073 4
78.7433 -17.6873 -89.2323 29.6953 -32.4109 7
-99.6075 -92.1032 27.5695 -12.5845 44.8767 10
-96.2469 87.4758 4.7859 66.3628 7.5219 1
84.7653 -48.5760 -0.4260 -3.0138 -33.8444 6
7.5389 85.9420 61.1820 98.4649 -66.5301 6
-56.0323 -51.3948 -47.1864 52.9108 28.4945 9
87.7519 88.4434 -62.3026 45.5200 20.6093 4
-98.9132 -81.5984 60.4954 -10.2981 32.9921 5
8.7265 11.7015 91.6308 -53.3253 -48.1713 10
32.8431 -4.5799 4.3809 53.7612 -25.9770 4
79.8256 82.8541 31.6614 12.5018 -3.7000 3
-91.4328 83.1338 -28.1866 74.8978 46.9769 9
-68.7706 -45.3898 -36.3064 -39.7282 80.1422 10
78.6750 35.1648 -24.4725 -37.7416 -22.2917 5
26.3026 21.5617 -37.6554 76.2791 -0.4585 4
91.1392 -63.1467 63.5600 70.2045 -51.6168 6
27.8747 -88.6829 31.9441 -26.8919 -12.8331 5
13.4906 -42.2288 34.7552 -90.2477 49.7116 7
-91.3774 28.6206 51.8413 58.5982 -19.6310 4
-68.6427 -81.3426 -68.8994 6.3929 4.3993 2
-40.5070 -13.8214 -1.5061 28.6136 52.3588 1
-17.4905 57.7356 40.2767 74.0327 -81.0865 8
-82.5562 -22.4635 35.3180 89.0149 81.9368 8
35.6793 -45.5669 -30.5005 6.9606 20.3734 8
