15
20
-63.7252 92.2497 10.6207 -38.5112 8.9408 93.4841 -73.8259 -94.3882 -66.7879 87.6488 43.0671 -9.7218 -26.5372 -14.7313 -10.0665 9
69.8667 -33.0704 5.5848 -22.9369 69.9024 62.7968 -30.4479 68.4697 -18.7988 -50.3349 77.2865 -67.4925 -38.2606 51.9280 10.2724 10
-1.5009 -89.0379 -82.7995 37.0211 13.4522 -13.8990 34.3185 77.5445 73.6115 -22.1874 -81.8167 -14.8343 4.8150 88.5143 -48.8444 8
43.4852 -70.5673 11.5275 50.2532 44.3071 6.9653 -44.8184 -52.5598 6.1084 -72.2106 62.5145 79.6217 -38.4670 -25.2368 24.9381 6
52.0537 87.0319 -52.3546 84.3659 58.6425 50.6976 -34.9180 59.0254 -46.5440 99.5339 24.7275 68.8746 53.2659 41.7786 59.6466 4
47.2053 -5.5811 -70.4889 -7.7211 93.2695 70.1979 -73.6579 -67.7134 -99.1656 -54.1725 -61.3167 90.1771 -10.2526 -67.7250 83.6406 2
30.1738 -3.9683 -87.8241 57.9661 48.5600 91.3833 -64.5970 1.8184 63.1656 -16.2438 -86.9305 29.2221 -19.9751 -50.4392 -41.2774 7
-38.2846 -56.0943 99.4970 11.1029 -81.3828 -79.0865 -42.1703 -28.1177 -70.2039 -39.7997 34.0202 88.7495 97.7913 -87.0258 -29.5976 8
0.4795 20.1622 56.8429 69.4802 -13.8954 88.0820 6.8190 -76.0743 57.6303 -62.7466 -21.7259 36.6407 81.5255 -45.3528 82.2154 9
96.9791 62.8242 -47.4490 15.0224 18.4388 84.1078 -48.8649 44.8828 27.8814 69.2378 73.8833 -7.2266 -68.4364 65.6126 -11.5841 9
61.3757 60.5766 -99.6380 19.3095 -38.5036 -49.7738 37.3538 33.5629 31.8246 8.0786 -75.4439 91.6802 18.3522 -3.8327 -45.5687 8
36.8688 -33.0263 79.0995 77.8072 17.8694 -4.4085 45.8355 -2.6879 -75.6965 87.9121 70.9999 -93.2202 -16.1818 -40.2599 89.8326 9
-88.9561 54.8238 -81.0665 -26.1248 24.3230 -23.5142 28.2193 -89.9035 58.7187 94.6734 27.4795 42.9389 38.3911 29.2529 -51.5040 6
2.1249 -56.5675 -57.7350 70.8228 22.5275 73.3937 36.0183 41.7275 67.1521 -22.7540 29.3589 -80.5705 -50.5400 -47.4381 -60.0484 5
-69.2173 15.5558 -93.6705 -8.0884 30.1993 -38.6604 -96.9999 67.1219 79.9503 62.0378 97.9405 -6.0850 46.5021 -69.5992 -2.4703 3
16.0638 -38.2390 -48.5243 97.3784 4.6403 83.5981 35.4094 0.7889 -42.6530 43.1204 -38.0261 29.8906 -75.1310 6.9359 -77.1268 8
2.6678 -28.1421 -11.4117 67.8206 92.5807 -34.0615 -97.3726 -19.9055 39.9102 43.1668 -56.6022 98.8840 52.2212 37.8451 -37.7282 5
-72.7251 -98.6840 85.0298 1.1823 -10.4084 -17.6115 21.4991 87.7492 -52.2943 29.3596 -5.0608 -87.7544 75.0292 50.5379 85.7705 4
43.4136 -23.1900 -96.7715 87.0428 -31.0766 -26.7755 83.2373 -29.5883 -93.2081 37.3945 -10.2345 63.8311 -96.7118 76.3721 -40.5878 1
-4.5862 -79.9101 71.6286 36.4713 -21.9375 90.1372 50.6497 72.3430 70.8228 -27.4489 36.4966 -78.5640 50.4302 -61.2318 -32.1929 7
