10
50
27.5354 66.2133 12.7391 95.2396 -14.9274 -37.0426 65.8410 68.7468 97.1571 12.4533 7
48.9318 0.6664 75.2513 -51.4413 14.7892 86.4242 64.3176 -33.5407 75.6212 6.9526 5
79.4474 55.3128 92.0697 72.6368 -73.6275 -5.3461 13.7869 -42.4414 -69.7610 65.6299 9
-99.3722 9.8968 7.2569 -85.5085 -77.5776 -64.9501 -44.4068 -24.3399 80.6144 15.7705 8
-31.6324 62.7960 -74.3725 -3.6695 -49.5344 64.8540 81.9027 -31.8469 96.6644 18.1445 2
65.9615 99.6424 -15.6497 15.8787 -45.9143 -30.7143 -61.7974 56.3349 70.1499 -88.2577 9
-89.2409 46.3880 68.0564 71.8606 -97.3755 -10.0638 -10.3181 8.7986 -8.5651 -89.9693 6
70.1975 -68.7950 79.6224 -71.0216 -12.2690 -45.9336 -2.4297 -2.4471 80.4318 -75.0101 6
-97.3904 92.0551 -19.2747 54.9516 -75.5253 -35.4190 -23.6258 65.6911 -86.8359 78.3351 6
-70.6929 -80.0266 21.6303 -23.8496 -69.1427 38.9301 -16.2805 -80.5007 -95.1850 -20.3747 6
28.8164 -90.9178 87.1675 -71.0594 58.2788 63.5612 -18.4518 44.7195 90.9684 27.6583 6
38.8217 -66.2111 39.3937 -2.6698 48.7263 -95.8991 94.9050 42.3046 90.6156 -44.1774 4
61.1042 -61.6286 -91.3408 50.3558 -64.0418 50.6831 -55.8193 -25.7999 56.7201 87.8417 3
-84.5023 81.2941 59.2717 77.1090 -72.4767 -52.7707 60.2207 -68.6716 -69.0482 85.0486 7
98.8788 19.7317 73.4455 -59.3901 -96.7309 99.5602 33.2299 54.7020 -79.8789 -68.3671 4
-1.1785 -64.5571 73.5744 -37.7862 -79.8870 -5.0917 46.5655 -84.4402 -83.5348 20.3694 1
-82.7177 38.0915 71.7260 -70.8368 18.7475 32.7115 -81.8520 -63.7084 65.1897 -94.8436 10
61.6175 -19.6644 74.8954 -17.0721 39.1006 39.6459 -52.6544 -67.4258 -65.1021 15.1072 9
-69.6837 -2.5849 -26.7526 40.2095 44.1337 37.7218 -45.7214 11.3822 -21.5150 49.5590 2
28.4694 82.3308 55.8849 33.2016 96.8499 -84.0507 6.4903 -27.2725 22.0108 -43.8168 2
-43.1574 -71.4886 6.7450 -23.0391 -20.1823 45.7285 89.2056 -42.2828 -51.0498 70.4786 4
64.8270 57.3452 -4.8875 -50.7480 -3.1484 45.4231 85.3249 58.2479 -63.5357 -61.5939 3
-31.7915 -85.5991 -46.7935 9.5869 -8.3817 24.6059 -26.8543 58.3679 9.3943 -68.8001 7
73.6295 -81.7488 63.4173 44.3860 69.2532 39.9860 -27.2588 10.2169 -30.3749 -94.5696 4
55.3609 64.2945 85.5369 -57.1009 58.8519 17.4890 -96.3053 -54.0682 20.0118 -90.4789 10
-58.6002 98.0756 57.4692 -6.1702 -96.8139 18.5746 -59.5512 52.7022 88.2775 -26.1137 8
-61.3743 72.9169 -14.8717 88.7175 -98.8805 -60.5919 -64.7390 -19.0161 91.6946 64.9160 1
-79.6377 -16.6088 6.8324 70.3336 -62.4318 94.2655 19.7351 -3.4102 -82.9871 88.5588 3
5.6140 -63.6391 77.5326 12.5268 -35.6335 27.0412 74.9503 66.6659 -57.6323 51.5958 8
-28.6407 -65.1403 83.8122 99.5744 90.5113 -99.3539 -91.0191 -63.4145 -52.8074 -60.1241 6
28.8930 -6.9490 -31.6905 94.9011 -46.2829 -26.0527 83.7130 64.7757 78.5082 61.4533 6
-0.8654 7.4044 39.9499 -79.3083 -10.2367 -2.6374 -39.5529 -30.1961 49.0754 36.7699 2
45.1905 -61.9085 99.6630 -53.2677 -50.2325 75.1660 -2.6649 -8.1625 -61.6307 -78.9720 4
99.7013 1.3826 -80.7692 -31.7014 4.5523 -41.7968 54.7307 67.1949 58.3292 92.9515 2
-10.6277 -78.0037 14.6535 44.4629 -64.4690 -37.2560 -80.5119 -28.7827 -47.3654 -33.3799 7
-1.1693 -7.7327 81.1038 -14.4975 79.7991 -8.1047 77.8234 76.8277 -58.9972 49.6397 3
5.3262 -58.4198 -1.4783 96.7249 -53.9285 26.6833 -71.6269 -89.6741 -31.2548 -12.9599 3
-39.4408 14.0533 -8.8592 -95.3766 -46.6981 -83.1561 -74.9568 -89.1130 -30.8787 30.6470 4
-33.2232 40.4849 3.3169 68.4964 -84.1769 46.7097 -30.1093 -15.2534 29.3678 -61.2515 4
-82.1728 -18.6698 -49.8582 23.1588 73.5040 -9.3860 -85.6028 60.1852 -94.7336 6.1393 1
52.9250 -53.7890 84.6434 70.8814 -24.8469 11.1097 16.8227 70.2077 -48.4546 38.9050 6
-65.4701 -66.1517 66.4041 24.0800 -52.2092 52.9267 -32.2757 93.3211 61.9695 15.8568 9
9.0905 35.2486 21.4821 -14.4835 43.9056 92.3148 -41.9214 63.6044 73.0249 -71.8108 10
-38.6741 49.5796 -60.5526 -15.7427 -71.2170 22.3399 20.4729 52.3434 -60.8857 -16.1978 6
4.2928 6.9660 -79.3529 52.5011 97.0999 0.1675 -77.6513 90.6842 14.7053 -94.3973 9
-81.1006 73.3593 -84.6915 -87.2843 43.5296 73.4522 -12.0073 49.2934 -22.3543 -82.0903 7
-2.7904 85.2128 56.4307 -81.3731 11.6975 -14.7443 20.5521 -46.0040 86.6226 -69.2707 1
54.9998 13.6224 43.7425 -95.0414 -21.2906 -36.2395 -75.3793 -4.4208 -83.1267 -88.3103 6
-0.2161 49.2174 46.9771 -78.7223 27.0094 39.4910 64.7493 47.0934 -92.5029 7.2874 9
94.4836 -0.6099 87.8490 -23.7604 50.7621 -36.7826 93.4912 22.5066 0.7955 3.7840 3
