5
100
-32.8456 -99.7732 91.6453 -18.6396 -11.0894 7
30.0383 2.3277 -34.8243 -20.9033 96.8031 6
41.4843 18.8961 89.9646 38.3357 -35.8354 3
33.1764 -21.0196 -27.0149 -24.6616 -20.7422 9
-9.9903 -75.9188 -79.2573 94.8387 -53.3579 9
4.3083 -27.6457 59.6430 94.8417 -66.1457 7
1.5833 -75.6148 -19.8377 80.5287 -5.2793 6
-71.0478 36.3369 -20.3427 10.9041 -66.4863 5
-31.8764 -59.2838 -62.2471 -56.2604 60.5866 9
68.0996 89.6800 -93.6849 47.2890 1.0542 4
62.3624 34.5165 -41.8463 -36.9718 20.3784 3
-85.7322 86.7917 -71.4581 35.4118 56.9451 5
-24.1324 -70.0029 30.6693 17.3364 -54.7831 8
11.0398 22.5316 35.2946 -71.0630 -6.6540 4
85.9160 6.6845 60.2110 88.5437 -39.2624 9
-73.4651 53.1642 -76.9836 -49.9677 -53.4947 5
-64.0190 -11.7788 60.5408 -28.5140 -17.6100 4
91.5872 -71.8506 33.1991 44.6832 13.8392 7
57.6947 84.2384 80.0794 36.2100 -40.8328 5
-88.6803 -67.5935 -44.8844 2.1135 -47.8003 8
30.1628 76.4811 23.6090 -77.3707 37.8955 9
83.4624 17.9392 31.8748 99.3376 76.5552 5
36.2947 3.6072 -94.8535 -63.4681 -8.9967 8
14.3360 59.2270 -1.8200 60.5424 88.4557 8
60.6487 85.6282 79.2980 1.0136 29.8498 10
-65.0515 8.2456 -93.5127 87.0297 -33.1189 4
41.5517 72.2300 60.2693 -12.4645 -74.8555 6
-95.7098 70.9610 -30.7467 -4.8170 -83.4806 5
21.8225 22.6486 30.7913 44.5071 90.4621 6
-39.0761 41.8491 23.2410 18.5743 -94.6620 3
-89.4960 74.5254 -92.7069 -60.6941 -64.4637 2
3.7212 40.2086 46.3094 30.7598 -38.0112 4
-59.2818 -62.6458 -65.2151 50.0200 -13.7571 8
31.4021 -57.7044 17.1932 27.3591 -26.4783 6
16.0640 -71.3038 15.6503 -68.5820 -73.2625 4
5.2877 92.3975 56.0258 -4.7452 65.4831 7
48.1377 33.6200 -37.7922 -0.7007 45.2047 6
86.6761 89.4861 8.7767 47.4220 -17.2163 5
-37.7691 33.8721 -27.6908 98.6465 -76.9609 5
49.4225 -55.2136 12.3396 27.1224 65.7093 3
61.0740 77.0129 -29.5359 17.6471 69.6129 3
2.3722 86.3651 -66.3830 64.0922 -76.0458 4
-39.3768 83.1168 1.7738 89.4677 25.0788 7
2.8203 99.5799 -15.1140 10.9449 90.9076 10
2.3508 -78.8391 33.7522 -70.8487 85.4260 10
63.1823 32.6439 69.1149 18.6634 -55.9947 5
-42.5438 -9.9881 97.2535 -55.3791 89.5122 5
2.6023 27.2657 60.9423 35.7084 34.7860 1
55.6591 43.9707 6.7246 73.8634 70.1043 8
98.6665 -15.5630 -63.1145 -97.8661 74.4779 7
-86.7011 38.5325 -56.2203 93.4542 -96.9556 5
-73.7075 -99.6198 51.7601 -31.2811 63.2448 7
-12.9959 -30.1177 -62.4198 90.2256 -21.1140 1
-94.8294 48.9373 5.4853 -11.3166 23.3256 9
-75.0870 78.9426 62.2122 59.5377 90.7229 6
96.4211 97.6670 93.1894 -50.5287 -43.3097 5
-73.1524 -94.9760 -95.0075 -41.2394 -91.6509 6
-40.4260 35.9132 99.5927 47.6402 8.6613 2
59.9551 91.2830 -97.0440 -56.9142 32.0805 1
71.9057 30.2297 -0.5415 -3.6229 -29.5748 9
-9.0593 57.5563 -21.6261 58.7976 -19.0303 7
-41.5396 -58.5531 -49.5242 93.4965 85.9851 9
68.1554 -31.5342 50.4297 78.4271 -52.7141 4
68.5287 1.4015 62.2643 -88.4216 74.6472 4
-74.8384 -57.3447 75.7831 85.4632 71.4892 8
96.0578 -4.3477 -13.2269 95.8839 46.9687 5
-15.2820 -66.8234 -60.8614 45.3252 -72.0692 10
-65.2460 -89.6538 78.7858 95.8643 -97.6814 7
-63.7353 -80.0515 -47.7550 54.9355 91.9563 4
72.8888 33.2338 -21.5611 -81.2917 44.5182 3
4.0932 24.8504 -65.0537 51.9363 -7.2098 2
-37.5463 95.1313 -6.5725 20.0938 6.1803 3
5.6100 -49.6367 23.8709 -56.3439 45.1465 3
-41.2068 -59.4380 -29.8497 -77.3493 -1.8216 5
-3.9145 -21.6138 88.1764 13.8009 -87.9014 3
-78.5104 -33.8634 57.1446 -63.6502 -6.1604 7
26.4171 77.4972 83.8597 29.5395 14.6478 6
-53.7239 -64.1033 38.3644 -55.4129 37.9431 10
-53.9584 43.3301 -14.6624 -56.6476 4.5374 2
-52.5003 15.6899 55.2539 -80.8404 -80.6656 1
-55.7947 -43.5601 -35.3458 86.2433 -72.1179 9
94.3760 37.4142 -64.3672 42.6787 89.1706 1
-26.5161 -98.3147 3.6182 60.6379 -46.1148 5
-60.6100 51.7385 -86.4813 67.8991 40.9143 7
-3.7532 53.3443 -39.3930 70.5343 29.8972 2
84.3353 -27.4467 55.0346 -6.7524 67.9129 10
87.5836 7.9871 -25.1706 -13.6243 -69.7062 3
20.8918 -43.3287 58.6087 -91.2215 -96.1517 4
-77.4248 89.9536 -86.9054 23.1489 -11.7899 7
-3.9137 -69.7917 -55.5905 -86.2274 -31.8711 9
-69.7904 58.9776 60.7914 -71.8076 8.0758 8
54.9451 -21.9982 73.7798 -51.4779 86.4660 3
-28.6716 9.1259 95.6965 38.7734 81.2392 4
40.8630 4.9076 85.4195 22.7265 -2.5794 9
-42.9895 65.9554 55.0596 -75.8203 7.3514 5
-22.9967 51.8135 -79.1540 90.1333 -30.6573 1
8.6718 16.8180 -76.4476 83.8692 48.4649 7
58.2551 -88.8595 -96.3390 -16.2879 43.6693 9
-5.9574 88.3899 50.8924 -64.6981 -23.7151 8
0.6189 -56.0014 -13.3254 -13.0831 14.2259 8
