20
100
35.5785 -89.3481 -1.3883 -22.4504 -21.7531 -24.7337 -22.8385 60.2151 -19.9105 23.7636 -89.4601 47.4442 15.8136 76.0220 -21.8030 -17.7388 -99.8876 4.1613 39.9646 -95.4487 8
28.3259 -87.5829 -95.9888 25.7006 -23.9733 -51.6055 53.6115 44.3278 54.1145 -84.5371 58.5574 -11.8403 95.4158 -64.8526 43.4463 -63.1619 -6.0845 63.5788 75.6806 -32.8056 6
9.7822 9.4084 61.1180 3.5095 22.3114 -44.0253 -15.3339 16.9516 34.9464 -29.3148 -81.6125 -89.1775 -29.4311 98.9041 -96.2795 -4.5052 -11.6726 -20.4704 6.8477 11.7584 7
7.2387 -24.4390 76.8148 8.5383 35.1647 59.4911 20.0972 -6.1613 89.6351 -21.5539 -39.4810 39.2728 84.9885 -55.4564 -11.3306 -90.0684 -95.5428 78.9077 69.0475 -49.1017 9
75.0615 -21.1165 -44.3918 30.3640 68.1431 -72.2343 -70.1550 30.1829 17.6091 -19.3333 16.9287 -51.9947 12.2764 51.2560 -15.0890 93.1004 -43.7761 81.1301 77.4477 -28.9970 8
21.5015 57.1317 -11.8733 38.0381 38.1565 98.7625 65.0645 4.4138 85.2311 -69.2712 2.2105 23.0736 -48.0297 32.7158 7.0344 -45.4597 -39.2386 15.0585 -96.2010 79.8347 4
29.8644 -99.7938 -76.0422 -19.7168 -34.3672 -9.8144 -52.8882 -42.5178 78.2939 -41.9089 -85.2596 15.1932 50.4978 66.6140 3.5554 57.8641 82.8764 -96.0520 -88.9612 -92.2089 7
-23.2442 -1.0345 95.3365 -63.6104 30.3127 -59.5306 89.8577 -51.6969 -11.3691 0.7933 -49.3853 52.0743 -51.0818 89.5251 30.9162 -56.9947 -54.5178 34.1550 19.8609 -22.8389 7
23.8769 50.6036 -32.4313 63.5225 32.0676 49.8256 64.8037 18.4586 75.5830 74.3209 -26.3848 -60.7159 29.0955 46.1176 93.9366 19.0288 1.3792 -47.6112 5.0366 -90.2953 9
-96.2090 -26.8487 76.2434 29.7125 -39.2631 -90.1142 58.3453 46.1886 -45.9793 -47.3738 -93.5240 73.3972 54.3844 90.9861 18.8238 -46.5869 -16.9818 99.8622 13.8323 46.8686 8
-84.1214 -5.8689 -57.0815 -85.8808 -92.6769 52.2551 27.4504 96.2113 -56.6378 20.3190 -50.0312 14.7417 -96.5645 -76.9714 55.4370 -59.1880 64.7486 -98.8241 33.0270 12.4077 2
16.5367 -82.5770 -66.0986 30.8542 59.1779 87.4927 61.8801 -12.1264 -50.0592 97.7596 21.3247 84.3333 -93.4763 51.1261 62.3902 -6.7267 -76.3189 38.3150 8.4139 92.5592 4
-16.0535 71.2082 -90.8082 -13.3637 96.8081 58.3270 19.7139 52.7593 34.3455 -57.5405 -51.1990 44.2995 4.5081 -61.1307 15.9211 3.6733 -26.4484 -30.6115 -44.5387 69.6841 3
-20.5342 65.4573 45.6472 -43.7702 -54.0603 80.2800 -8.8995 29.4029 16.2542 38.4706 -93.0022 -71.8109 -81.1509 45.0645 10.5184 53.9682 46.7939 10.1183 39.6127 14.3735 9
-93.8266 90.7115 82.3541 -56.7712 -22.4082 95.2472 -47.7116 -0.9385 -73.4573 -23.1124 24.0992 91.5652 -90.0197 19.1399 49.4429 38.9229 -98.9330 -9.3818 -65.2108 -75.0855 5
-86.2135 11.3708 -42.0378 0.2548 -24.5581 99.0751 -13.8426 -21.4868 75.4825 -25.6907 38.4637 96.6692 36.6956 -53.3499 10.6005 19.8616 22.8748 16.7962 -83.1243 -76.7906 2
84.8112 -57.7587 0.1536 -30.7875 -52.1639 -85.4342 0.1994 -35.7871 7.2639 23.2499 -3.2961 -83.8772 3.6145 58.6518 -82.4946 -47.3370 91.9092 -92.5699 97.0566 -47.4648 9
13.9963 60.5847 -69.1780 -14.8654 84.3845 -9.2311 45.1729 -25.2257 -67.4992 -87.1799 29.4656 -43.0365 -57.2309 -91.6163 -43.9891 -26.0779 -27.4118 60.2765 5.2361 -84.2554 1
43.1963 -50.6691 -84.2809 82.7347 40.9672 -67.5699 -44.9567 -26.3649 -99.0326 26.2015 18.3829 -90.8338 44.3961 75.8773 4.7229 27.8984 -99.4541 -76.5421 61.2041 24.3143 4
-8.3360 80.6471 2.0021 -30.2035 66.3136 11.8094 12.3027 38.0586 -11.6506 34.7734 -9.7704 -98.8902 82.4655 -69.5916 58.6690 -84.7861 -94.8626 57.5828 -38.5283 -58.6207 9
-58.1504 81.8827 76.5680 93.4788 -96.3294 32.0122 -86.3697 5.9197 21.7742 -99.7459 -97.6382 87.4353 27.6288 -89.6989 -0.4057 61.0568 -95.3288 64.8730 -54.1353 59.2018 6
27.2915 -87.7033 -18.2532 33.2524 -27.7831 -27.5164 61.6693 -2.8404 95.7752 17.0273 58.0183 -75.9354 78.2754 1.4204 -38.8573 -48.1004 78.6002 -94.2386 51.0329 -0.9594 1
-79.8835 -76.1896 -99.5964 -62.4879 -71.6293 38.2889 -29.4643 97.1475 88.6029 6.9021 -27.7607 -56.6999 -43.1372 -11.2044 38.8200 -25.4587 21.4241 -84.8620 -29.1638 15.9406 4
22.0960 22.3704 55.1440 -16.1118 -82.8203 -6.6636 -76.8273 9.4935 76.1523 26.4652 2.4847 26.9313 26.6677 88.5342 -23.2010 -52.5801 -51.6307 -94.3407 31.0555 -1.3564 2
95.5936 86.3561 38.7221 -2.0803 -64.4551 -94.4708 7.6749 -87.3505 -46.0474 87.6294 50.5073 86.3195 68.1300 25.5487 -28.8391 -80.5252 -14.3352 4.0905 -31.4133 16.9278 7
-74.0224 -31.4436 83.2342 -50.8445 95.5286 23.9084 -77.3688 38.2242 -84.8323 14.9564 -11.1775 -2.0770 -25.1846 -24.1331 12.8489 11.1615 -99.2737 73.0940 -43.2431 -57.0464 5
35.8363 -39.5588 59.1919 -61.0404 16.5358 42.5857 37.4743 -74.1911 13.5349 -99.7385 -69.2123 -93.9623 -42.6883 -71.3809 77.5092 -82.9493 81.6738 -2.9290 5.2448 37.9230 7
-60.3958 -96.1202 -50.9480 13.1970 38.5705 18.3235 19.1276 0.5025 4.1147 1.5643 -2.9875 84.2802 13.5910 -59.5664 -38.9549 -84.2526 -49.8090 89.7167 -9.0011 -58.2800 6
19.8638 30.7290 -70.2794 91.0307 -71.7077 22.1313 -39.7266 -44.4451 -8.1330 9.2617 -57.5151 24.4305 71.2082 -23.1954 -18.0163 -26.9980 -72.1595 19.5535 95.7786 -83.5147 1
-11.3217 -73.3717 95.8871 51.9549 -51.0665 56.6953 -1.4296 11.3040 64.7848 -55.6280 90.1112 70.0079 -96.5236 21.5752 39.5285 48.7482 80.2469 -73.5155 -26.6040 86.4471 5
-69.6905 43.3029 15.5444 46.6240 22.9083 -59.3991 28.2700 9.2543 89.9053 27.2186 35.8097 -89.2669 46.6909 -83.6784 -84.1415 49.6847 95.6540 69.2907 56.4320 -92.0442 4
75.3794 -65.9977 -32.0687 66.3368 22.3289 -19.5999 33.0041 -93.5725 46.5814 77.7848 -96.6554 -62.4879 -18.2746 -55.2677 38.2284 75.0161 -15.7398 -75.1869 -7.6922 -29.2910 5
2.6287 81.5439 61.6695 1.1069 0.8947 -23.9885 86.7035 -84.4917 -42.7677 -43.3281 -68.2409 10.8946 57.0389 91.8659 -3.5131 -34.6092 78.6690 -13.1054 -35.0505 83.9671 3
-58.7352 -16.5140 -1.5109 -29.7368 50.2677 -22.8002 52.4252 -29.8844 -33.7575 -45.8253 -98.3176 36.1945 9.8444 61.1475 61.0093 -26.6722 -0.2504 -19.1405 -52.8947 -38.6192 6
62.3268 49.2391 4.0644 -48.1829 -60.2856 -81.6033 32.0030 -47.8130 -70.8086 53.6981 86.1886 -17.0210 -83.7686 -74.5314 -75.9222 -81.8895 -75.6648 34.3193 55.2379 -31.8024 5
97.6393 -40.9559 6.3031 -22.0585 -70.2765 -46.4515 -10.5265 30.1989 59.0506 -47.3300 78.5887 52.7564 -54.6068 -90.6287 25.7943 78.8097 -85.6280 -20.2347 82.4615 -21.9996 6
50.9145 -7.5337 -34.2797 47.7934 -61.1631 41.2951 97.8842 25.2865 87.2550 -62.0596 -62.9585 38.7822 97.1812 -74.3856 94.7950 -32.5165 15.3096 -92.6582 -63.6839 -16.1969 3
69.1649 -69.4432 15.3487 -8.3371 -31.5797 87.0228 1.3883 86.6071 -14.2388 -37.9011 83.3993 23.3525 95.0826 84.9283 -36.6816 97.8615 -53.3900 -92.2147 68.2394 -25.2446 2
-34.0523 20.7480 -80.4412 33.9425 81.4989 70.4819 -1.2551 -63.6075 -21.3552 0.2298 15.4230 -69.5134 43.5287 58.1922 -24.2724 93.8712 -98.6729 14.1986 73.3935 4.6836 10
47.9798 88.3443 59.3979 59.2782 78.4960 3.2213 6.6168 -57.6035 -25.0173 -32.7050 45.6973 7.1884 89.7801 -90.3847 67.8730 83.5711 -25.2492 -28.8766 27.0446 75.7765 8
23.5995 61.7693 21.9251 -95.9937 -0.5733 -39.0241 -72.4313 -48.9776 -12.5930 91.9134 22.8577 20.4235 70.1916 86.8294 -91.0354 -13.7766 62.4898 -65.7851 -30.8777 24.7911 8
-7.4529 70.7301 84.3543 -9.5890 -64.7230 76.4531 -70.9994 -61.0054 -9.2401 43.6254 0.6069 -50.3468 36.5286 -53.0882 -29.1400 77.7063 85.6911 96.2670 70.6205 -9.5879 3
76.5747 72.2092 -98.3285 91.8741 37.1602 20.4316 83.8540 -86.7653 -80.2836 86.2403 68.8486 89.2548 -31.1410 63.1947 -74.8142 80.0124 85.4853 -97.6245 -19.7737 -72.5373 10
-96.1540 -51.7049 31.5434 39.7124 60.0040 63.5749 20.4908 -99.4994 -93.1250 69.4358 97.8048 42.4345 27.1447 73.8764 93.2951 80.4314 55.8871 -14.7252 76.7634 3.2196 6
16.7613 -16.7832 55.2328 -46.1732 27.5574 -5.1574 -61.0171 25.6148 76.9397 -30.4602 -83.5543 -59.4114 -49.0760 70.7204 27.7905 -3.7275 40.9420 -73.1157 17.4941 29.4612 6
7.0465 -85.3717 -30.6054 88.2636 -65.4088 -53.4605 46.7033 -90.3569 -55.4065 49.2194 -75.0460 91.5148 61.5349 56.1690 -8.2085 -62.6702 -21.5932 28.0253 81.9426 62.2008 1
-48.1082 -83.7947 6.8350 52.5387 -33.3436 -82.0406 55.2796 33.8107 -37.2346 -81.6450 45.1402 66.1763 48.1303 -31.5587 -70.4465 84.1276 93.4193 -85.4501 94.5882 37.8242 8
-50.4222 -2.1605 -89.5574 4.8566 -75.5146 -13.5594 -86.7629 -44.4589 35.6911 -89.7426 18.6284 -76.1268 -94.8338 5.3164 12.4363 -12.8889 93.4372 -31.0323 69.2284 12.3579 8
59.1431 63.5714 -76.8021 50.4814 66.1848 -30.4314 56.4318 36.1953 40.6499 15.0358 -25.0722 -1.9704 -75.6549 48.8731 30.2010 84.3674 -55.2832 37.4121 77.0417 20.1861 1
-32.8960 -75.0470 -97.2851 -68.0061 61.9616 -8.8251 35.0511 -50.1541 33.3794 20.3279 7.6133 54.8339 58.5000 57.5574 4.1126 24.2631 -48.4856 80.0643 -58.2101 25.8670 8
-17.6959 13.5875 -0.2812 -44.5845 -84.2883 -49.7728 34.8955 13.9318 91.8800 -20.1201 68.4975 -96.8410 39.4925 96.0082 -20.2992 -39.9207 -26.3583 -12.2070 -1.4837 -40.9202 1
-31.1133 29.0295 57.3442 77.6510 83.9838 -7.2006 -89.3729 -65.4441 62.6511 74.0234 34.8221 61.5570 73.9485 70.7753 65.2187 -26.8896 53.2538 -29.8036 32.6312 99.7719 4
-13.4759 56.2427 -98.0180 57.5311 3.6054 -10.5759 8.1057 12.5539 3.6823 15.0437 -71.6776 -36.1919 65.0072 91.3590 -19.7176 -42.1741 -37.4104 -56.1892 -25.7537 91.1266 8
-45.0671 -56.1983 35.0554 -18.0501 -22.9348 15.5263 -93.3958 -7.5471 -28.5313 24.1815 -31.9132 -58.4150 -56.3612 50.1321 -35.1134 -93.8415 -31.1775 -24.0147 -99.4611 -7.0505 9
-57.7810 37.7684 -13.1905 84.8932 58.9701 -66.1629 45.7301 -56.9273 35.1582 -3.6842 1.7542 -86.4898 4.1767 20.2934 74.1501 45.6825 16.3562 27.4996 -14.5678 -23.8212 9
77.7101 41.5960 -27.2516 -3.0131 -88.0216 66.4782 91.2230 72.1484 38.4338 29.0789 37.1840 -50.2355 -96.4398 -3.7394 72.1145 78.8824 -93.1872 -31.4165 -89.7282 -53.5862 5
-42.4703 89.9160 72.1565 18.0516 19.9110 -33.8300 -77.8474 42.8134 -68.7287 3.2493 37.8958 32.2401 28.7278 -63.8969 79.5601 -88.4207 -87.6050 86.7791 85.3334 18.3245 1
-13.3178 -51.1698 -72.3268 -25.0206 16.0784 -7.7522 -84.6969 39.4983 22.1208 -92.8429 29.8981 -78.0230 84.6770 -14.3478 -44.9611 -14.8414 -78.2655 -70.3774 -53.9686 -15.1930 1
-72.6217 -6.3799 -44.6223 -14.7647 -28.9712 -23.5753 -57.0960 75.8688 -15.3545 20.7012 10.9773 21.5336 -37.4071 -80.7691 -8.2587 39.1209 82.5892 -77.5173 -95.3498 61.1710 6
89.2282 -0.1260 -79.5100 -33.7894 -81.8343 -59.2086 -81.5522 -26.6455 -28.3933 -98.9023 -59.8891 54.6288 -79.4479 -40.2849 -38.5014 46.2731 83.4915 -74.1789 -11.2174 -56.1918 10
46.5109 78.0081 -60.7384 -57.8260 58.8588 67.8118 -90.3725 -32.2720 -51.9647 -57.4883 59.9555 41.3617 -96.3637 -64.2133 13.0383 71.1518 -30.4228 25.7706 -66.4019 81.4051 8
10.7174 -61.4252 -37.4557 88.5841 -21.2768 38.6573 59.8607 68.9337 -65.6198 69.2965 -98.0443 54.2352 96.7207 74.7697 30.7447 46.6581 75.1739 32.1123 -28.7924 55.3583 8
-46.2217 -72.1514 -38.6522 81.5295 66.2812 -57.1910 -53.1501 88.2541 33.4138 0.2983 -84.9377 4.7415 -7.1522 -33.9624 25.7526 16.1591 -0.2505 -67.9211 -62.0092 72.0345 1
-19.6885 52.5475 -85.7921 93.6872 55.4247 40.3847 17.6255 -35.2944 -19.3315 2.3363 78.5011 -28.2099 -52.0252 -37.3754 -2.1312 41.7727 -68.3537 32.9251 99.4835 -24.3065 8
-27.1711 78.6170 68.5832 34.8598 -90.1198 87.1919 23.6983 9.4871 63.1765 -74.6715 31.5879 83.5910 -32.9270 -91.0628 34.8536 0.2232 70.5076 52.8554 -66.5794 -78.5532 10
5.8366 80.0579 -73.7089 75.3368 70.2317 46.1030 -83.6221 24.5363 -42.6658 20.5170 -56.9455 -67.0566 -35.2994 34.4330 -97.6810 -75.2680 -65.8516 -44.6402 -94.2349 -7.1593 8
61.7631 51.1402 51.0957 18.4166 -33.2497 -67.9988 -51.9390 -23.1963 -57.7609 73.4518 -66.5478 -64.2793 82.2539 74.9139 32.8952 82.6697 -55.0495 -76.4473 26.9170 -39.1081 3
-14.7410 -83.2911 -59.9126 -41.2253 18.6356 37.2184 95.4634 -36.2820 75.1023 26.0419 -61.1177 -44.8383 -71.0774 -46.5001 -77.8186 -30.1218 55.3374 -34.3040 3.8892 12.5348 7
78.6515 91.7244 -51.8512 -3.3542 -17.4337 25.8020 -73.3965 38.8002 33.7768 -71.5521 15.6961 -87.1812 8.5171 16.0176 -88.3874 49.0682 89.4770 -44.7050 -9.6659 -38.8832 10
74.9180 47.2915 -45.5293 50.7184 23.9822 -27.8036 -87.0017 63.8574 55.5353 84.1106 57.3457 92.7165 47.6630 -68.4647 10.0116 -32.0461 -37.9082 80.5064 50.5502 61.8527 8
71.0716 -79.6228 48.4713 42.5379 -8.4878 63.9324 -66.9565 -49.0026 91.9385 26.5634 58.8702 45.4947 68.3318 -56.6376 40.4088 8.2837 -39.2806 89.8179 -75.1767 53.4713 1
-43.0388 6.7653 0.4418 -65.3791 6.7033 36.6193 67.1031 33.4509 94.4696 -42.1529 -36.5484 2.7088 19.7535 -78.1393 -12.2327 -88.5173 93.8730 -80.4856 81.3073 -21.3556 9
39.7495 25.6499 76.8043 84.3591 -23.2482 -53.0297 45.0431 -95.0348 -94.6422 -22.9913 57.1755 54.5852 96.1652 -6.1631 38.5640 20.5853 -77.1226 2.4801 -16.3029 35.4034 2
82.1651 15.1291 -63.1812 -97.0612 98.1094 88.2661 16.3552 -19.0004 93.0008 51.5064 18.1905 16.2893 21.1106 22.3212 -21.8339 -50.7415 86.8708 13.0563 47.4319 88.6883 4
-64.5739 -69.4142 -75.2891 19.2385 -26.0078 -66.6571 -59.3208 -82.1023 26.2033 -39.1726 -61.8047 -23.2769 38.6310 -3.4080 -48.6875 18.7344 59.0872 -42.4220 -44.0152 -84.6079 5
-68.2261 96.9708 58.4213 -96.0037 61.7003 94.6907 69.6897 -85.5584 41.2870 51.1327 83.2284 97.7357 -50.4948 -97.7213 -53.2354 -97.2812 84.3313 17.8809 17.8402 66.4365 8
-33.0328 67.9781 89.6400 77.5429 -60.9916 -70.1238 -84.9801 -36.1250 -17.9144 -22.3863 97.0244 28.1693 49.2060 -93.9941 -61.4102 4.1683 -15.7938 96.3622 88.1852 27.7594 8
75.8739 31.6283 -87.5609 32.8085 -10.3965 76.4087 56.9483 28.7091 -76.7273 -45.4921 -50.3175 99.4195 45.1919 -99.8969 48.1066 -52.0717 49.9147 11.9224 -93.7413 34.9367 1
-59.8143 23.2594 -61.7523 38.4799 -45.4803 -81.7383 19.9088 49.0391 -8.4433 -49.7621 30.0852 -24.6964 -32.8437 5.1099 -62.5978 1.8683 75.6606 0.1039 67.8762 -36.5468 6
39.5430 -0.6492 -35.1304 45.5426 -82.3498 -50.3487 -6.9292 -1.1737 -27.5649 22.4789 3.5836 97.8338 24.4963 71.3556 93.9767 -16.3311 77.4209 91.0226 6.2045 57.8697 6
81.9707 3.2761 37.1453 92.5789 6.5005 26.6844 90.8059 80.4239 31.8863 75.9245 10.0711 98.9261 23.5800 -55.9627 70.7435 48.9662 -82.5596 88.9585 54.1394 82.8550 5
58.3124 -65.7043 -22.2639 -91.1654 -65.5359 -48.4166 32.4320 32.1259 -3.4419 33.7889 -57.4557 54.6763 -58.2526 -53.9011 -41.7456 78.3807 93.7050 -89.9921 -62.1063 -48.7505 8
-68.8805 -74.6606 -44.7258 -17.0175 -32.5089 75.2796 -13.2091 -31.9988 63.8948 35.5785 -68.7466 -61.7738 88.4189 42.8403 36.0911 9.8925 15.9853 90.7091 -5.7480 -4.2550 4
11.6938 64.2893 3.1213 -19.7777 -66.4067 -46.7691 -49.2864 99.1876 -53.6261 52.4427 67.1379 97.6695 15.8645 30.5002 97.5918 44.7553 -76.3709 91.8311 -87.5974 -58.2769 8
95.0538 -90.7043 10.6610 46.8117 -37.1492 -50.5867 97.3693 58.4643 23.9486 -65.6185 23.4465 24.1168 55.5252 -50.5865 -4.4578 -56.2253 24.7879 21.5819 -9.1085 19.1657 8
-91.3965 -57.1203 21.3482 -70.9374 -41.3230 93.5404 -14.0319 -41.1334 -48.7734 -43.2694 8.2894 -10.4778 6.8034 13.0559 -57.5975 5.0803 -97.8063 -73.9038 -21.8717 -32.5245 6
-58.5614 74.5175 -50.3033 -29.1234 -86.4449 -49.5755 -74.5642 -0.4511 -18.2757 91.3478 -37.5833 42.2374 75.9624 5.4275 -20.4681 35.4844 -40.8542 17.1657 17.1855 13.6002 8
-15.5475 12.8954 96.0874 21.7519 91.5958 -95.0574 77.5754 80.9387 25.3195 -79.7625 -28.9933 -24.2251 33.5367 61.3165 -60.6892 -57.4375 9.7397 67.1636 55.3889 -34.0774 2
-76.8053 -20.8081 96.6025 -45.9817 -33.1133 -55.0573 -81.6138 87.6645 40.8916 -81.2089 82.1564 64.1267 -34.5270 -85.0288 -58.4968 13.7757 -84.0237 -97.1611 -41.1483 -53.8424 8
67.7357 55.6387 -18.0244 -69.9120 95.4657 7.2271 79.5506 34.4933 -50.2322 72.4535 -91.6989 20.5468 63.2549 -70.4916 65.2096 95.9258 -24.1210 -90.7797 -43.2605 40.4537 1
11.2220 17.3199 -93.2811 81.5246 49.3270 -77.9606 -99.2424 -26.1415 35.3457 -24.7588 -37.4079 -68.9552 35.9744 38.8325 82.9786 -10.1360 1.0419 -51.1609 16.4575 -79.5715 2
-31.6515 -34.2576 -74.1238 -40.9413 10.9458 -70.8687 40.8173 -84.5825 53.7785 -1.6485 76.6723 20.4310 3.9001 38.0837 -68.8141 -36.5917 -14.8141 -61.4695 93.6189 -41.0108 8
-14.4063 76.2840 -5.5905 69.9465 -37.3792 -68.9187 -31.4251 0.2223 64.1967 46.0514 42.1702 -54.6623 70.3878 63.9309 -64.1990 -80.9525 9.4356 92.0899 58.2884 98.4598 8
-65.3524 -24.8953 5.7616 -65.1168 -0.7174 -69.0225 -75.4386 66.4752 65.2960 -4.2682 -78.1107 -47.2778 58.9307 41.3193 19.9858 -53.2222 -65.0965 -27.0809 -44.9970 47.4823 6
78.7172 83.9285 -91.6522 -48.3943 47.4843 27.9974 -43.5923 91.7050 95.9116 -31.3825 -90.8394 -81.4588 60.4429 10.4620 32.9837 -92.8502 -63.2946 -6.8454 90.2460 91.8499 3
-89.0205 -48.6108 28.4284 31.5370 97.7696 -2.8045 71.5206 13.2730 -83.9546 -49.3605 -24.1683 77.8179 36.6498 -69.9733 -86.3513 -68.7597 -90.4047 -92.8890 61.1832 22.2925 6
-86.3077 -41.8433 91.6818 99.5770 30.8254 40.2731 29.3990 -73.0931 16.9576 93.2098 44.6694 -78.3385 -60.8590 61.1282 99.5472 -81.1358 -61.1619 -23.0444 -60.3762 49.4354 2
-84.9967 -15.8654 -93.8758 50.1063 -74.2735 52.6425 -46.3916 -12.0668 86.4844 75.3589 -31.2772 99.1882 -79.1308 -56.2043 -38.6856 43.7629 -36.9063 -57.1839 54.7899 13.5064 6
33.9044 85.4979 -19.6329 1.5218 74.9384 37.6439 75.6956 -78.2621 95.4389 26.1360 -90.1509 -21.2629 50.9185 62.9459 82.8161 -14.3530 -56.5840 -26.1255 -76.1657 -92.6328 4
-62.0648 48.8720 19.7428 41.0832 -12.1086 -72.5671 -45.1594 -76.6573 -59.9580 80.4739 42.3426 99.0990 2.8412 86.6729 5.5585 -32.5554 -80.1518 -64.1208 5.3960 40.3128 7
