20
100
77.2093 4.2382 -76.8252 -84.1682 2.7528 31.8445 -62.8551 -20.9894 -72.3556 -57.2110 32.2225 44.7374 -61.3532 -4.7994 -76.4626 10.2378 29.3082 61.6731 -87.7631 -27.4397 10
-21.0775 94.7982 38.8301 -12.5300 -91.6958 -60.7920 -82.8654 -79.8371 -21.2761 -68.8465 -55.5501 52.7526 28.2992 -97.2675 -20.9603 -48.1824 -16.2310 -53.4666 20.8261 -68.3218 7
59.7124 -11.8509 -17.2412 -21.9527 21.2656 6.9084 -88.5417 -97.5049 91.3118 84.5906 8.4000 -39.9394 -65.3051 -0.1381 15.6168 66.6803 69.6211 48.5120 -86.9760 43.3155 5
98.0408 26.8165 76.1688 -3.5889 85.9265 42.9992 -62.5919 51.0678 34.7887 -69.5596 72.8923 -36.5079 17.1142 15.4301 -37.7225 39.5952 22.8903 89.2982 -6.8761 -51.1699 8
68.1415 19.5169 -2.2549 52.4956 -3.7961 -76.7974 11.3228 84.4061 31.2265 18.3789 -93.4971 50.7714 40.7603 -80.4755 57.3209 47.5120 50.7684 57.1925 -60.8479 37.4175 8
-29.6935 84.8084 -12.7970 -25.7270 58.7701 -47.6701 45.0693 -65.6702 35.3730 -74.5928 92.7295 -79.6471 46.9406 -96.0426 85.0840 -1.8646 22.0621 6.9983 32.3844 85.0182 3
-59.2276 90.4952 -2.3453 87.8878 20.9952 -60.7307 11.5669 49.8421 -72.6157 -80.4089 -55.7216 -23.6715 12.5197 -35.1222 86.3120 -54.1575 24.1655 -85.8098 -18.9980 33.0816 4
-82.5863 -17.7695 31.9268 -71.6816 -89.9334 30.1703 21.5539 -5.0686 -50.8396 79.6013 63.0695 31.1041 30.6831 71.0263 97.6921 5.3194 74.5160 -20.7668 6.3512 34.9598 8
86.4801 -14.2093 21.6214 -21.7224 4.6417 -93.9648 -71.4723 51.1272 -41.9435 75.1596 -95.8210 57.8072 -81.3374 64.4512 45.0286 -55.2593 -26.5783 -80.1877 -0.1137 -49.5768 2
89.8959 -53.3095 32.7963 -96.3976 39.1972 -65.6843 -46.8235 -2.2795 67.0430 54.3281 -52.9944 22.5312 -64.1586 60.3534 89.5884 93.0514 -21.6929 -55.8068 88.4524 -81.3165 10
17.0668 -98.9796 3.4352 85.2828 -28.2135 6.1441 -17.9278 -16.9715 -52.1687 -28.5605 -97.0779 50.1065 50.8792 13.1149 27.9802 -8.9003 -67.7881 -61.4045 -12.6836 94.2507 6
-31.4921 89.5482 -82.7627 12.2362 99.7706 -1.9128 -45.3834 -16.7512 65.8135 5.5449 -43.9757 35.4400 67.8076 -4.2221 97.6769 44.4470 -67.8524 -13.8279 -69.5663 -11.0087 6
88.7352 -51.9916 49.2685 3.9471 52.7743 49.7809 57.8551 1.5554 -41.9575 70.5764 -22.7871 -94.9769 78.5104 87.6279 56.5943 17.5508 -91.2426 -70.0427 -74.4574 79.5778 10
4.8486 66.1508 90.5985 -43.3475 46.0896 51.9564 63.9243 58.7348 -56.6540 -22.5365 -36.9746 89.6956 9.0892 92.2378 68.6819 -65.9533 47.2438 -72.0027 35.1232 95.0519 3
-45.4251 3.7097 -52.9982 30.7423 53.9717 8.5761 18.7726 -83.4680 58.3872 11.6708 18.7052 92.8578 -26.6513 84.7821 51.4871 -83.1237 -2.4471 -28.1859 73.1107 -54.7554 10
36.2625 -27.2741 44.5520 -42.1117 71.0407 -14.5152 -14.7445 -15.7761 62.1773 28.9456 -65.3649 -24.5153 -48.2159 -76.5246 17.4585 -27.3745 11.2044 57.4967 44.5306 35.7729 4
28.8982 43.3049 -9.1725 64.7168 -8.0603 88.6784 -26.7296 -81.7371 -65.7196 -70.2886 23.2075 91.4021 -77.6319 -40.6931 -77.4487 -81.2290 84.5526 99.0228 16.1328 -27.7973 10
71.4562 -46.1972 46.6670 -35.8154 -36.5821 83.7912 -38.6690 -45.4595 91.7799 73.4749 -67.5146 -92.3753 31.3571 40.1166 94.2135 -60.5931 6.5255 24.2752 66.4637 72.9551 10
-98.2998 14.3554 -46.2631 -8.0828 0.6616 94.3718 8.1326 -72.4926 -63.1754 94.5653 -13.4657 -29.5018 67.9485 39.3003 -33.0559 -81.7700 -13.2406 -66.8330 -22.1725 -60.4215 10
37.4479 -31.9491 -59.6921 93.0305 73.6081 50.7909 74.0044 32.8310 -38.1676 -7.5313 81.8470 32.6983 54.6613 71.4303 9.6311 -35.3943 -62.4992 69.0461 -87.8614 -31.9144 3
-74.0431 69.6564 -79.1908 -19.1419 -86.2995 -76.3859 14.0267 46.2100 -28.3273 23.8546 -93.5185 72.3915 -70.0102 67.6216 59.4491 67.4970 -47.6638 -4.0847 -51.3630 -29.1198 5
26.9121 -47.8502 34.6625 -55.3015 -3.6439 -53.5269 99.1399 -24.6039 35.4823 -61.7524 89.1103 -52.7711 20.2594 -25.4173 -35.2970 56.9940 8.1661 19.2358 -29.0839 41.1381 7
-53.4590 -85.3788 -57.8057 79.5139 -42.0298 44.8030 1.9979 18.9486 -87.0819 -23.7825 -53.7287 90.3702 -21.0898 99.6969 99.4419 36.4949 -79.8547 -23.1046 -97.3010 -82.1479 2
-83.7110 -65.1857 -0.2640 -11.7943 -96.9452 73.0135 55.4926 -73.7684 -76.6640 30.3199 -97.3266 1.2965 -61.3589 -48.6334 61.5281 -65.3286 80.2879 -58.8007 86.4205 8.2909 6
-34.6866 66.0727 -41.4187 15.0984 -13.4121 9.9653 75.3757 16.4760 -49.9624 57.4080 -95.1546 27.8266 9.9053 -8.1596 24.3568 -49.7508 -57.1335 -2.3555 14.6027 -42.1377 4
-77.4380 -80.4907 -51.3394 -15.3975 -68.8635 53.7131 -11.3499 -80.3954 -48.4380 11.6840 57.3796 56.2337 -75.3346 39.8596 -91.3350 -76.1376 33.0777 -62.1634 37.5755 -77.4301 5
12.7866 98.4717 -99.0546 -17.8487 -52.0921 65.3803 64.5652 -91.6810 68.9953 64.8976 8.5285 4.6310 -87.7877 -67.2925 -72.8578 56.9002 -27.4041 -61.9925 -10.7516 8.4721 10
69.3598 -49.3411 85.4143 4.6324 36.6070 -25.5406 -16.2191 95.2750 16.4200 -74.8238 28.8086 46.5793 89.1873 83.9767 43.2961 72.7576 -67.1058 -6.7621 45.9295 51.8776 9
52.5550 -36.0337 -36.8946 -34.1533 99.0630 20.9935 30.9699 34.1768 35.8767 49.8878 -29.7952 52.9101 37.5392 -38.4259 -72.3779 -66.6328 -48.2427 36.0352 -84.8605 40.0722 8
59.8853 -0.4040 -4.6816 -24.3268 -50.9514 53.8864 87.8277 -47.0251 30.1383 -22.0692 -75.0132 14.1384 -89.5822 75.5282 32.8252 92.9282 -60.6803 79.1025 22.4121 95.4286 1
66.2924 -68.6018 -3.2581 -69.9391 -13.1556 7.8165 24.7343 -59.1633 -7.5947 -10.1966 9.2226 92.6510 9.6602 17.3237 -8.1278 67.1797 74.7272 -96.5413 -35.3333 -73.6459 3
-27.6310 84.8973 77.8603 52.3039 1.7354 -22.7890 29.3023 7.4378 71.9420 -17.1908 61.2166 9.2161 69.7505 79.8240 -25.5163 18.0592 -26.3167 -52.2288 33.8373 -96.9735 9
-62.7066 -8.2745 -61.5815 39.3897 -55.7087 -57.8008 71.6276 77.3319 13.8257 11.4190 -42.4867 -19.0547 -69.3663 -92.4908 91.9313 -30.3833 -45.1578 -12.4269 -60.1125 97.2294 1
-66.1079 90.6927 20.4172 -5.2065 4.5686 -22.4217 -46.9035 -23.8196 38.1357 -89.9702 9.7365 0.6527 54.9329 -27.3455 89.3078 96.3975 -8.0411 64.0870 -74.5695 -44.4335 5
65.4294 14.0167 -54.7464 61.7821 -15.8032 -86.0292 74.1997 -58.1975 -81.5167 74.7669 98.3955 -55.7435 -20.1643 -12.5177 73.4768 53.1727 12.9109 93.1126 74.6322 85.3841 7
-95.3633 40.5361 -64.9581 -6.5293 90.9683 76.4214 45.4793 -88.8805 -33.9194 -59.0716 95.8778 59.5942 -23.8568 -73.6396 58.5242 13.2527 19.5070 31.2644 -54.0444 -67.4339 7
-34.9342 -20.1102 -4.9217 -41.5988 98.1823 62.2799 -25.5211 -89.2433 61.1035 -40.2372 -50.3315 11.7054 95.2171 8.7569 -72.5302 20.8727 -92.1070 54.2539 13.9729 -30.3778 9
-92.0959 43.0223 -9.2421 84.3062 -85.2973 -28.9168 -30.1804 -26.1636 -92.9979 31.2421 -74.8708 -39.9326 -81.5177 87.0422 -84.3532 21.4468 13.8632 43.4034 -65.4032 -27.4960 8
50.2337 -38.1348 -14.4074 -88.3515 -31.2040 -54.2340 -77.3168 -9.4894 54.2992 -91.2587 -44.5555 -23.5525 37.7374 -17.0137 -30.7187 -75.1592 57.9366 -47.9470 26.8784 17.7205 4
-68.7820 -86.5793 -68.5928 -42.1449 -62.2657 30.1683 92.1693 82.5054 62.3679 27.9954 -72.8440 46.5846 -1.9505 -99.3153 37.0698 17.0862 49.4993 81.0302 25.6865 0.9229 2
-4.6240 27.0004 -31.4386 -50.0180 94.5983 56.0233 46.2855 -67.6953 71.4066 97.9871 -55.4082 -69.6349 10.0016 -95.5249 -81.3308 32.3201 66.5164 -59.5874 26.0162 -19.9600 4
6.5761 84.7212 83.7928 -80.9302 -79.8966 -10.8137 39.0758 -51.9432 46.5650 56.5813 18.8983 -13.9649 -76.2287 22.5793 66.1524 11.4931 -47.5639 -57.7092 -42.5181 70.1322 7
88.5481 78.4246 -69.5195 -98.8591 9.8953 85.5118 -50.0921 25.6068 -98.8957 18.2937 -80.9604 38.4334 -37.5907 -84.6490 70.7828 -77.1527 -38.2418 88.2523 30.6892 75.4128 6
30.0494 76.2279 -63.0136 -38.5277 -16.4088 -29.4054 -37.2324 3.5598 41.2046 0.0198 59.5493 -28.2660 -81.0760 52.3665 41.8861 -50.5973 -56.6429 -37.7103 55.1623 89.5320 5
54.5616 -32.7414 9.7703 -42.0864 3.1970 -5.8384 -2.2765 -70.5666 -6.2286 49.9327 72.1666 -65.9538 93.9655 -74.8293 76.0696 65.3971 64.9115 -28.5579 11.8112 11.8981 2
38.2510 25.5070 -80.0862 30.2428 82.0119 31.5613 23.4744 -26.4348 77.8012 36.1629 -67.6011 -79.0905 -71.1609 -26.7978 -35.5761 18.2101 -15.8152 9.5258 89.7425 -73.3930 2
37.7094 94.3576 68.1528 12.9623 -22.0415 -69.8908 26.5254 65.7687 -34.5882 18.9510 -45.5294 -76.3253 60.0377 81.2566 -44.6630 -46.4128 3.7409 7.8052 -67.6702 -27.3007 5
-74.8531 30.0051 -66.8118 66.9901 -15.6484 -53.8591 -89.8230 -77.5004 -82.7176 20.8587 39.4478 75.8883 25.1496 -96.6696 -95.2899 62.4796 1.8794 -3.9316 71.1504 -34.3534 9
91.8717 28.1645 -0.2160 44.0273 -20.0453 18.8869 24.6062 98.8788 -45.2713 90.9450 -38.8613 48.2352 -91.6426 87.3395 -96.1099 69.4695 51.1016 -81.7590 -23.0994 -97.1306 8
48.6697 94.3869 23.5910 45.4482 85.3182 66.6681 -69.5944 -33.2905 -61.1385 -37.8728 -86.8763 -97.0294 -41.4816 73.3088 -26.7198 7.5939 -43.6502 38.5490 16.2636 21.1384 10
-56.7775 51.4824 -92.9779 84.8605 7.5881 -75.2525 -58.4432 -76.9053 20.6608 -66.3428 61.7740 78.6237 -70.3028 38.2912 28.6033 -39.0045 -31.5517 91.6105 9.9616 74.7816 4
-37.4014 -2.7809 -13.9551 -86.4337 -56.0532 87.1866 -51.4285 -38.1893 -65.3711 82.6862 -25.1668 88.2106 76.3291 83.5591 57.3860 81.9894 77.3039 -79.8055 97.1707 34.0291 7
-87.9338 55.6424 -32.7772 99.9203 93.7488 8.0268 38.9696 60.2225 -2.9182 15.4569 70.0135 -77.3939 -74.7463 60.7893 -37.3795 -53.1466 62.7686 -15.3488 24.3985 -63.7626 1
-93.5396 -57.0084 0.5425 13.5158 29.9214 92.5317 94.9111 58.3466 -99.1264 -8.2619 -97.3089 47.0876 99.5137 -74.3811 -75.9413 90.2035 35.3884 2.5194 87.2936 -4.0821 2
-39.7990 83.2530 -90.3384 -21.1265 10.6382 -3.1815 95.0502 -74.6158 68.4396 -49.7572 36.8840 70.0917 56.8474 -46.2389 -20.7596 -9.3332 -28.8307 48.4931 14.3345 -63.3530 4
-28.9008 -15.4715 -9.9224 -22.8641 -61.7738 -76.9346 24.2326 -7.0296 -22.0051 27.4828 -41.0775 -43.6037 76.4609 45.6804 -93.8701 -54.1772 92.5277 29.0222 73.7194 66.8144 8
98.5138 -22.3043 -86.0375 -61.3380 60.4086 43.3452 91.3914 -48.5869 96.9516 -57.1474 -68.0295 -35.8315 51.1396 63.5310 70.8065 -89.4080 -52.7407 -97.6329 33.5240 82.7175 9
-37.5499 -97.3424 -19.1160 6.8722 -22.0191 -98.8545 -58.8894 -45.2472 -70.1391 -85.1944 -85.1997 -58.8710 -70.1901 31.2949 -24.5828 -44.9345 99.6747 -43.8200 17.6487 15.4579 10
-40.5416 60.4479 -40.5176 -39.2919 72.4235 3.6273 28.5722 43.4893 -42.6979 30.8431 -77.3617 97.7224 72.2412 -59.3346 73.7880 26.2963 -90.6773 5.4064 54.1040 62.2581 3
-89.8145 73.0775 92.3859 -28.5577 16.8346 88.1951 -50.7860 86.1822 -56.7062 59.1149 8.1193 25.6117 45.7966 7.0299 -13.8899 -46.9040 12.7037 -3.4298 -72.6846 15.2353 1
-13.1276 86.6636 -2.8768 22.1296 54.0252 -18.0218 9.0045 -62.3842 -43.9181 -94.9525 31.4691 -71.5079 17.5247 -71.8485 84.2448 50.6514 -84.3496 -79.0760 22.0717 -33.2824 5
-34.5936 40.4924 -46.3174 -78.4865 -44.3018 -84.2728 -66.3164 -79.9952 67.3943 77.0792 -54.0879 61.7269 -64.5606 3.6664 84.2541 81.7146 -51.3080 42.3687 -59.7266 43.8995 1
43.1953 4.8341 76.0591 -86.3540 20.5130 -78.4528 -91.7453 28.9325 27.0056 12.9307 -97.8661 -31.5651 -64.2492 -27.1340 -96.3451 -50.2440 52.2170 -73.0683 76.0123 -80.3322 7
-39.6470 -87.5833 42.7848 -24.5909 -71.7156 88.8774 22.0527 -91.5633 -99.7903 67.5798 -51.2807 6.0091 39.2533 -92.1956 -32.7382 65.6353 -80.3058 17.1672 52.1433 61.3585 3
-42.8760 35.6493 -99.2328 -71.4673 39.6253 3.0294 70.8893 -35.3677 -64.5104 -81.1047 -92.0715 70.5512 43.9613 17.0300 49.1431 -83.3187 91.2166 74.4130 92.5235 20.2887 3
62.6225 90.6338 72.9759 -99.1284 98.9622 29.7762 82.3465 -97.7299 13.3032 -79.6369 38.5852 90.9501 54.1639 93.2000 -24.9730 -90.2752 72.2683 -94.2193 -30.7099 -52.7149 3
53.4197 22.3438 -72.7940 79.0117 27.6192 3.1564 41.5460 -2.3759 54.3520 47.0207 5.8333 -46.0786 34.2603 -13.1166 -25.1261 -60.7385 6.4482 -55.7451 -29.0678 82.3269 3
39.7068 -55.2769 80.4012 38.8764 -11.5375 29.7647 -75.5991 -24.0268 -87.2339 25.9624 -50.4778 62.0734 -0.7729 -65.1662 -77.4471 -67.9227 -0.8752 16.7286 -70.3040 -38.6656 5
69.9226 -71.4185 21.9818 -96.1579 -22.5744 -41.8085 61.9664 39.1133 28.3243 -37.0665 -26.3614 -32.4255 18.1784 50.9192 36.3613 12.7784 65.6426 -55.2446 -38.7709 -15.2513 1
79.4263 -10.2894 -99.5169 -56.6156 -94.3313 -90.0551 51.0995 82.1981 45.3239 62.1368 65.4803 -53.4251 45.7779 -32.8403 55.1348 52.6072 -58.5786 23.5252 -1.0819 54.5968 8
-3.0303 -51.7262 83.2527 -60.0269 37.7128 -19.4552 65.2690 5.0218 -77.1560 -44.7541 -88.7675 -72.1272 28.5116 57.9362 -94.6732 84.4936 66.6590 60.5096 -84.0570 30.4502 2
14.2235 -62.4406 88.0458 -57.1375 62.3248 12.6896 13.4617 57.7625 16.3607 -26.5535 1.5619 -92.6812 -42.2343 5.7670 -96.6189 4.1095 -26.0486 6.4526 15.1620 -31.8223 5
-33.0264 56.2459 -91.6087 48.8274 52.3648 -43.6902 -54.1170 24.4386 29.1122 25.5144 47.5491 56.3684 -27.5405 70.5715 73.3693 -46.5526 48.1358 39.3529 91.0023 -49.5755 10
-32.7700 16.3124 26.1168 46.1299 43.0801 -53.6713 -80.9008 -83.3832 41.1597 -92.4206 -8.1936 28.8013 -80.3747 -4.0428 19.6370 -20.8372 -13.4109 30.0431 -62.6632 -34.5026 8
98.3930 -74.0504 65.6859 22.7379 -87.3040 -93.2473 -92.7498 39.4565 21.1314 75.3413 -77.1576 66.5333 24.0894 64.2989 84.5759 40.2644 -91.8070 40.9842 -11.3245 -39.6869 8
0.4951 -17.5347 -49.2488 -97.7467 -32.4602 81.8601 -85.7779 44.6095 -46.3859 40.4613 -11.1443 -0.8237 48.8468 79.8980 47.1567 93.9003 32.2961 -80.2023 12.7646 -62.2519 1
-35.8160 31.1300 -97.1773 -78.5989 -68.6423 -59.2624 4.4535 -97.7718 31.4542 -71.9213 95.8429 -66.9174 -2.2888 -24.3143 -99.9569 -10.8470 -94.0264 87.3712 -74.9980 -87.1791 10
-74.8011 16.9687 -56.2607 79.8160 -67.0892 17.8911 -77.8281 -44.1753 29.1573 -84.5215 -9.5369 -94.2705 -36.6887 -11.6918 53.7528 -40.2269 48.6195 -70.0264 29.3094 47.5304 2
-57.6117 93.1164 84.1518 -72.1488 66.2525 -92.3941 98.7347 72.0487 75.4482 -67.4240 -53.2498 -92.9384 19.9638 33.5077 44.5206 52.5584 -30.9236 -62.7657 -84.4253 -83.0222 3
79.2748 -11.7063 -74.2506 94.0357 2.8153 -31.4694 -16.4101 57.1216 80.0601 15.6974 92.2475 -17.4698 -86.9352 23.3285 60.3106 -36.1326 -84.9706 -10.5772 92.9598 -41.6383 9
-71.1438 -22.9195 48.7471 -37.7841 -5.8865 75.5118 9.6911 -28.2944 -98.9632 -50.1332 46.3509 -10.0677 83.0773 50.1118 6.6336 29.6613 72.1811 10.9378 -9.9254 24.3139 7
-71.7581 30.8396 -70.5261 -43.0535 83.2523 30.2881 -95.0511 -17.7770 -0.5841 -13.0840 -65.6560 -89.7728 74.8961 -8.3904 -79.5559 -52.4349 -31.9971 65.6407 -13.9921 -13.7449 6
-96.9496 57.6417 73.4828 87.8809 -5.6347 -52.7156 -58.9094 75.9148 -5.8680 -61.4080 61.5565 -69.9901 39.4910 -22.4054 24.8573 9.6601 -77.4825 -36.8610 37.3440 6.2063 8
2.0659 -17.9121 21.7178 9.8944 80.1492 -55.6699 43.1579 27.6663 -42.9623 -83.8269 53.7161 -86.9355 66.7171 -79.7237 49.6282 41.5662 19.4828 -62.5120 45.7549 1.6684 9
-52.0404 62.9534 -25.5686 80.0790 35.2138 -52.5262 -56.8033 -59.1071 -39.4370 74.4565 -79.7542 -79.1319 -88.6800 53.9395 9.1899 98.3422 59.2280 92.8151 77.1618 64.3217 10
61.3825 26.8782 97.3189 -39.8460 -26.6039 45.5528 72.8195 -30.4819 -39.9628 13.2276 -92.5437 27.0603 -7.6437 52.6601 -60.8281 -83.7912 -73.2393 -54.4479 47.2085 -4.1204 3
82.0661 29.2550 -3.8896 -72.8192 -56.7281 49.9165 -25.5813 -24.2340 36.7448 87.9882 -96.8881 17.7987 -60.4050 -2.2037 79.5396 92.8231 -83.8163 9.2901 -74.3436 62.2599 10
91.7938 -49.3036 -43.8998 -3.3815 18.7613 -1.0322 53.8210 -21.9494 16.4246 63.3195 73.1484 -21.3591 -51.5426 -0.5068 92.0612 -8.5133 69.3391 -27.4139 62.1937 53.0098 2
-76.9887 89.8087 -65.8217 48.9235 41.6165 -12.4435 -65.4448 60.1622 34.9941 -30.7804 17.6113 -62.4661 -79.3388 -21.9173 -0.4914 34.1685 -51.0319 55.8562 80.1466 -89.3247 5
67.6969 20.5679 -46.7898 40.5470 20.0384 81.5989 -65.5371 47.4480 65.9029 15.8797 72.6031 -56.1987 5.2729 -20.5167 -53.9010 58.5292 18.7193 -91.8079 -86.9719 -12.3230 3
32.8231 14.2841 -0.0317 38.6258 98.0814 34.3140 -67.8260 -39.4167 14.3288 3.6331 -69.5525 -23.5227 9.7086 52.3527 4.4671 64.9558 78.6820 34.7377 94.9656 -29.2513 2
73.3691 -74.3453 -12.0964 -91.9415 46.1426 42.7858 -98.8213 99.8989 81.5870 -81.3828 -87.4564 -36.3894 -68.2795 -74.3795 14.5835 -14.2439 89.1223 -38.7553 60.8634 3.6486 1
-57.2038 5.3184 50.7780 -89.2382 -53.4512 79.2074 60.4004 67.4833 -60.4519 -75.5909 -16.7482 32.7008 97.4986 -74.4678 21.2840 -82.2039 -86.7507 -36.7313 -99.0658 47.6643 5
96.0314 92.2178 -96.4760 9.7010 -39.4652 95.9280 -7.4672 -40.4626 97.0130 30.1360 -40.1563 -60.9007 -5.9365 11.9550 83.5836 -1.2557 -70.0760 -51.3287 68.9784 33.2632 6
-55.2083 -97.2850 -8.9671 -92.7971 24.4466 77.0796 14.1943 5.6281 -4.0611 67.7481 -77.7232 74.9503 86.1194 -85.0135 -58.9820 60.8315 4.1953 -15.1741 16.5888 -18.3893 9
94.0096 -51.7431 -6.2442 -66.0579 -23.4713 91.6425 -21.0221 -39.4563 -58.3326 -6.1100 91.9354 78.4943 -58.4189 5.4049 -71.0364 -59.9552 -16.6577 -18.0911 48.3138 -42.7437 2
1.1758 16.4402 -11.9356 -35.8628 22.1108 36.2794 71.6217 -79.0813 -85.3970 50.6499 -28.3505 99.9521 -84.6975 60.8855 87.8630 94.1332 82.6502 28.8324 -54.6050 -2.0203 7
-9.4510 -78.7204 -62.5411 59.5366 -17.4776 -65.9492 68.7607 44.4174 80.0531 88.4847 36.4722 -74.9969 -6.1633 -79.2539 6.1155 -47.8374 -98.5878 80.5419 -53.4920 0.1324 5
-54.2025 54.7983 -57.5002 7.6049 17.6179 -95.7721 -2.4079 88.0881 1.0455 72.8367 33.4571 80.2573 -0.6147 77.5963 -64.3639 -71.0961 -41.0145 -82.8470 0.7804 22.4548 9
33.4546 18.5044 -99.4268 69.3432 60.5059 34.7235 40.5125 91.6810 -29.6863 -84.3276 -15.6998 28.7022 -67.1795 -52.9702 53.4959 -21.7177 12.9030 -98.5838 48.5120 -35.5380 1
