15
50
7.7704 -69.4775 61.7396 -97.7437 -94.4252 -48.7497 47.0328 -98.9739 -26.6550 -11.7032 99.4652 11.4718 -84.7227 6.7110 -89.6969 4
55.9603 92.5299 76.1439 68.4452 80.6821 11.6374 87.2026 92.6546 29.5341 39.8847 65.9711 -97.1015 -28.6000 80.8961 57.8138 1
-95.8886 -39.9344 -86.2659 -13.6103 -70.0383 -30.9003 71.2794 -17.7313 -97.6513 -40.5239 -75.2143 0.3923 73.7121 -97.4249 -7.0405 1
-72.8425 -20.5129 -84.7793 79.9408 -29.7922 -10.2606 32.7806 -36.4301 -75.9378 -5.8954 -37.5260 49.7636 -18.2059 11.0908 -84.3176 7
33.3887 -95.0681 30.6646 -72.9350 -12.8940 -93.8258 -99.1860 6.9828 69.0355 35.6534 74.4339 -45.5282 -57.7477 -58.8578 -66.0310 3
75.9701 -74.2890 55.1513 94.4181 70.8974 -92.0295 59.2968 96.9671 -44.6277 79.7993 97.2922 -57.3614 33.0437 -31.9197 99.2177 8
-92.0456 -76.4708 9.7734 61.5898 -19.0918 -85.5573 94.2134 96.8805 -69.8837 -64.2880 -38.3216 -53.5767 -80.1543 -65.7711 -14.1361 5
-15.3798 5.9209 52.9539 6.9002 -86.5465 6.2414 6.4438 -6.6247 30.7627 -36.3048 61.7219 -79.6757 -39.2986 37.4181 -35.9963 8
-16.3779 98.1476 19.4421 -72.4089 -29.2374 -73.4931 92.9510 -60.1674 -98.5572 38.8100 48.1587 -26.2793 60.5732 39.7787 -41.6827 4
-95.8123 8.9904 14.4018 -66.5360 -71.1693 -6.2969 -80.2595 -29.8152 -17.3608 -78.0429 -84.0865 -42.5598 18.7252 -83.7902 -40.3855 2
76.2478 -19.0667 -65.9792 22.8984 -60.8846 -40.6257 -34.6548 -12.3417 -21.8003 98.6919 -40.8236 -3.8987 76.5565 -43.8317 -84.3185 9
-97.8707 69.4062 21.8216 33.6586 -84.0055 -55.9785 -81.4708 -78.7725 -99.7105 64.0179 93.0759 -9.5217 -58.0175 -20.5524 -27.3849 7
-67.6272 26.7431 28.9631 -32.3886 59.3194 -36.9089 -34.1600 44.9236 -4.0707 70.5594 56.6476 -7.0882 -33.1870 59.8118 -99.7364 9
52.8962 94.8826 6.9057 -35.7605 5.8407 37.1981 9.7724 -2.4544 -46.2027 -69.5879 -44.8094 17.9947 42.4850 49.1252 -62.7097 5
-52.3313 67.2338 17.8207 -19.5405 -57.8928 65.6480 -78.1403 -21.6285 -49.8112 0.8996 -90.3619 -32.4352 8.9202 -80.8255 12.4532 6
13.9586 -95.1036 26.6868 -28.1587 72.2882 80.3778 -13.3590 73.2068 50.2239 -46.5614 9.7019 75.8572 36.0173 -59.4890 -35.5682 1
45.8165 59.0206 54.9470 91.3356 57.0434 87.1008 89.0263 -26.6610 80.0084 74.6611 -7.3257 14.6724 40.4937 33.0854 -37.5610 2
69.0120 -49.2358 -25.6552 38.8291 39.5477 55.1690 56.1703 79.3393 -39.6012 -24.6580 16.7172 33.6985 69.0552 -5.9995 -89.0016 3
-21.4657 54.2143 -39.1925 -58.2744 -75.5020 -17.5420 18.6634 63.3398 13.6710 -87.4856 -39.6084 39.6478 -79.2112 72.0034 43.9170 7
-18.5904 72.7725 -40.0976 64.2280 -53.4728 87.5719 34.9123 87.9269 0.0905 -75.7259 95.9761 -26.9070 16.4024 27.8822 -51.2235 6
67.3755 -42.5346 35.0977 -65.7325 38.9351 47.3972 -66.8722 76.6065 47.0483 27.9014 -57.9925 -79.3036 -29.3356 59.1815 28.1021 10
-18.6803 34.2029 62.6212 13.4377 -80.4367 26.2591 19.1333 35.1856 75.7366 -10.9899 9.4197 -61.8140 88.8303 62.0875 31.7575 7
63.8216 -6.9041 -45.9741 15.1329 -9.0206 -72.7725 -85.4688 -5.1165 -94.9390 35.6541 -73.2964 73.3401 -65.2397 0.5803 95.4225 9
-72.5979 34.1146 39.2712 -46.4052 20.8994 8.7905 -57.3104 59.1837 -56.7258 17.4765 36.5055 45.8562 -58.6919 -49.9707 15.6885 3
3.9487 53.2117 97.6364 -84.2763 60.2390 80.5940 -7.1709 8.9530 67.4570 85.5294 52.1047 -96.3496 -71.7317 -56.6717 -29.1789 4
-54.0386 -16.0714 80.3984 58.9841 -82.9947 13.1449 -22.2312 75.6452 -36.2261 -84.7484 -69.5883 -78.6660 -83.4243 -54.9088 31.5757 5
-86.0365 98.7919 87.0991 65.6567 69.3985 -30.7666 -50.6024 33.3287 78.5939 25.0560 -72.7183 -11.4249 -26.4878 -10.7912 76.4524 3
-76.9398 -98.2688 -1.3036 66.8052 -94.0328 -75.7295 39.7067 -73.9120 -96.6064 -21.8906 17.2140 24.2401 -27.8863 30.6810 65.4733 7
64.5001 -24.5985 -89.9632 26.9876 5.9816 41.4769 80.3310 -47.0310 -8.0408 40.4971 -56.9470 -7.9850 -73.2403 83.7034 69.8369 8
91.2943 38.1256 24.7307 95.8290 30.0422 59.6118 -66.6447 -83.8887 79.1592 -64.2359 61.6179 53.2237 22.5726 70.5978 -40.1260 6
84.3431 38.8197 8.9448 64.7327 69.2296 -50.1801 -59.4346 60.6941 -38.9497 -76.0700 64.2162 -5.0541 -52.8925 33.8615 -67.3380 1
-50.6204 62.3447 -63.0875 84.1238 33.5067 91.8344 66.7848 27.5261 42.3377 -54.4699 -43.7062 -99.5149 45.2812 -62.5692 38.9553 5
-22.0201 -53.9969 54.1875 71.7021 -57.0506 -43.7123 -95.5730 17.7324 -18.2873 11.6170 -75.2615 -65.2559 78.8560 91.2099 61.6789 10
66.7954 92.1978 63.0130 -13.7287 27.5205 43.8807 54.5084 96.5142 6.8073 -12.6760 51.3922 -67.9266 -23.8235 26.5449 35.6695 2
-46.2933 3.4650 -62.4656 74.2486 -93.9432 84.5426 41.9487 36.7621 59.4911 -36.1036 42.6392 -56.9100 32.9403 -57.5113 42.3853 1
48.0844 -87.5409 -47.0534 -45.7298 -27.7545 49.9810 42.7733 69.9315 -95.9187 13.2696 -74.8441 33.6235 99.8428 45.9434 -49.1547 6
66.9656 6.3087 -53.8075 30.8025 -82.7748 -31.4116 -12.1695 46.4776 81.1177 -87.1327 20.1281 57.3404 -82.1032 -86.8033 88.0299 8
77.7665 -21.3901 -75.2792 -74.8436 -85.1857 37.9101 -85.6098 -18.3741 -97.1462 86.1972 -39.5125 9.0057 -79.3260 -97.2922 -7.7057 9
-67.4659 -58.7548 33.6925 15.2578 -97.2365 39.7272 26.5509 -0.5283 51.2657 10.2496 59.2344 -65.4040 55.8069 -80.0613 -31.9671 10
17.6900 -58.3895 93.3746 -94.7780 7.5833 -50.9089 -90.6123 57.2831 -39.2841 64.4261 91.3681 -49.6812 -64.7837 26.5123 96.0641 4
94.4124 63.4506 7.3995 -52.0979 -30.9417 -5.6161 -90.0165 -83.4957 79.3760 97.7749 -72.7216 33.5351 -95.3532 34.1892 85.3963 5
-9.1743 -55.4659 20.2012 -81.3181 -18.2547 -70.9376 24.6279 71.5509 -79.5164 -18.2841 55.9184 22.1736 -18.4639 -11.8914 -35.7750 4
-49.1197 26.0582 -95.2108 -71.3852 72.4167 95.5855 -19.8875 -5.8678 -17.1716 -97.6004 -6.8957 -6.2687 83.4099 -30.5264 -72.7317 10
52.9970 87.6671 84.9791 -28.2553 -2.4417 -91.7285 -84.2974 -28.3805 61.5578 -70.3685 61.2335 49.9705 33.4896 47.5164 -16.8089 9
60.2419 -47.0888 -63.1657 19.4335 30.8506 -98.3813 4.4855 -0.0374 54.2932 -67.9015 -5.8458 -3.4617 -87.8924 -20.8312 -70.4977 3
74.7728 2.5323 3.8066 61.4296 -17.7602 -30.0838 92.7776 -24.4529 -7.3529 -80.6957 -43.6840 -50.4224 -49.1899 77.5326 37.5958 9
63.6923 44.3626 -29.7614 -82.7210 -62.9123 -48.4374 -13.7137 46.1402 -35.2119 58.3953 -4.9457 91.9262 -7.7218 -27.2039 -72.6176 1
30.8776 25.5772 -41.5180 40.8426 -14.7484 9.2397 63.5557 60.7159 -16.0641 -24.7170 -29.4029 4.5999 -74.1958 92.0088 -30.7552 3
85.6172 18.2606 -27.6620 18.2001 -40.7003 92.0674 29.4422 66.0454 -17.9422 -90.4094 15.4761 46.4932 7.3042 58.2105 12.6146 9
-14.7763 -58.9391 74.4141 63.1841 -44.2026 50.7765 -71.8904 -40.8397 -9.3397 -65.3584 42.9472 -95.5198 16.9762 -78.8906 -67.1962 3
