5
20
27.4254 -97.3758 95.6475 22.4827 81.0585 3
-81.9836 99.2698 60.2783 -5.3123 36.9092 4
-88.4730 -17.3144 26.3846 -60.7878 61.9476 7
51.9141 -96.9097 -72.2844 -2.9737 -21.7235 9
88.5676 18.2916 47.1480 10.9416 -60.6354 6
-19.9506 -33.6587 36.4178 -78.6486 -97.1050 3
-22.6075 25.5227 31.8833 -5.6430 92.8178 2
-12.2199 93.8576 81.9347 -54.4929 -5.6161 9
71.0445 -51.5736 -71.4530 -78.7276 29.2269 9
11.9896 32.9163 8.4971 -9.8895 -39.3247 8
71.2170 -55.3530 2.0385 -52.9151 -2.8329 9
-53.6327 52.3799 -8.5999 35.2685 67.1429 2
52.2488 -82.8953 -92.4453 -99.0214 -51.1288 2
39.8476 -55.8786 21.3011 -75.0041 -41.5172 7
-17.9100 89.5436 -74.8137 -22.3613 70.9620 10
66.3453 -53.5730 68.3288 -53.5291 -48.5441 8
-2.5825 -55.1555 13.4817 -4.6527 -52.9018 5
78.1854 83.1506 -62.4989 66.7532 81.4152 1
-81.0825 0.6694 -56.5546 -39.2175 66.7404 3
99.7713 -34.9420 10.5568 -7.0646 -30.3047 6
