15
500
3903.7991 113.9186 -45988.0339 -26753.2259 -21432.5944 -12597.4103 -13091.6835 40194.9155 -16166.4039 -1394.9163 23192.7259 -19957.5204 -18766.6662 -25623.3446 8346.5292 18
4292.2806 -10844.9646 -31248.1546 -23542.7132 -20904.2428 -18367.6791 -8074.7563 32811.6510 -21715.9573 -11389.0635 16710.4742 -21380.6183 -20188.8467 -21489.7101 8828.6061 27
-16332.4605 -19668.5331 -31755.5870 22324.8776 -20110.7627 25967.3635 26204.4737 -29611.2875 -17348.8382 29293.8733 -29903.3039 -8619.5446 -12803.1074 -23396.4879 19651.7892 32
-6288.4312 19074.0003 40135.8324 -43683.4251 -15476.2460 -3004.2086 -28922.9221 37622.3037 595.9963 -19274.3482 -3047.9171 -31579.6159 7283.6094 32511.2582 -33995.9246 9
27179.8924 -33316.2817 -16069.1656 -32046.1226 -1015.3731 20677.9148 17367.7545 -30143.3543 -5062.3667 -17970.2839 31130.2477 4348.0274 8774.9361 -9006.5836 -11352.8252 13
39336.9729 -12334.8800 34289.1956 -23925.9372 -21111.8997 -14810.8136 -35434.2218 -6508.7125 -194.7285 22868.7955 -11134.2085 36690.8466 19811.6297 -30218.1711 7408.9599 9
10001.9767 -2871.1002 -41616.6474 -25587.1066 -29571.6585 -25350.3613 -13592.8303 34602.9453 -11265.6866 4144.5268 18988.1086 -22039.6534 -26687.5847 -18545.2973 4950.9495 25
31686.0431 20614.0813 -11080.0643 18925.8167 -26695.3926 8650.6859 -28416.5021 24389.0214 27680.5103 24647.6900 -32433.6643 -10047.8855 -21223.8726 -11919.4787 -27639.7997 7
-43709.6050 27870.2757 37851.8233 3423.3637 -6860.1964 -26620.0571 16311.7431 9224.9929 29339.5939 -18834.4414 1165.7053 -10602.2964 11166.2001 38747.5245 -17556.1104 19
-16207.5950 8376.5040 43240.6074 -38052.2925 -11041.6340 -1359.7274 -38325.5808 31652.9580 -3350.6928 -20986.0828 -7850.5251 -23655.7639 2293.8545 34403.1587 -29978.4631 11
36812.3616 -10710.3276 27851.3472 -15460.0481 -19224.4353 -20567.0480 -25815.9100 -8528.9793 380.3982 29321.9507 -5292.0001 35073.1792 21310.6636 -15046.7238 18433.9025 33
-44095.8790 25060.7852 37597.0614 9774.7636 -7813.5331 -21890.9014 12116.8262 11077.3637 43927.4334 -8609.1730 -2397.1034 -8880.6069 13853.4807 25912.7428 -10992.3521 43
39560.1988 -12267.5992 34918.9441 -26741.4592 -12707.1638 -17813.5855 -37635.8340 3006.0969 223.1806 17981.1192 -14925.6309 25478.4124 27197.1640 -19806.2965 8625.4205 12
-28632.1816 20162.1370 34890.1214 -5153.1958 -11469.0520 -29768.5762 20254.0016 13514.1228 33269.6695 -1164.7986 1882.9318 -5954.4588 17510.2943 32552.0028 -10348.8512 3
-11843.6028 10683.7621 26367.8867 -28956.4415 -18174.5197 -3323.2137 -39061.7603 39071.4694 -3779.6851 -19433.7944 -23038.6615 -27863.7271 4914.5887 31782.2885 -27773.8795 16
-5429.4374 9103.0197 31723.7412 -36666.9602 -12862.4350 17611.7905 -29767.1625 38090.0058 -11950.6755 -29144.5758 -11238.8920 -28224.2101 5500.1052 37516.4578 -24361.5761 2
43290.1691 -23401.3456 20939.6874 -28074.6210 -17695.2682 -14515.9390 -32160.8305 -1825.8727 904.6319 25934.3832 -15654.2656 33634.7732 24017.1810 -29992.2111 13881.7611 13
7940.1360 -11203.8706 -37987.3585 -23724.1949 -19104.1743 -19628.3793 -12977.6048 31137.3581 -24896.1060 -1183.0995 20005.6090 -18746.6965 -23340.1270 -20646.6986 6518.6561 22
-16009.4659 16085.2220 1392.0947 10676.5583 28031.9718 25637.7689 -20452.4263 -26185.1663 30571.7312 -26388.0902 22534.4489 9482.9900 11169.9506 -13833.8609 -26482.4588 14
31392.7225 28290.6729 -19146.5395 24663.2249 -22994.2763 -4883.7938 -34875.7134 23301.0888 26830.8625 26973.2366 -37718.7223 -1057.0531 -25199.0757 -12599.0041 -17156.1233 13
30174.6153 -26953.1345 29677.9411 -31046.3771 -21603.0873 -18912.1964 -36132.1646 -1012.4558 2547.9156 21524.0940 -20028.5835 31930.8062 25007.7236 -14811.4274 10712.8036 47
30970.7608 -16691.1307 16816.9699 -30168.7670 -22987.7430 -19055.3580 -31298.3859 -7185.8861 824.5570 19002.1376 -7542.9485 32499.1173 26240.7615 -20279.2601 15033.9768 33
2082.5143 -11904.6480 -38859.3034 -32114.1160 -17123.9215 -18634.3867 -5627.9643 31785.1587 -26469.8200 -8874.6620 17996.0319 -23028.4024 -15848.0376 -18598.7560 5431.5075 7
-39504.4160 23630.1288 30206.7641 -5155.8863 -19375.1392 -28639.9964 13002.9298 8199.6101 30062.2563 -4202.3862 -5828.5860 -3640.5497 5880.1465 35570.6254 -7527.5130 34
32552.0131 -30709.1413 -9669.1409 -32955.2001 8709.6170 22648.9311 9697.0833 -29105.8561 -9842.0297 -19205.9147 30261.2755 391.7872 11582.5117 5330.3081 -10459.0540 29
28754.4577 -29814.5385 -4739.9732 -23055.3500 210.5850 23005.9210 5550.8005 -28698.4759 -15907.5659 -8748.0914 27861.6254 -2931.3806 20588.6050 -17220.6693 -21799.2341 39
31750.7326 37237.2220 -17724.4886 21626.6838 -36841.9605 460.1826 -39110.9877 23674.4432 24700.6698 16965.3499 -34644.7422 -5450.3468 -20488.8142 -6104.7770 -18126.1312 10
-10494.4026 -6622.4446 -26396.8082 22759.5883 -15223.5253 23060.6062 34329.7049 -40105.8077 -24346.1603 5928.8830 -31413.4388 -9209.7682 -6784.3015 -27205.5245 20639.1504 22
-40487.4403 18123.9332 32681.3661 15087.8324 -12386.6498 -26968.6955 14145.9727 9562.2583 34527.3806 -4629.6874 -5423.6478 -2051.5205 17795.0206 29099.4710 -17999.2286 36
25560.3542 -39450.7227 -9220.1548 -33118.9745 215.2817 25096.8683 9986.4048 -39245.3718 -8580.2776 -10806.8299 18626.4249 4655.7281 9578.7442 -4708.3043 -26398.4473 28
-5539.4081 28570.6544 28107.5029 -36545.8039 -13797.7384 -5694.5764 -42829.7198 39334.6963 -3778.9739 -17080.1099 -7506.2576 -32967.8195 4220.9156 33370.5197 -25881.5675 33
-24930.7247 -7497.7809 -35233.8581 18001.3615 -16797.8156 16937.0629 26344.4986 -43111.3031 -16267.5255 9949.8365 -46297.8265 -8146.3634 -10081.3838 -24161.6025 24743.4696 18
23221.0637 -38111.8123 -14488.6692 -27876.8135 1458.3850 23927.2197 17400.6206 -32778.3439 -9768.3291 -2748.5410 25930.9152 2172.3988 22091.9807 -7909.7665 -19329.1968 27
-17890.3274 30315.4733 4367.9189 15539.4156 27246.2882 11507.2060 -21944.2298 -25362.3809 32227.9774 -18665.9903 23319.9676 17111.4428 10387.7441 -23940.6275 -23618.1277 36
-15615.9280 22340.9966 2987.5636 15352.3364 35806.8975 27325.0957 -16275.1057 -28184.8430 23875.9097 -18623.9592 21265.9764 13924.4487 15398.2985 -8229.2340 -29353.8008 11
-41202.7700 18131.8315 36998.4059 -1219.7171 -16227.9695 -28507.8126 14950.7521 12320.4165 36591.4239 -7580.4094 2616.2263 2362.6780 8641.8925 27212.8245 -15075.2211 44
-15314.1815 -8256.0395 -30395.6053 24946.4768 -18650.2476 18950.8508 30635.0054 -36981.4750 -16277.0357 16618.9503 -35519.3218 -6184.9388 -3370.2869 -33316.0233 21946.1082 27
-16032.0577 22643.1243 3268.2566 8158.4937 26987.4021 28135.0268 -19809.9960 -36263.9302 31394.4988 -18534.3375 21675.1133 18933.4786 12655.6965 -22769.4695 -28724.8917 14
-19066.7639 -8631.5341 -39408.2769 16366.8672 -17199.4177 22687.9354 25828.1694 -34203.6637 -24705.1034 9716.7583 -32722.2950 -1040.9538 -1208.0659 -27857.8750 8286.8061 28
-4483.1766 24336.0196 961.1642 13011.5298 31847.5527 28662.4213 -21267.7644 -36717.2177 32846.0546 -22114.9189 25489.3570 15819.0127 15636.2095 -6869.1155 -21059.9815 37
-31666.8228 27142.9226 36160.7218 5634.8604 -11196.5119 -32270.7234 16685.3526 12526.2462 37072.6520 -1378.2895 -7878.5722 -13656.2883 11925.1645 26946.4428 -9885.3306 17
42257.6023 -12968.5513 31733.1721 -26620.5994 -18753.5600 -13029.7377 -39988.7995 -9742.9384 -5635.2496 30294.5046 -6243.4574 33147.5580 29681.5925 -17324.6165 7427.3761 23
-8675.7053 -152.0200 -28198.0625 21860.0826 -18138.7174 19683.2396 25027.5627 -30322.8138 -20147.8954 14210.1591 -19904.9114 -8935.7422 -6579.4067 -18728.0738 23601.6124 37
6566.0403 -9791.9555 -39515.1051 -20482.3723 -21593.0718 -19917.8934 -12316.7482 40004.9473 -14697.7577 -4422.2119 12935.6421 -25562.3999 -22890.4989 -22559.5100 10343.0832 15
27561.5162 -38078.5992 -4069.0229 -33275.9949 4704.6648 19990.6400 6645.1138 -21701.3246 -15858.9053 -4689.8306 17892.1045 -4071.0000 17625.5358 -2619.8988 -22108.9050 42
-292.0982 -6227.6828 -39211.5382 -32853.2508 -29999.7802 -14640.4898 -11254.5495 23428.3333 -19894.6026 -6998.8113 9238.6105 -19750.4623 -15414.7350 -22379.2566 9017.1092 33
37958.6129 36771.7293 -8823.3129 23802.5892 -30544.1016 5125.4831 -30946.0551 14168.8779 31548.2581 25642.8438 -39505.2770 2710.6844 -22676.7461 -6252.7499 -13375.2785 47
-21732.5655 19587.4728 51923.4277 -32661.0171 -14094.3848 4589.6717 -28814.0509 41892.9065 -6851.3550 -27629.4745 -8591.5577 -32440.1904 3121.2705 20109.3553 -19477.1749 44
-20656.3229 -12006.3948 -30397.1109 20300.7051 -19320.4800 18169.9913 32561.4676 -25647.4854 -20859.8429 5662.7089 -30726.2950 -3685.0642 -10377.8989 -18363.4643 15907.2793 45
36247.1038 38189.2920 -8983.8397 17931.7052 -23940.5303 4009.0847 -29901.6575 21096.9154 36189.1457 22150.9160 -35388.1827 -12097.3937 -22984.9037 -5523.8427 -18332.7901 41
-8129.9674 -7729.0695 -30796.1325 18402.1741 -26002.8532 27986.8693 29145.2968 -37925.8171 -23527.4890 13930.9076 -31440.4425 894.6489 -4507.8816 -26635.4904 17813.7014 9
34865.7480 -12259.0734 27921.2675 -19256.8450 -16209.5481 -15188.8622 -36950.8568 -9158.7553 3571.6731 19305.6300 -1195.5666 31404.9885 18824.3016 -25283.3979 13031.5060 25
24271.3999 -34037.5457 -19626.4473 -25924.4621 702.5144 25116.3138 11722.4500 -36482.7683 -5292.0362 -6290.3086 22171.4263 3310.1796 10814.4432 -5337.1904 -19149.2172 46
27044.3255 -33166.7970 -7935.5619 -18653.0896 -1553.8587 14061.9222 8774.2374 -28578.7951 -17056.0908 -9398.6934 22006.0189 1752.5321 13862.5849 -17654.0751 -14199.7961 2
-16192.4544 15435.1315 37057.1754 -27226.3341 -11184.2241 -5624.5575 -30060.7700 40682.0776 -4101.2265 -24002.3972 -12920.3827 -32788.9355 2108.6771 21992.3363 -24868.3815 2
-11821.2208 27136.9782 -1823.4151 22818.2045 32770.5408 23852.8677 -26772.9323 -21075.7931 32181.9791 -18375.2864 20362.4363 9992.8808 13478.3161 -19173.8340 -20475.2813 8
-15686.5714 17950.6119 3851.5950 9485.8002 21333.2919 21475.8348 -22897.4083 -29174.4130 23202.7054 -26778.7640 18628.8735 10024.0924 18276.8999 -20849.5938 -32794.9563 32
32092.3063 -15302.5830 30555.9007 -23017.9917 -15289.1417 -11357.7562 -31405.7808 1544.5819 -6448.8404 25835.5565 -9724.0418 35869.0848 25795.0865 -23225.0504 20415.6756 44
6452.7236 -8379.9175 -39878.7634 -29921.5843 -28810.6220 -16908.7375 -15182.1206 23852.2284 -22972.1515 33.4104 19488.3971 -30964.0403 -20639.4469 -15044.3979 6724.9267 16
-13116.8747 -7941.9220 -43839.0105 17680.1114 -14278.9194 22573.8160 28787.9176 -34641.4515 -22699.5921 15653.1710 -36540.9609 -6898.8857 101.4849 -18611.7116 26472.8362 28
-18116.6000 -9311.7009 -36523.0729 23763.2558 -19854.6161 15006.2546 29863.6183 -33345.4931 -21747.0646 13969.7953 -34018.5290 2440.1506 4339.9342 -19095.8583 11468.3345 40
-18610.8839 -5702.7329 -39159.1880 20340.4913 -25102.7663 28135.8878 25380.6198 -35431.8422 -23913.1197 21608.8244 -30077.4307 -7427.1356 -2951.3748 -31836.4835 21747.5424 37
-39959.6039 27941.9354 37020.0580 1300.9870 -16788.2827 -29456.5248 17347.3874 8656.3248 36080.9873 -9102.4494 -1974.1184 -4163.4692 16000.0664 25743.8834 -11958.7643 20
22093.5851 -30141.7335 -7391.7403 -31333.0885 -91.7670 26141.6885 12971.2386 -33066.7015 -11756.3446 -10286.7373 27257.2570 1506.8280 12155.7983 -13244.6465 -25434.0992 8
-9965.9672 26044.9785 -1413.4608 19988.1075 36408.1514 27276.4304 -22843.6832 -24650.7030 26122.3556 -15840.0743 20679.4674 15747.6098 19835.8394 -16473.8341 -30415.5038 36
366.7094 -10976.9504 -45711.4636 -31978.6618 -19898.5407 -23481.2912 -6037.9830 30434.8847 -21327.4092 3689.3361 15762.1171 -26248.9128 -18175.2487 -17029.4902 3219.6609 25
24873.4223 -18411.2781 31937.1123 -15759.9105 -11765.2696 -17761.5901 -31424.6426 10295.3449 8857.4746 26769.5117 -8091.1497 37411.0245 15433.1893 -28203.6003 8658.2606 26
-1101.4944 26947.2578 9060.8263 15366.5222 35013.1219 15473.8508 -27109.3375 -28161.9429 29291.4442 -24034.5043 24846.8361 10991.2583 11686.4211 -9722.2956 -22966.9680 27
3701.0980 -1892.3401 -28102.5274 -30149.8136 -29827.4141 -10930.6754 -10608.7919 27925.4352 -24830.5090 -5844.8734 21321.2820 -24277.9872 -24082.1436 -12170.4325 396.4783 14
33547.3675 29447.9977 -11126.8984 18545.6580 -22948.9742 9240.3821 -30305.5507 27345.9826 27499.6813 26539.0642 -37874.7066 -3457.5963 -25929.4197 -16325.6954 -9727.2004 26
-38230.1228 21977.7602 32003.4236 -6854.3210 -17437.0646 -33475.4456 6135.3515 20017.0006 41914.0611 -4667.4496 -11151.5163 -286.9683 8346.9069 22141.9037 -14353.9577 15
26108.7092 22589.4086 -5214.7952 22039.5447 -23603.7893 6234.0729 -27282.8175 21253.4222 29387.1956 12447.5899 -32812.9518 -1531.0984 -28557.1861 -8442.1661 -20174.4358 43
37243.4076 -16265.1615 28772.9925 -20061.3124 -10085.3418 -13587.6958 -18826.8199 -5762.5368 2648.8586 19200.8463 -9402.7307 30708.0911 23787.4226 -27864.9579 10753.4479 35
-16128.4366 15308.1837 474.5074 12133.8147 23810.6997 30884.9204 -25784.4766 -33610.1951 27082.1070 -20982.0934 18649.3458 23848.3701 10671.7406 -17212.9799 -26771.3795 13
28606.4013 -23736.8342 -15796.7539 -28459.7521 5988.8587 24255.7274 16700.2930 -34493.1594 -8922.5360 -4632.1805 27438.5548 10430.9753 10686.2040 -5267.3149 -21875.4517 41
-16544.3107 17836.2082 37941.0193 -35085.5361 -13620.3037 -3951.0333 -36957.3212 41170.0954 -2009.3947 -16240.8048 -7295.4914 -33929.2705 13916.6649 30302.8177 -24425.8954 38
-16272.3080 -3769.7454 -32738.2773 23066.5616 -18938.9322 16150.4361 26241.9896 -30816.9748 -28260.5723 11854.6844 -40458.7362 -188.2894 -7215.1459 -31466.8086 16714.3744 20
39166.8567 34589.1021 -7678.5852 25157.5644 -20211.9977 8284.9109 -27183.3650 29486.2263 31177.4149 21997.9273 -25574.1388 -5602.2829 -28105.3891 -12506.3896 -11974.4001 44
8218.0076 -8152.3546 -34559.1321 -19846.0831 -25787.3891 -24260.4602 -18764.1450 33800.4231 -16972.4534 -6995.5605 25835.4025 -24305.8043 -10276.7460 -20468.7343 8712.9684 45
-21258.0792 27151.9974 1141.3137 19465.2543 25829.0685 29471.1372 -21357.8086 -25526.2665 35156.5029 -17636.5768 29823.1134 18882.2837 5188.0928 -16339.8491 -25829.7825 15
22905.2010 -36596.7606 -5962.2160 -31651.3188 3885.7593 27457.2567 10730.6732 -25386.8955 -18775.0249 -15051.4554 22663.7798 7124.8797 6689.9494 -8143.1004 -21199.6609 18
-8735.2159 28645.5724 9034.9420 17258.2062 29467.2854 27081.4651 -25592.4027 -35498.6824 19764.6905 -29449.9508 21631.9651 16299.1696 18728.8300 -12454.4566 -19878.6169 26
-13696.4789 23332.1836 3016.1759 12789.5428 37029.8976 18804.6978 -19412.0400 -31211.2278 30244.1651 -26269.4067 25770.4949 11045.6577 14057.4951 -13570.3490 -26466.0869 16
-1108.1308 23655.5205 -2565.8536 16443.8797 31317.1669 27166.7945 -22814.4391 -28663.2770 33726.1082 -25420.5541 23082.3320 19774.9738 10718.5067 -12245.7846 -17050.6152 10
-42536.2437 32277.8070 35785.6988 2079.7457 -14837.1715 -27231.6023 18449.0239 8570.9693 37858.1710 -4224.8419 -4036.7834 -6672.2283 16151.0108 36257.8467 -9581.9022 37
-14285.9048 14256.3570 36173.2686 -33709.4134 -5203.8944 -813.2572 -30304.7077 40746.2418 -4312.7592 -18409.8026 -6188.6955 -32261.4245 -57.8476 28572.9841 -21289.5682 49
23498.2237 32735.0778 -9478.5428 20580.9191 -24202.0227 8635.0131 -30974.3648 23133.6431 27077.9016 13583.1030 -24738.7198 -8010.5430 -29049.9983 -2389.7336 -20647.4323 34
-9245.9725 -9322.4309 -33213.5372 24622.4217 -17916.4400 14887.5888 30138.7381 -24897.5339 -12811.6256 17589.6398 -34053.8003 -7001.1974 -7007.2159 -27458.0127 12788.4444 32
-14054.4445 23145.5692 43648.6252 -36278.0919 -14994.9047 6180.1962 -34597.4691 35585.4548 -10184.2982 -17505.1893 -13411.3100 -27776.5093 712.2913 23374.3554 -28053.4052 36
937.7605 -4100.4162 -40230.1123 -30301.2908 -22253.9838 -20367.4605 -15071.7582 27069.9936 -7719.8432 -8666.0149 24350.0136 -19587.7132 -17608.9638 -26104.5431 8253.4792 32
33835.0211 33738.4780 -6052.5063 22755.5496 -23287.8502 7609.7614 -32115.8487 31720.3624 26813.1121 22487.6788 -25350.0437 -4107.6840 -19345.9526 -13642.7380 -19866.8601 37
32357.7160 -22016.5404 24073.5970 -25766.7349 -12253.0067 -14051.0911 -40075.3929 -815.7317 -9373.6451 25653.8110 -5875.8361 42820.9443 17432.5222 -8641.9963 9462.7046 39
-2358.1576 13150.2331 38310.6588 -40757.3193 -13305.1508 7108.2169 -34868.3049 41887.3886 -6524.4599 -24430.7372 -728.5870 -32278.0726 -549.4813 21801.9815 -30237.3328 36
25440.6110 -31713.9030 -12836.0789 -30962.8748 5716.2919 25593.9347 15067.3412 -34018.9428 -13337.8150 -8292.6980 31465.4037 -2975.7699 6345.3694 -8981.2341 -27076.0182 18
34233.7956 -33413.1429 -4909.8720 -27279.2833 -5960.5678 19566.1665 8491.9807 -32948.4428 -18436.4866 -5729.6895 29241.3654 9050.0917 4520.7367 -8490.9965 -13736.6947 25
-19483.0883 -5712.5115 -35376.7727 23190.8577 -23848.2934 24858.1770 26960.8991 -38251.3549 -18309.8798 10495.7922 -34823.0626 -3426.0973 -4094.7544 -25157.7172 31925.1952 32
9368.7070 -13677.2172 -35062.4139 -22960.9223 -31398.1622 -22956.3834 -11136.5382 46662.3777 -6064.8010 -6832.1722 18328.4777 -21064.8846 -27754.2702 -14980.7338 9191.3676 10
38351.9905 -34658.4050 -9235.1802 -24522.5003 3327.9901 23875.9718 14536.1808 -29709.8428 -11196.2552 -4630.9803 26583.6017 6072.7850 11892.5652 -13071.5552 -13927.9766 28
-37978.7206 22157.0275 40457.7646 -1776.4365 -5584.1342 -33248.2369 17016.5520 12760.2682 34315.7913 1599.7597 -11222.0964 -4572.0703 7680.6762 36492.3390 -8231.7157 49
-23871.8565 28439.9133 9637.6815 9219.3922 31632.9541 25854.7733 -16252.9413 -30066.4521 30311.2653 -24876.5270 29010.7658 13279.7081 21547.3190 -17318.2847 -23627.6673 23
-16943.3242 33937.1266 -1612.9644 15511.4731 35953.1476 31436.9606 -18514.2559 -17302.1475 32896.3639 -12530.2806 26349.5087 5853.2416 10639.7189 -12959.8566 -31466.9018 25
1712.5768 -7840.9675 -40640.4461 -30766.2856 -22783.6979 -23186.1084 -2209.1080 22484.8216 -16922.8112 -1339.9636 22102.1135 -17324.8138 -21553.7908 -24773.9645 6598.8119 31
-15673.5438 22336.6523 1684.1776 17530.9601 25250.1405 19251.5141 -27509.7435 -28003.6385 24562.3587 -31409.8261 18353.5207 11706.2932 19293.5417 -20088.6666 -20288.6713 24
9846.2870 -7436.8757 -38190.4766 -30416.0210 -23945.7569 -16851.0935 -10959.0154 40694.7611 -18295.9578 2316.8410 17959.5813 -18749.7907 -25504.6057 -18339.1949 8185.6424 7
34477.5959 -34058.9283 -10969.8977 -27635.4222 3102.8051 21695.2667 12136.8061 -34367.4161 -18276.3766 3991.8123 30055.7024 3232.7320 10034.0284 -15866.6765 -20331.0414 15
35611.2583 -32708.6907 -597.5418 -27036.5671 -2386.4507 26206.4012 19339.9658 -38660.3344 -4558.1325 -10830.1973 34301.6304 -4433.1743 14263.6863 4022.6606 -28185.6673 6
-13572.9548 20497.8689 43953.5247 -33653.5694 -11212.1460 621.7674 -37559.1795 40756.5308 -3592.5504 -15842.6769 -3522.3339 -33242.5261 -3977.6674 29977.2937 -16138.1995 19
-8748.7291 13095.6914 37014.9972 -29480.6409 -12393.6216 6300.9043 -33327.0675 38140.2640 -565.3580 -23083.4799 -12585.0734 -40122.4368 -5726.5779 27112.8327 -18826.1020 17
-11244.0339 -3293.5020 -40583.0766 27331.6707 -17199.9442 18879.2703 37020.2673 -31660.9467 -15431.9485 13970.5630 -31082.4841 3558.9762 -103.4828 -15810.3658 19114.6044 43
26796.8432 -20707.8824 26755.1954 -30350.4514 -21759.7090 -10787.9154 -38453.2658 -2703.5211 -6046.6454 11910.9977 4683.2383 32184.3220 25434.5592 -21297.8193 8343.6098 16
10252.2519 -5882.0337 -36128.6699 -29802.7154 -12236.0370 -7469.7234 -8224.3288 32868.2903 -22629.2064 -1819.5000 21050.9610 -29588.9305 -24099.0350 -17877.6318 -785.8390 29
2858.7218 -15827.6056 -34997.9772 -20698.9802 -22934.5573 -16083.6634 -21226.7821 24047.3643 -22640.4719 -3112.0809 10398.0535 -31449.5339 -28593.4689 -12379.9186 2447.7013 25
31933.7696 -18736.7661 38002.0702 -28835.8641 -10122.1411 -14374.2496 -44516.0159 -7451.9758 -4788.0872 20720.5389 -10392.4062 36840.9075 17438.5024 -28857.0120 15079.2892 15
29110.4288 35986.3632 -9564.6754 14165.6807 -21527.5416 5202.5573 -35801.6113 31573.9155 24590.1605 20888.0626 -25378.2394 -9171.7238 -19786.5715 -8153.2231 -9685.2647 23
-38331.3641 10992.5846 32630.4752 -3269.0434 -19550.3360 -20340.2235 14874.1632 11534.8862 25526.6673 -6698.3173 -6333.1753 -4982.7121 19387.9991 26954.4740 -20641.5683 14
1911.3383 -8622.2160 -33785.4338 -30272.2167 -20147.8339 -14684.3273 -14638.3780 32652.0283 -29385.2692 -6119.9798 16648.3018 -22013.5268 -15032.7309 -21372.7076 483.4301 19
28393.9551 25471.2637 -10581.1558 13368.1417 -24097.4790 4638.1445 -34776.4012 22868.2954 29054.8215 16074.9889 -37207.4602 -9651.8378 -23270.1709 -7569.3185 -25106.6470 38
38303.1461 -18315.8501 36067.9760 -21203.4208 -17478.1635 -14193.1869 -29957.2876 -1426.5526 5321.9904 29024.6499 2141.8412 35776.9801 18541.7509 -18649.2029 18811.0514 3
-14106.7851 9260.5585 39414.3824 -39620.3726 -15776.1008 2203.0520 -38327.6895 37621.7580 993.7411 -20000.3702 1580.5419 -27680.6222 2887.2594 24989.7474 -20112.0923 37
30484.9743 26015.3301 -16720.8237 22887.8654 -24712.9341 -3504.4136 -32200.8580 32372.1448 26706.5685 27369.2342 -26386.4784 -5669.5580 -23818.0457 -5052.5667 -8275.0592 39
-10052.1269 -13760.6920 -36059.7741 13912.5952 -16834.5653 19711.6856 28780.5609 -27142.8815 -9009.5205 20523.0470 -28369.4073 -18539.7043 -424.5731 -31204.4267 28994.2823 48
-12780.9371 29389.4322 -1788.1521 19168.2867 14848.2032 22495.3731 -9536.3110 -29778.0110 21343.6947 -28537.0373 23335.4451 22522.6090 14672.1363 -22470.9460 -32701.6329 34
20583.8859 -45267.3316 -7782.1196 -21403.2649 -4014.2330 20569.4501 8147.9752 -38335.7039 -16209.7715 -2467.3001 32718.5355 6489.9071 6146.1369 -7158.7363 -15913.9036 16
44568.2151 -22754.5396 33931.4788 -29087.7209 -11084.2104 -10315.3356 -34416.1486 -10516.0637 -4391.6281 25382.0717 -12849.9058 29172.6918 16050.6727 -19975.4977 15151.7631 22
32216.9122 -22698.5136 22615.9912 -27234.3845 -15073.5602 -14670.4751 -37243.4269 -6035.5424 -4574.2589 17321.2507 -12297.8742 35975.0753 25274.2067 -17349.0860 12323.0981 12
-33052.7145 25008.0963 41633.2181 899.6197 -8528.4893 -26440.9011 23538.7463 10913.6944 32146.4163 -1745.8099 -7902.5036 -8831.1108 15249.1184 32223.1790 -13613.3621 27
-12238.0011 22532.6043 39567.5746 -32105.7527 -13632.5654 3435.3758 -29273.5072 34598.5664 -169.3945 -20384.6139 -14734.7367 -29452.8118 -10280.9858 31821.7038 -27235.1290 28
-13522.4060 -8994.4750 -38208.5165 14471.8434 -21960.5320 30606.0843 39447.2550 -27375.9142 -10200.9703 4285.8575 -29582.1496 -4076.3202 -466.9327 -27060.6999 19873.0648 4
-32961.2929 20534.0272 29200.1038 4914.8881 -20537.3269 -33963.8888 15917.9079 16859.1794 37051.7566 -8190.7228 280.9059 -9568.8927 15975.9053 36758.5649 -7481.3375 41
-12028.6677 126.7392 -36913.9167 21174.0504 -23485.8996 31339.1664 37419.7563 -28740.3131 -31250.8724 3378.6173 -37245.9554 -2745.7454 -14990.0483 -22777.0602 16116.6511 48
-17348.9667 16743.3701 35880.2887 -44255.5774 -14730.2849 8475.8888 -30336.1043 38275.1823 4847.6160 -19662.0878 -3517.2129 -32595.2266 6709.6375 39088.0389 -32275.6128 47
30617.6337 28295.9085 -6652.4388 23830.1716 -32366.9093 2005.0799 -34012.7420 25410.3253 23165.5267 19496.7059 -28643.0284 1344.1626 -29192.7143 -8757.4701 -17681.7749 49
-20017.3267 -2009.2201 -29061.0010 21319.9423 -20835.5663 16568.9617 35566.2087 -35634.0843 -22517.2186 7750.3982 -30698.5817 -11161.8608 -9208.7657 -27315.7392 14045.2694 36
-23141.5015 29672.1069 25123.4392 450.6796 -20450.5498 -32946.9113 20072.3813 10515.2667 31503.3487 -5797.2754 -6733.9037 -5734.6640 21380.7041 37717.8237 -20419.6843 29
-30937.0134 20640.4516 40811.4855 12304.9208 -18396.5571 -25948.9108 12992.6191 14474.6928 36290.7561 -8053.6907 1820.6963 -2265.9288 15108.9801 35881.8136 -21680.4588 13
-37716.2231 19249.3908 32173.3539 11264.0551 -12506.3507 -19153.6329 10530.8320 14553.2750 22612.6541 -8382.8151 1368.6496 -6524.2691 17324.5894 28285.4000 -10572.3870 26
27036.3988 34491.0539 -1968.2524 24722.4335 -27268.3556 1350.6816 -33998.2723 19793.5315 25047.7777 19409.4173 -33831.2711 -9685.3192 -25734.0308 -12599.5512 -11006.9998 27
31757.9763 -16318.5214 29425.1309 -25761.9381 -22660.7197 -12362.0914 -39396.2711 -9086.1545 1372.9760 22078.7191 -16449.8608 30896.4450 24370.0618 -23508.0296 6015.7470 27
-12146.9078 -7938.8710 -38608.5423 21394.5376 -19490.8875 21089.5367 34534.5959 -32041.7151 -16175.7267 13141.3531 -30625.8977 3141.9834 -5889.1374 -28615.6653 22019.7811 43
35637.2629 -32125.0141 -4441.7356 -25290.7665 -9364.7975 5286.1219 700.0500 -31074.1191 -4168.8449 -8530.2246 28051.0815 -1777.3235 15884.4775 -8306.6661 -25622.0109 10
-24986.8572 -4166.0695 -31399.0395 18590.2796 -9894.1693 11345.4330 34704.6077 -29150.9672 -18129.6921 18134.6708 -29532.2691 -8228.8644 -3037.5227 -24166.7758 25239.4062 27
36201.4450 -14880.1717 27999.6351 -26763.3964 -12385.9067 -17757.5673 -35371.6993 -6640.8648 1208.6713 22200.5130 -3389.6746 31060.6662 11429.2235 -23659.3472 12421.7637 41
-20954.1673 -6807.4632 -38491.3327 23748.3659 -25428.3618 26526.2643 32301.8163 -38056.3623 -35156.2823 9044.3424 -31069.4969 2112.6612 -2271.4648 -25674.6279 7184.9573 42
34929.1639 -11078.2857 33287.2470 -26105.4052 -14361.8188 -17412.9285 -32219.2492 1628.1228 -3199.3825 23399.7443 -11626.5150 23202.0798 27396.5495 -21716.6499 11472.2583 15
-12361.7303 17812.3886 32256.9696 -40769.0292 -17040.0633 6751.4227 -28776.2409 31882.2984 1117.9824 -16608.5844 -10041.5636 -34382.8829 -8519.7690 28170.1790 -35923.4535 15
33685.1803 -38668.9195 -20914.4217 -33997.4624 -1566.3310 29118.0947 5195.0882 -31711.8168 -13760.0926 -4772.5633 27963.3888 2715.7980 12851.7100 -8779.9560 -20061.7458 6
-18981.8841 18619.6910 7253.9729 10322.7356 28374.8758 27408.4550 -21895.0425 -25814.1820 29814.5212 -21586.4168 16528.9502 15410.7801 13954.5963 -24203.9510 -28885.4487 31
5035.0775 -6135.1134 -46879.3664 -26846.3824 -26871.3049 -14638.2957 -19058.1729 38853.0825 -16869.5901 -8069.2530 19659.3429 -28690.1238 -25156.9811 -21177.5607 969.6368 25
-14985.8046 22895.8755 8943.1444 15076.4902 24757.4842 30168.1001 -22117.3419 -30904.0024 30461.7520 -23898.3903 27469.9143 20298.2507 17203.8229 -13632.6025 -28185.1501 25
1724.3595 -1839.0428 -33751.0495 -26195.1809 -27700.3053 -18634.2863 -15343.9609 24376.2188 -21656.8770 -10509.8019 22742.0165 -23657.7165 -24893.6880 -15639.0426 11548.2550 41
36160.6887 35089.1982 -9836.1375 14887.2033 -17255.8777 -7930.0949 -30889.7465 23608.8354 26994.2645 28241.2747 -35231.5056 -1549.1923 -24446.6516 -4655.2850 -7205.4156 47
-19222.6141 12819.7326 44088.1193 -34894.8968 -9808.5492 7112.3645 -41633.2452 46806.5985 1882.0425 -12732.1346 -10663.9103 -28890.3413 -2538.4204 27909.1013 -23869.7107 1
-2533.2778 30560.3387 4667.5995 8583.1891 22180.9628 26453.9613 -23019.6249 -28026.5577 33518.4525 -12394.9933 21260.8059 3915.0406 13040.2201 -13240.0740 -13683.8935 43
4937.9783 -7674.1815 -27563.9598 -29690.9140 -20421.4498 -10996.3001 -15047.1933 40026.0360 -17699.0197 -676.7350 19559.2053 -26449.3966 -25477.4842 -26153.1547 548.1818 48
36976.1511 -15607.3630 29097.1938 -35069.9988 -17257.5447 -16913.3366 -28639.8721 3040.5985 -2533.1616 19304.8913 -8940.4478 39656.6181 27658.5236 -21398.7612 15018.3787 14
-10000.6431 25804.9958 3780.2393 18937.0716 27670.0459 21755.9166 -19559.8748 -32205.8624 36606.4209 -24945.3651 22057.9093 8655.5348 16845.3403 -13982.5014 -21829.1090 38
-28268.5091 25299.0362 33601.8950 2020.5107 -12793.2160 -28787.7691 15431.7924 2906.2575 29192.9021 -13561.9774 -9180.2127 -7203.6594 11412.4704 45988.2670 -22896.8906 25
32582.9229 34341.0723 -10880.4462 16672.3137 -38871.0927 13609.4111 -24553.2802 27865.2408 24030.6119 18457.5549 -38997.3263 -307.4200 -24224.9068 -8896.1887 -23440.9219 9
-8532.3446 -3045.3036 -38443.8843 11117.3334 -15429.3144 19604.9622 32870.6081 -31045.2219 -23015.2150 8059.4458 -36850.3477 1275.1490 1472.9875 -33087.3184 12668.0886 18
39341.7362 16454.9975 -5040.0852 27603.1600 -20772.3246 8735.6513 -20826.0235 23450.3652 19405.6213 21010.9145 -42935.9414 -1834.7202 -26121.5595 -4902.6527 -16292.7055 10
9049.8825 5212.3375 -32993.2199 -34914.4323 -20768.7884 -25527.0662 -17479.9089 37658.8402 -9157.2838 729.3828 15553.4909 -18861.7869 -23824.1890 -16354.8074 -889.7385 21
7905.8563 -22842.0434 -37510.4583 -25860.6708 -23849.9032 -20357.4449 -10549.3031 34081.8118 -16340.1560 -1786.3709 16104.2607 -25470.2858 -18801.7424 -9017.3050 3756.3903 43
19349.3628 -39124.1021 -9084.7584 -30020.1717 3974.8662 22307.4178 15247.0028 -34079.2594 -2821.1673 -9115.0849 21083.2081 3173.2317 5964.2152 -6664.3396 -26294.6365 26
36507.4915 31412.1593 -8655.3751 23577.7000 -30259.5325 4565.4859 -20747.7906 23196.7915 35100.4538 18421.2841 -34506.4641 -2033.0111 -20293.5779 -5744.8078 -25548.3506 37
31283.7494 27273.4310 -5620.1398 13510.1653 -29698.3284 1835.6710 -39813.7791 31038.5871 30539.3893 29930.7829 -38231.8258 -10316.1716 -21633.4468 -2684.2351 -22789.1990 15
-33699.9068 23516.8152 32806.2722 11950.6788 -13760.1728 -23975.8380 15125.6122 22647.7815 38647.3131 -7938.6978 -10866.1741 -10786.8112 8884.7200 33506.1273 -21895.4394 24
45101.1763 -18725.9593 29711.3919 -20077.3893 -15846.1579 -16402.6043 -37464.0367 -1419.8656 8326.1028 18820.0860 -15055.5889 31812.3076 16344.4046 -22486.1340 19545.1005 3
-22792.1862 -5353.5055 -35350.9077 22685.8645 -25016.2017 18637.5287 33965.3325 -31203.2396 -16312.6565 14523.2865 -31048.5651 -1117.7346 603.5141 -24488.1957 17674.4469 45
-34639.7430 27249.8727 26341.2818 2709.2354 -14012.9279 -24150.4713 14004.5609 10176.3979 32263.3465 -11196.2220 -16300.2558 -4992.5634 19222.1740 37038.0077 -18552.7827 30
6402.1466 766.2828 -32864.2968 -25637.1731 -27576.3813 -18153.9891 -9784.1572 26833.3284 -24600.7595 -2416.0535 12185.4327 -15745.0938 -20165.5532 -17194.7326 -2862.6099 32
36620.2861 -35184.8961 -15648.4651 -29638.7083 1442.5043 18553.5825 4429.9017 -31569.0700 -13196.0561 -3080.5991 23399.1865 882.8850 12526.4159 -1273.3242 -22825.0658 29
-38094.3925 24749.8607 32505.6470 8409.8468 -14069.5754 -25772.8605 10135.6931 16305.5155 32695.8343 -9282.3877 -2177.8021 -4490.3383 10364.9578 39835.3809 -15357.9060 46
-10939.4317 -15606.2235 -49957.7964 18550.0452 -11720.6746 20937.5003 27177.6304 -37511.4319 -18071.0208 15194.1562 -32823.3296 -81.0753 -8708.5630 -29509.3990 22219.4676 42
-30465.4923 29046.4427 36399.0003 -232.0308 -21361.9252 -28365.7840 15379.0585 12756.7989 29721.6077 -10476.7899 -5155.6470 -4234.2785 20385.1202 27207.1718 -21484.2905 35
-12273.0965 16631.7327 39302.6600 -26485.4699 -17715.0544 9136.0362 -30043.5929 45299.2884 -4618.4509 -22885.9786 -8557.5415 -36199.6373 -1869.8908 25908.4278 -25864.6735 30
-41383.0343 20960.3868 30616.1188 10015.5154 -19126.8489 -33183.9171 17896.6833 9337.7398 30647.5730 -17294.3051 -5226.9048 1026.0182 20263.1732 24350.3844 -11223.6888 29
42508.6473 -21668.7485 23250.5230 -25080.4519 -16904.8302 -4999.9974 -37247.1017 4948.7134 2959.7488 26641.4707 -6167.2349 23594.8550 26897.0389 -23142.7707 11212.4187 20
4370.4184 -3718.2240 -32591.6982 -23392.0980 -21275.3478 -20636.3008 -13098.5239 37384.4621 -17184.9065 -7122.7189 11692.2216 -15857.5345 -16651.5489 -11642.1819 13056.7263 39
5213.0938 -3316.7891 -38730.5142 -31151.2536 -25696.8149 -18063.6905 -5710.1514 22803.1037 -12123.0883 -1168.3400 11133.0416 -23284.1809 -25716.0379 -17786.7130 3670.1596 46
2770.5030 -4608.7318 -38775.6555 -32834.2808 -24387.5639 -24581.8717 -10313.8597 36900.2390 -19498.6920 -12194.7180 15761.6867 -23748.7137 -25718.9125 -15079.8345 5710.7609 5
-18484.4277 -18466.2998 -34995.4090 33185.6883 -14814.9433 27668.5363 25061.1649 -21201.7387 -12947.7080 10317.5726 -35542.8726 -2116.0248 -2931.3107 -31341.8885 16625.9133 13
-25007.3676 30499.2478 26950.0075 4667.2441 -13207.3415 -31157.0105 12016.5211 6209.7461 34873.5039 1415.0088 -4503.0806 -5683.0253 15440.4515 30327.6593 -4330.1440 17
32664.0777 -41296.5075 1041.0746 -18918.6372 -510.0919 15797.0283 11175.3206 -40307.2237 3120.9321 -1406.5652 35511.8750 -963.8203 10980.2996 -9763.8949 -19136.5130 48
-20281.9841 18857.8838 38102.3625 -41041.8514 -20355.5590 2226.7838 -27517.4332 40960.0908 -11467.5740 -17471.0864 -2729.0438 -28913.0748 5652.8631 37561.0414 -13775.0676 49
-20324.1170 -13685.6122 -35540.0799 23185.4145 -20101.5256 25782.2203 23070.3927 -27951.4747 -21517.9503 16478.3851 -38645.6225 1512.9997 -6628.8427 -25031.3036 17024.5625 18
29642.2021 28779.9583 -7616.2451 25771.2246 -36663.5070 3861.9988 -27678.8114 23634.7426 22673.8961 19316.1787 -34136.0592 -6886.5000 -24098.7259 -2480.0818 -11963.7737 1
5654.7114 -13823.2356 -24782.8582 -23009.9268 -29584.1048 -19017.0951 -10509.6890 33865.5227 -23363.3275 -5242.3635 19351.8799 -16847.0721 -20708.8684 -19823.6278 7202.0845 1
-11269.6553 19800.2387 1060.5287 13693.2172 38749.6051 21502.8842 -26728.3686 -26548.2857 30405.4283 -13312.3388 29103.7375 14440.2811 14811.4490 -13920.1872 -29462.2428 5
-6799.6363 1873.7520 -39897.5520 21563.9396 -17105.5729 21670.4579 33974.1151 -28583.7023 -14483.2147 18175.9433 -36195.7070 -6741.9547 -3011.1199 -29480.2782 20299.7934 24
-15853.9195 17385.0640 38012.7807 -40720.3496 -13331.3641 13654.8083 -33183.3280 39273.1069 -7624.1190 -20606.6361 -2637.5426 -39345.3093 -2295.2675 35296.3321 -31293.7870 11
32035.2915 29447.2205 -14731.3270 22031.6183 -28187.2684 91.9604 -33254.0367 26695.8479 28420.8485 20510.8191 -25985.2083 -5058.0544 -28376.4226 -17989.2554 -18595.2001 30
-17416.0206 27712.0861 3327.6375 22789.5378 31794.9356 13147.2865 -16614.6802 -36210.1145 37438.9133 -24146.0400 22596.4249 1896.4152 11140.2553 -12891.2443 -34186.2765 14
-13755.9761 -2848.2984 -33182.1133 14387.0185 -18482.6418 26655.9854 27075.8329 -34075.4196 -21045.7779 6956.4139 -38381.1337 -6779.3421 -8283.9073 -33833.0198 16013.9557 28
-15629.9479 27402.8914 13341.3263 16898.1112 26017.1808 34126.5076 -10766.1978 -24773.6563 29786.4288 -17155.9708 27528.5560 11516.4055 10137.2611 -2896.1219 -17804.2816 18
27299.0221 -35439.8227 -5402.8655 -29031.4831 -9151.7908 14886.6907 16606.3557 -36903.8324 -8059.0662 6024.0590 29039.7198 1255.3546 3233.2433 -447.2159 -13869.7451 21
-11456.4690 -9875.9972 -31226.8021 6164.2727 -15269.9194 19326.4678 30999.6109 -26880.2584 -24413.9603 5489.8146 -33505.5002 -4269.3865 1961.3182 -26398.4773 21379.7187 36
7874.0440 -14573.2624 -40395.0100 -25012.7844 -29185.7435 -22780.2770 1920.6423 31670.2581 -16142.8474 -11257.7668 15565.7572 -13925.4721 -23807.0601 -14069.0761 3098.1344 6
40089.3146 -23808.7248 37958.2505 -31818.7520 -28046.2034 -25616.4414 -32254.9807 -5731.7739 6028.0699 24225.1499 -3818.9175 35692.2786 22631.0262 -16338.7922 18624.9447 26
24084.1196 -29501.1050 -8552.1949 -41313.2051 -224.7005 24301.4370 15731.5835 -30284.8673 -13353.3842 -7955.1533 32458.0970 9174.2370 14115.0355 -12573.3208 -22533.0914 33
-19201.0826 -7019.9217 -41448.4998 28525.8216 -17621.7419 27586.6326 29362.4735 -32945.1544 -29400.1963 12597.1105 -34430.8036 1694.7038 -1331.7616 -33580.0815 20155.1139 43
-13756.0916 12069.6746 37764.0459 -37869.1433 -11137.8097 6503.1664 -27869.0668 43072.7004 -3278.0680 -14688.4722 -5684.5774 -32398.2011 -5191.0133 32935.6574 -38500.4589 32
-21694.6957 -7236.3319 -38163.9999 15654.1474 -16937.6068 27161.6061 25488.7370 -39541.5304 -16353.4053 15998.7969 -30761.4637 -569.9370 -10248.3553 -30208.8565 24060.0462 11
-30055.2547 28291.6585 31348.2733 -12.9906 -23023.9553 -33366.2138 10154.5112 8346.1122 41926.5366 -2873.0844 -1748.6081 -11333.4105 9342.9249 39519.1175 -13291.4765 25
10953.7179 -9750.5963 -33622.9995 -31940.1295 -18225.4212 -15133.4251 -10129.5252 23579.6274 -21240.5949 -4296.9966 20988.5445 -26737.1170 -25250.3916 -29428.2685 6110.8775 26
-9740.3607 -2158.1950 -29513.2366 17632.4426 -22504.0837 26535.5292 23607.7554 -35276.3873 -10682.4736 15513.7480 -24525.9106 -128.4676 202.5125 -19507.9854 17730.4703 38
29314.3267 22930.6439 -11671.0263 10358.5287 -20668.3173 9114.3072 -35702.7959 22841.5871 35072.5215 18443.8300 -37078.4190 -5972.6085 -22634.4045 -8295.9772 -17724.4622 45
-12542.4818 20069.6264 32708.3326 -32094.5561 -18828.4762 -1210.7661 -16689.0107 37171.2046 6470.1385 -21324.4184 -9260.8552 -21691.2347 3177.2536 29588.9408 -18103.7723 35
-39809.2709 27818.5505 32792.0896 6550.9857 -14663.1961 -34302.3770 20321.9484 11622.8759 25459.4857 1503.7664 -10057.1485 -11488.3668 16432.9009 36851.7777 -16095.9066 7
-22379.4290 24088.6960 45759.2902 -31565.8853 -19846.8432 11977.0509 -32151.2199 33667.5471 -3929.1484 -18722.5704 -12162.4252 -31319.8222 4068.1102 29189.0806 -31019.1997 5
45911.6690 -19183.0291 21271.9478 -26974.6823 -20680.6145 -13576.9553 -28041.9007 -5434.7616 -5035.0680 26499.1723 -15090.5195 31937.9721 20418.5916 -25243.9056 9021.7444 3
39090.5303 -18932.3089 28748.2532 -18561.1635 -13041.6889 -30817.8969 -30777.5228 -614.3931 -6151.1742 31247.1582 -14258.2941 30139.2798 17019.2612 -25728.5283 16640.0202 11
31160.3412 -22269.6487 35222.0141 -32741.8591 -9775.9511 -10898.5098 -27848.0359 -6541.7919 -4939.0081 19169.9155 -6505.3837 20959.5019 24168.0243 -22381.5798 19712.7310 49
-14871.9335 13273.6522 35132.3803 -36572.7929 -15795.5418 21317.0003 -30518.8602 36425.6388 1200.3513 -24914.8859 -4341.8055 -18473.0441 -6758.5598 31273.1746 -24538.1002 9
-5062.3968 37980.3315 10390.4768 12561.9663 33269.3912 25717.9487 -12592.3849 -32737.1233 26970.1780 -21028.6255 13956.6552 16698.1561 22997.1292 -23739.2914 -37402.9368 47
27215.9540 -14258.0493 41596.8073 -28029.3452 -15773.1005 -11516.3588 -37063.3397 1251.7994 -7910.9793 14082.7739 -1989.9439 31214.8180 15296.0052 -22838.4302 15085.6065 28
29519.5935 -34145.4128 -10889.9683 -31224.4432 8660.9649 26827.4838 12785.1345 -28570.4264 -11393.5460 -4083.0822 26506.8939 8006.4084 12480.0211 -10193.3001 -26081.1995 38
36711.3356 34466.7381 -5053.5155 21356.2422 -27182.0686 -4110.3456 -36280.9700 19862.4685 33044.4895 19599.0543 -32321.8027 -9557.7719 -23119.9588 -1828.6246 -9249.4060 23
-10318.2095 4420.7325 32452.5518 -23910.2569 -8515.7925 -7333.5516 -32948.3860 45147.3356 -9752.7162 -12071.6591 -3230.1161 -31068.3682 1060.1072 21417.6725 -30267.2437 42
-5673.5855 27559.0762 1931.1869 15349.9258 26072.7253 25856.7517 -23950.2071 -27518.4288 24454.8536 -23124.9766 21226.5171 15170.8363 14981.5566 -19309.4018 -32792.8561 36
42991.5496 31439.4859 -11237.2620 23976.0584 -23742.1453 -3640.4311 -39093.8252 22140.0865 26422.6607 24897.5779 -36677.1935 -9550.0645 -22379.6461 -1480.6964 -16087.3080 49
39075.2650 -20407.8984 21387.4147 -22513.9103 -14049.2294 -10716.5569 -30961.7328 -121.6471 -1103.1893 16179.3728 -463.7288 35497.7790 18964.1413 -26720.9044 5004.5565 11
-14897.5092 -3885.0488 -32946.8655 26708.6629 -22170.0620 28410.0506 34206.2474 -21760.6999 -12876.9556 21086.6766 -35627.7624 -5248.1781 -13750.8296 -26692.9027 18920.3664 20
-8905.0004 14939.5772 44635.6564 -33593.5961 -14006.8146 -3840.8859 -36038.8174 40311.9364 -3353.4305 -10636.2149 -17764.2945 -36674.2895 -4690.2522 27205.1221 -21481.1078 16
36591.1439 30303.6458 -8603.8314 14832.2819 -23998.8784 -833.3126 -35331.8850 15749.7323 26663.0731 16664.1195 -32962.4754 -4700.6559 -20620.5114 -13417.1065 -18638.7689 27
-17729.2311 27083.6618 7422.0146 12777.8981 24244.0678 22665.8738 -19053.2115 -28634.3605 28430.6509 -28355.3720 33716.3240 17801.4240 5639.7687 -15475.8322 -31721.7089 13
-31223.8818 27116.3608 25828.0903 7754.6835 -19581.9956 -32084.9644 16705.1931 4085.2784 35294.6215 -4839.9355 -4067.1755 -11096.6904 16740.5931 24789.0133 -10479.5690 49
-10776.6175 18260.4516 8067.9303 13340.5057 33695.0830 30042.5569 -20860.0648 -23521.3492 26597.1882 -15189.6363 18101.4627 14639.0355 9343.5403 -4417.3415 -30704.3430 6
39576.8564 -25907.0430 -23079.4581 -20262.6470 4802.1264 18462.8824 14312.3424 -33312.9068 -18595.8709 -9078.1685 25031.4014 -12334.7251 10244.1543 -7156.3681 -13177.8976 48
-2164.8894 23501.2722 4649.9656 5080.3375 36824.4162 29468.1853 -11328.6682 -29100.9200 30030.6691 -26710.4253 17980.0925 13515.8085 10681.9991 -16453.0126 -17584.5881 23
15029.4583 -306.0968 -25857.6736 -25298.1182 -28061.5377 -14010.7103 -3225.0090 23154.5461 -16536.6998 -6458.6057 15118.8502 -19535.1974 -25410.3478 -16955.9307 439.3973 44
31512.0561 -30286.0213 -5543.0081 -28375.8829 -1255.7668 23502.4749 9022.0705 -36580.7260 -3610.3361 -8876.8416 28506.1906 6098.8286 14487.2318 -13376.6954 -12378.9978 33
3146.8153 -9536.4700 -36132.4927 -36270.1762 -21492.5063 -20163.9726 -7464.2173 41011.0579 -21970.5390 2257.1853 25633.6308 -14295.4442 -15298.3686 -19169.6536 6972.5294 45
-12411.5399 -7780.9238 -30931.6076 21849.6254 -19023.5912 30602.7276 26959.1814 -28069.7975 -29844.6004 12371.8308 -33653.1316 -5089.3983 -2983.0351 -26437.4045 19381.4408 45
-21945.8082 29870.9471 559.2679 2141.7489 32296.7263 25151.1596 -16140.1229 -26832.5209 23496.6610 -22578.1176 14591.4364 8981.0086 14099.2407 -14598.6959 -30647.6726 13
-18274.3814 -7585.6365 -39277.0133 19508.7345 -21636.0022 25239.2193 45201.6119 -14399.5598 -23114.3607 12233.5800 -34907.8667 -2897.5006 -10431.4570 -26864.9217 21670.4492 32
-18453.2050 16032.5734 25010.6645 -29179.3501 -3285.4551 10259.3236 -17460.4215 39218.0792 -5096.6581 -16499.3436 -5637.0246 -32766.9124 2170.5141 30541.0422 -26812.7925 21
28451.4739 37070.5009 -11267.6550 24911.5984 -21538.4746 -5232.4657 -33849.8077 24252.6452 29858.2414 22486.8710 -36864.9309 -7953.1959 -22390.4813 -9362.4663 -8722.5550 22
-12223.3121 20938.3392 2474.6426 8750.5400 31226.8878 27023.3344 -15121.2015 -22458.9910 27357.7096 -39039.0375 27569.5006 14217.5312 14963.8798 -12601.4346 -27743.9075 37
-40505.2699 25245.5085 39230.3421 -3975.7155 -14211.1702 -29731.1198 16990.6795 13695.8688 33895.9300 -6815.7639 336.8410 -19.6266 7175.5826 29129.8353 -18859.4727 29
-16094.7112 -6277.8855 -31847.1708 9244.0540 -17732.8723 29136.9510 28850.7238 -36206.8623 -23911.3444 14093.6098 -28818.2560 -1770.6573 -12285.9113 -23168.9857 13319.6772 35
-40927.6719 19635.6553 30822.7245 -1518.4237 -13059.3518 -31665.0918 13786.4897 14722.5040 23234.5870 4402.9767 -12954.1796 -16741.6310 17090.1499 33597.8644 -15146.8545 14
31677.1591 -21330.3684 15232.7312 -21234.6618 -9774.8366 -15472.6866 -33222.9798 894.1778 6065.8140 20118.3939 -7605.3364 38571.4648 24898.0723 -19288.4250 9862.0040 28
22734.1443 -42199.2597 -11087.2396 -38950.2762 -4070.0228 19112.0844 12561.6974 -36088.9606 -13687.6288 -5240.9029 38921.7288 -182.3779 4354.6884 -7743.5759 -25637.5900 25
37869.6199 -12899.1650 28740.3531 -21896.7560 -22531.6712 -20609.6956 -39301.0457 -2972.2298 -8695.4431 28828.5064 -3487.5965 29433.9781 16329.3707 -18442.6388 12115.5781 8
-18603.6807 13182.2298 47223.2345 -40688.6152 -16377.3711 8667.1263 -21103.0360 39903.4572 -1922.8945 -10296.4423 -7989.2723 -28935.7323 7361.8337 28027.2269 -29071.4417 6
38516.5272 -14057.4509 32882.8964 -30852.4022 -16579.1816 -17204.7494 -36139.2515 -2504.3481 -8987.0597 19938.3120 -6177.1486 32611.5313 28183.4872 -17098.0114 16215.5567 41
-12097.3652 18195.7489 37072.2120 -42673.4522 -6601.3675 4692.4359 -29674.2709 35043.9791 -9376.7878 -11416.8986 -9847.2542 -36321.1167 13509.0911 15627.8563 -22399.0150 22
32082.4691 -15674.7366 31016.5681 -30108.6143 -12157.5503 -17059.3859 -31320.8894 -234.4308 -4313.9667 19263.8583 -705.6498 31747.5780 17525.0649 -26555.6322 16250.0278 47
-12302.6800 -10877.2933 -35296.9011 23426.5890 -28035.7144 16879.9047 35805.3264 -30972.3479 -11898.1754 20053.5247 -33429.8708 1816.4018 -8625.6518 -28821.7537 20598.5913 48
24096.0610 29079.4194 -13774.9110 16566.4928 -22664.4489 11032.7150 -21612.3761 13633.6707 34155.8716 21679.9082 -33598.5993 -8330.7744 -21809.4849 -6375.9163 -21346.5822 30
-33999.2005 18200.6751 35122.8185 4784.3249 -20059.1032 -27507.5257 17925.5416 17879.4410 37879.0592 -4075.7779 -5707.1971 -8775.3193 14688.1237 37786.8724 -12724.8539 38
-4114.6352 21880.4564 -5670.4664 13910.9744 37343.0581 25154.6145 -20583.0742 -24781.1988 24250.9225 -26292.5891 11460.3918 15464.0035 9610.1794 -18337.3573 -21647.0048 5
41005.1821 -14893.0883 28121.5703 -31766.3227 -18606.7841 -25202.7345 -33774.2765 -2367.9829 -281.0428 28436.6774 -1451.2656 29004.9810 9853.5772 -25159.2265 10248.4670 42
31864.6137 35169.5999 -13676.1546 23764.5500 -21158.1508 13677.9264 -33243.9287 33387.7699 24715.0615 19464.9917 -41266.2793 -6849.2442 -25521.0431 -3203.5529 -17904.3687 24
-13049.0794 -7959.6628 -30085.4031 15674.9819 -13911.1705 23307.6566 35087.2438 -36769.5931 -12035.5110 16967.9507 -31306.1742 -7244.1763 -6386.0639 -27904.3075 19372.4283 38
43274.0900 -38121.3315 -12208.2437 -28910.8228 -3066.6394 20473.7481 12370.9660 -27366.5096 -12882.9559 -5333.8175 20731.4591 -1673.9709 8527.4119 -12579.0237 -17071.4033 21
-15010.2250 17448.5544 39448.9349 -31080.5978 -13210.2183 -1165.8896 -34670.3683 36860.8437 -11339.8267 -19424.2332 -8914.5765 -36714.2688 -5298.3798 31271.1346 -30339.7420 4
46991.4153 -9494.3280 30340.1573 -34569.3861 -16672.6186 -14639.2823 -28695.2921 -3544.9732 1214.2230 33331.7495 -8541.3172 33659.7349 21642.1882 -26051.7256 11097.2422 37
-31264.4376 25164.0316 33247.9631 -1457.4055 -18772.6804 -27487.0489 12694.9357 18421.2796 34850.0391 -8485.2557 -15187.9464 -4321.2075 6803.8549 36768.7310 -15832.8160 34
-8037.9786 25214.9079 83.1925 8287.4770 30073.8093 25849.3599 -24107.1334 -18247.9927 40461.4346 -25466.5888 22597.3520 13873.7311 18214.3088 -9532.2662 -18343.2673 39
-2538.8753 -5686.4287 -37526.3205 -28488.2733 -27342.5142 -26219.3064 -7004.1974 30273.8270 -20986.3421 -2048.7263 17178.2180 -19613.2093 -20611.7399 -21947.3650 7487.0422 27
38128.3325 -16334.6770 29700.8005 -27370.2857 -19634.9073 -24613.3785 -33525.6498 -5210.1834 3882.7147 25506.3852 -3591.1846 30637.1770 23898.7167 -30231.7540 10786.7500 17
9557.6939 -3852.5253 -44409.0826 -28462.4329 -18336.4872 -16326.0245 -13606.4362 30240.9229 -15573.9962 -7734.6142 9092.8045 -19606.0701 -22409.6136 -23104.4010 -2359.5621 15
-18540.5359 15999.1694 46609.5631 -40814.0308 -6719.9936 5737.2233 -47471.7836 39523.6270 -5703.5461 -10709.9507 -4413.5156 -24423.9036 -3738.9427 29464.7626 -32161.4977 11
34591.7751 24376.8864 -16395.6519 13396.5411 -23702.2203 -4907.3649 -23780.7327 26561.8459 27670.4519 19492.8025 -35044.6771 2098.6265 -21757.2974 -2763.7866 -10737.2188 7
-9735.5154 -3068.6578 -39623.5199 22838.3120 -18653.6097 26868.7863 39611.1328 -27227.2757 -13909.0781 9595.8984 -32642.6677 -3714.8117 -8439.8694 -18436.6855 20027.3278 8
-42189.2025 23829.1781 29027.1215 -5944.0963 -16438.3139 -26383.1418 14339.1639 10765.9457 32720.5407 -4630.8784 -8092.9189 -3446.9527 10311.9131 32189.0694 -16683.3405 36
39012.0886 -12991.0461 26269.8742 -32849.2337 -17062.7494 -11973.4931 -37235.6158 -2454.9629 -2301.1239 26080.7924 -2917.8781 33831.3437 13101.3486 -21229.7130 3483.7926 42
35437.7547 -15805.0844 31469.4970 -30137.6543 -13638.4553 -23551.3743 -36607.4930 4680.3459 -433.3318 22639.3446 -11028.6862 27873.3598 18656.6422 -24510.8052 3776.3178 29
37704.5798 30156.1419 -5584.6836 31289.4077 -27910.1636 4609.2513 -35453.8172 24298.4234 24488.3561 18558.1623 -30846.1430 -2854.9372 -19171.6253 -13911.3396 -10978.9212 46
35265.5885 38638.5972 -23865.0474 26601.6133 -19667.8482 1104.7897 -25106.7603 27076.2367 22690.2090 8871.2795 -30645.7008 -10172.1898 -18786.4240 -15023.9653 -21082.4538 1
-14204.5078 31965.5763 3570.9694 19174.1742 30066.8115 24898.2582 -26010.8515 -26950.9621 39544.7169 -25237.7360 22947.6898 6129.5312 17337.2882 -18657.5860 -29604.9608 47
29212.4256 -27093.2652 -6277.4364 -21401.1191 -4963.8092 21368.3191 3324.2629 -30044.8930 -18737.5179 -1077.8862 27283.3024 -3566.1475 12322.2150 -18180.1343 -23220.1639 18
42091.3248 -15176.1720 28097.0954 -18671.3967 -12516.1632 -22897.7586 -29576.0313 -6452.4278 -4074.8108 29341.7794 -7523.4749 43225.1997 23302.1399 -19678.4220 11862.4630 30
-34323.9669 25037.4125 35429.7017 -169.5413 -20928.5760 -28464.1277 13248.6176 13222.4352 32877.4186 -9117.8643 -10280.1281 -10598.7563 15905.1296 42351.5133 -16578.5076 36
26036.6565 -36112.5803 -10331.3857 -31564.0328 2920.4362 18541.6618 11055.7292 -36268.4925 -11564.0957 -4281.2326 33920.8317 711.0072 10160.1496 -4145.8837 -13330.8741 30
34833.7337 -21169.2091 34407.8820 -37408.0518 -21741.2698 -14906.2923 -32105.0257 -1923.7637 -1548.8973 20964.7256 -8035.1274 26694.9642 16556.9410 -25001.3461 16792.1214 40
-25668.2931 36105.6795 35325.6035 3669.1332 -13142.0263 -31488.2942 15252.7733 11598.0894 26018.0715 -12910.2857 -5961.0484 -9541.2904 11191.0551 26501.6374 -4327.9519 8
-5853.9302 -8459.3092 -36782.1364 -34358.6101 -20614.7813 -14381.4754 -15784.6898 23619.2853 -11363.7842 -5565.9211 13798.5783 -16121.4921 -28877.0887 -16257.6358 -859.6178 30
5585.1691 -4345.9096 -30396.7934 -15636.8009 -20886.0681 -16630.9945 -10463.9908 26410.2982 -10464.2837 -1700.7481 18304.1566 -17697.4334 -25765.0429 -17109.5756 3311.4903 7
-16469.6865 -14787.5490 -28876.1995 14474.1597 -26750.8686 23147.4381 17368.0451 -29765.3077 -28801.2374 11429.9896 -28850.2733 -2018.8619 3677.3257 -20721.4871 19803.3120 22
40251.6923 -21710.4247 28985.0653 -29856.2004 -18141.6165 -12943.0797 -38387.3530 -3896.4371 1897.2769 27522.1447 -16280.1173 32564.2219 20206.7717 -19118.9131 6060.8242 49
-9303.4065 13338.4183 44563.7947 -38491.4243 -9506.6661 -349.2592 -28194.7665 34502.3551 -4212.8564 -21204.6781 -14517.7922 -29151.4675 1554.1645 25099.1359 -19690.6896 11
42340.9577 -17887.5499 24114.8543 -25882.0342 -21283.6368 -12819.1021 -28993.1945 -9191.1039 -1828.0405 17369.5656 -9940.3902 30264.8894 18929.0837 -25717.8812 13654.6734 3
-12363.3804 13650.2312 36653.3439 -33507.4334 -3913.8841 -437.0896 -25179.7691 44218.5177 -4498.5481 -12983.3944 -7628.7769 -25950.3191 -7789.6131 31093.3313 -26183.5925 26
-15493.1684 20629.3213 11909.2547 15018.1826 30685.3828 29346.5541 -21484.6321 -22832.8174 19357.2515 -27986.4900 29604.0241 18797.4214 11821.9877 -21046.7284 -21503.6276 32
27733.7254 21928.0927 -3953.4619 18566.4691 -28555.9795 -290.0483 -27123.8792 25019.9959 25039.4184 27067.8838 -30323.4939 4088.0807 -25478.8484 -10633.2983 -14597.8829 34
29053.5258 -32489.2292 493.1547 -25100.0623 -5339.5884 25456.3971 7979.7655 -38943.4850 -14158.5894 -13178.4682 29353.9222 5755.0368 1525.0195 -1445.3921 -23494.6755 43
-25016.0704 21016.2268 32631.5079 10607.3306 -17831.0386 -28330.3938 14424.8528 12292.5241 39857.9504 -22130.7949 -7756.3276 -1705.5935 13611.1692 25146.0723 -13970.4316 29
39648.9675 37293.8872 -7008.1085 22410.2897 -32059.9709 9055.0375 -31129.3034 15728.0212 27365.1678 23290.6120 -29521.0440 -8030.4123 -24827.7769 -11962.2172 -6920.1264 43
-29757.6188 21645.6757 37194.9137 3072.6443 -13299.9607 -30662.2581 21758.2516 12172.4896 38163.4860 -9503.2278 -9130.8120 -11855.6066 5809.8974 31414.1205 -8770.2689 47
37690.0459 38368.1978 -19062.6516 16651.7960 -32718.5569 9353.8755 -24574.8064 25889.3698 28554.8391 22015.7762 -34938.1633 -11648.3999 -19319.9129 -11125.6769 -21198.8002 44
-35746.8056 28229.6485 27512.6799 -102.4859 -13767.6829 -22212.0631 20412.8817 8045.3024 32015.9478 -4780.4969 -10369.6351 -2659.3646 7238.6884 29413.3053 -20498.1263 27
37925.1736 29708.2205 -5395.6683 17383.8073 -24558.2431 3798.4116 -30697.6074 29618.7174 30844.9524 21639.7337 -35435.2309 -8465.3442 -30674.9179 -7007.4944 -20801.9811 4
-12349.7393 14222.8299 42111.1830 -37526.0541 -8932.8068 2023.4273 -27336.9083 42555.4907 -1904.3901 -19196.9590 -7679.4030 -35768.4682 7017.2172 28442.6831 -23434.5419 22
29172.9723 -38297.4525 -18445.8468 -24018.5509 7392.0749 28925.4944 20538.6126 -35877.2023 -10412.3869 -7088.9409 28721.3702 4029.9568 7942.3933 -13106.2835 -21495.1577 18
-30463.7148 26281.3272 32288.2972 8446.9054 -16169.0243 -29033.3790 13460.0038 12958.7399 31950.7716 -8216.2948 7796.9997 -885.3057 10148.1372 37075.3847 -8920.1379 8
-9459.3914 22688.3539 -3582.7800 14883.8940 25848.0597 20767.9730 -28609.7928 -39370.5547 28859.3299 -29183.9081 15203.3297 15395.7238 13089.8609 -11343.0456 -24753.4461 18
25489.7833 -34386.8987 -4722.4663 -28467.3588 -3145.5170 22894.0209 15323.5818 -24631.3389 -19316.8680 -13824.5721 24113.0296 9133.9569 14927.4716 -9147.8247 -29096.4540 19
-16755.6265 20641.5204 13357.3472 5614.8969 23315.8798 33902.2452 -20199.9743 -27679.0579 37613.3045 -27241.6650 18821.0608 6900.7567 9050.7944 -17363.9202 -24952.2358 11
-24542.6673 15483.3341 44733.7185 -33978.1407 -10450.3769 2534.3722 -27365.2581 35845.4071 15618.2147 -11793.2270 -8535.6181 -35167.6220 4573.0486 31023.5630 -26043.3360 10
-13734.1724 1820.5912 34835.3967 -31260.6537 -9195.8150 1116.0911 -30798.6716 33328.1232 -8203.6668 -14874.5511 -4401.8479 -21120.3023 -1805.1388 28179.1147 -28249.3653 30
-13962.4110 -4458.9080 -40265.3999 13528.1156 -9306.3028 19735.6740 28760.0677 -26317.4569 -21908.9057 25037.6814 -31002.2455 -9520.5640 -2547.2996 -34526.7218 16265.0056 47
-43480.1591 29545.4596 26428.8236 9446.5898 -23969.5159 -27833.9157 13236.8113 19856.3845 39038.3744 -9178.0206 -7817.0832 -1098.5230 20316.5488 33242.1928 -15004.3339 43
7773.2944 -19168.0860 -49080.7270 -26670.5856 -17756.3142 -21758.9039 -3414.4814 33603.7899 -14878.0286 2602.2961 10226.1190 -19872.8583 -18025.6850 -16616.0960 798.5523 25
6426.9882 -10937.2151 -29731.2746 -33066.2614 -18974.4750 -28409.0403 -7358.0453 35306.2819 -11346.3731 -7990.7506 25361.9345 -29891.3528 -25734.7026 -18102.1566 2473.7063 38
24391.4166 -32884.7277 -8714.6299 -29167.3338 8533.2635 28579.6661 13628.7816 -36251.2691 -12072.4214 -13197.4958 25025.8055 14.6715 9485.1655 945.3638 -14469.5590 49
-13804.1897 -10739.2260 -28405.7024 20540.1245 -11463.3142 18479.4035 26712.9608 -39889.4353 -17291.9838 7613.8328 -36709.7291 -8241.6954 -2688.0792 -25489.3454 24097.8552 31
-39653.0205 18070.1098 34299.6571 3688.0363 -8253.1650 -32083.2689 20105.8265 21077.5844 33996.4449 -9878.6914 -6841.2595 -575.8841 13896.8809 35325.4598 -19378.1785 45
2837.5698 -12957.4179 -23756.8565 -23119.1297 -15596.2016 -13640.3506 -11362.4240 24032.2623 -14660.2803 -8580.3566 8536.7346 -12406.8941 -7579.5730 -24845.9270 -749.9564 10
-26370.3506 21723.8235 6293.9331 14034.7023 35306.3499 22318.6921 -16199.7284 -35128.5895 21527.3860 -26509.2271 13152.0467 12129.0341 12063.4503 -21414.5643 -32174.7857 12
7809.4870 -5277.2577 -39931.2611 -23420.7012 -22299.5244 -22773.9019 -14637.7240 27319.8177 -20956.6535 -4685.0809 21214.2858 -28660.2628 -21001.5739 -22780.0768 5683.9053 30
-17844.8640 12007.8522 5154.9872 16862.1528 20625.3378 31443.6035 -20738.6033 -38285.4127 25971.6712 -17200.0965 18682.4445 13278.3246 16467.3900 -14891.1288 -24808.5631 40
-31597.7444 25164.6926 27743.3070 1609.4561 -12186.2297 -23128.7202 15637.8353 17576.9141 31203.1082 -12691.3979 -9008.7837 -14612.1544 15762.8512 23403.3064 -18190.6690 45
648.1596 -5616.6941 -35340.0056 -27239.3951 -25507.2232 -21732.1001 -8722.1874 36488.0972 -17538.0572 338.5961 22956.1520 -27323.9704 -24696.6197 -24049.1490 10670.9882 32
33097.4858 -21199.4015 19183.6711 -30074.1249 -14515.6372 -24436.7011 -35567.3976 964.4677 9545.1631 27615.3229 -1028.6745 28825.6611 26261.1378 -27654.2425 6117.4923 7
30473.1843 -32967.9998 -9226.6524 -31339.1099 -7441.2941 30877.4039 18212.4937 -37649.8089 -12994.2826 -12340.5899 20850.8951 1997.6150 12914.0678 -11134.5636 -23379.1552 49
38884.3996 -10765.9841 16326.9253 -29874.7608 -15900.7381 -13973.0502 -30995.3617 251.3805 -3935.0027 20391.1019 -3348.4789 25810.0836 12419.3087 -35900.5207 242.5233 10
30136.7546 -18785.7370 32006.0540 -28099.7669 -17343.2259 -15970.5935 -36537.0807 -13638.7847 -3813.1330 13557.6733 -5502.5667 32720.9301 33155.2943 -21361.4744 16283.7426 46
19109.2559 -43787.3322 -11521.2354 -25525.9897 2622.4055 31168.2313 13585.1416 -26101.9917 -3726.6587 -6392.2045 30209.3141 -1634.0042 14630.8752 -13764.5833 -17545.0125 38
29899.9563 -36261.4659 -9122.9402 -23717.8102 3822.8242 19228.6443 18700.7911 -20561.9195 -17603.0097 -4593.5429 28062.3487 641.9153 12092.7158 -9154.3410 -25638.1737 28
28177.2102 33157.6888 -6377.0587 13224.4191 -29980.4703 12429.4287 -28985.1085 25472.9888 35258.2754 15780.7052 -37397.3962 -9803.6687 -26093.0758 -3019.2825 -9185.5044 24
-13400.1306 19004.5167 34955.1986 -31784.9359 -16688.6502 -3818.5993 -31117.2277 38162.1509 -10327.9638 -17661.0824 -5332.0941 -30390.6030 -1386.2514 31034.9661 -28663.9759 12
-32568.9677 20281.3820 37324.0639 -2509.3020 -10848.6755 -31092.7611 14998.2235 22893.8380 40507.9845 2897.7864 -15362.1859 -6273.8398 19876.3215 33912.0053 -13824.0728 23
25903.5947 31849.0374 -6078.6323 20743.9127 -19325.0733 -954.1822 -26348.6537 25935.5376 26924.6854 21253.7017 -36495.4462 -6088.4822 -21000.4108 -13657.5370 -15001.5716 16
-14219.8808 -10039.7595 -28415.8058 18218.1008 -11549.6307 28722.7232 30833.8736 -34521.6054 -20583.8277 17065.4414 -27284.5563 -6157.0047 -14020.7940 -36449.6504 18010.4057 38
-14804.1242 15331.5663 14395.4464 17896.6378 29548.8672 24239.9514 -15148.4861 -23758.2347 29972.6652 -28199.1711 26728.9902 17117.4409 8565.5121 -14719.6199 -20116.2750 38
28352.5432 -32714.4589 -3146.8085 -30941.2681 -2046.7780 18436.9719 13144.4503 -29176.6556 -13413.8990 2050.3068 29831.1794 7685.8250 7395.7831 -5575.9309 -23484.4971 5
-1472.4403 -2305.1856 -31657.6377 -29142.6206 -16367.8802 -20029.0321 -10922.6637 34483.9516 -14319.3529 -8847.5707 20198.4438 -26896.8275 -19977.4191 -20149.5025 6244.4053 10
29708.2226 -33395.1589 -2696.6319 -28131.5943 -3486.8712 18281.7834 14771.1263 -32514.7124 -4409.3058 -6936.0739 24148.1498 -257.9776 8514.9730 -4398.8043 -19023.9483 37
-13779.4351 -5004.8835 -32016.2414 17114.1646 -14892.0199 21945.1296 27201.1689 -25572.5041 -14981.3711 14285.3833 -31852.0731 -6801.2730 -4421.4765 -33432.7432 32480.4572 22
35936.6299 -17794.9128 27685.2506 -36382.7035 -27989.6245 -14540.1431 -34613.0793 -10941.1080 6206.4656 26672.4997 -11376.4289 33658.6918 25186.0650 -28268.5258 10034.5931 41
-16796.0192 14939.9031 37256.2010 -37423.3791 -14349.3220 9657.3102 -30963.2989 39209.2506 2631.7829 -21036.6314 -11642.4371 -32144.3805 4247.4742 30578.7956 -36834.3947 21
-14096.4426 26969.5827 333.9365 15931.6947 22454.0130 29206.9710 -28753.9662 -18004.6178 25822.4120 -22634.1924 19604.8236 18623.6384 11700.8005 -11788.7563 -25787.8434 6
27975.1497 -41020.7173 -7164.7372 -40975.3625 15502.0565 26235.2369 9341.3610 -27503.3892 -17738.4735 -7980.5232 31207.7829 -226.4790 7564.9772 -7871.7874 -29785.7024 26
-17506.7936 21143.9164 867.6760 5893.8895 32057.2856 25261.5907 -14173.5671 -32830.1766 25540.4241 -35088.0059 18209.5113 9893.1674 15684.5966 -21957.5232 -25852.8000 11
-35102.7042 20484.8751 29594.9222 -2949.3835 -13410.1573 -25801.8795 7404.4553 15196.0204 40508.3817 -4942.8391 -7154.3333 -12862.7922 2767.6793 34994.0919 -20306.4558 12
31339.4987 -50599.2686 -3262.4206 -27030.3163 1519.9098 24204.4310 15661.8634 -35520.3352 -3071.2283 -5933.9302 26699.1672 6397.1659 11924.9230 -5029.9960 -22754.4225 7
28168.2545 -29508.0445 -7902.7807 -23693.5041 12131.1292 26851.2282 19156.7055 -25107.7258 -13845.6589 -9419.1209 23925.0917 2434.4969 8857.5934 -16450.5650 -12189.1521 18
-13739.2624 12521.7241 34603.1547 -29992.0490 -7869.1776 3626.6346 -35834.5347 30962.2758 -9518.0410 -25166.2679 -11463.8013 -28873.2310 1293.1840 30440.6337 -31356.9149 19
-16265.6269 9608.7478 39444.1983 -40043.4294 -11527.2363 9445.9196 -28332.5100 35164.2806 -9616.6620 -15837.5067 -1937.0797 -31295.1096 -791.1923 21194.2598 -38284.3608 49
31052.1082 -40973.3809 -13485.2438 -28022.1589 757.1926 19319.1284 13428.1258 -23191.2155 -17910.8010 -8948.1087 21989.8297 4850.3005 10382.3543 -7342.3984 -19382.6443 32
24778.2024 -36339.3496 -5078.5843 -27898.4467 5870.3286 21833.9547 12703.6590 -39214.9899 -4966.4536 -3339.2273 26880.4192 -3394.3567 7363.1005 -7995.1825 -32511.8833 7
32202.8799 30020.1065 -7331.1887 17019.7730 -26409.9719 1950.6702 -25995.0839 27029.9682 33041.2533 22743.1683 -34789.6289 835.4053 -20273.6842 -11346.2093 -20588.7831 15
-31779.7496 20437.7374 34671.0359 -955.5406 -14967.5579 -36478.8006 17658.0791 11677.8958 31589.5871 -10038.3910 -14538.6089 -8861.2304 15650.0027 26969.4250 -19605.1070 32
33249.0075 28053.2913 -9702.7430 30216.4545 -24483.2134 -3907.2934 -31374.0150 30635.9971 33786.5073 21811.6567 -29657.5294 -5595.1943 -29462.3974 -13161.6464 -24126.6219 35
-33812.5448 21243.5687 30015.6837 940.2307 -21292.7535 -25451.4260 16152.4848 9606.8883 32161.1023 -6906.7748 -2983.4728 -17659.4110 14292.9961 45548.2097 -10399.9588 30
-4951.3894 -3734.9186 -38088.6761 -19825.5071 -27471.3081 -22052.7078 -14175.8717 23311.2003 -18748.0855 -8295.1595 23715.6369 -15109.6911 -25439.5085 -2896.7487 4995.8253 9
40085.2090 -9797.7286 26193.2810 -18886.5466 -15762.1399 -22386.2860 -46178.8032 -4031.0801 2506.3293 21084.8068 -8181.0426 46828.4173 28107.3235 -28671.7921 20662.4600 21
-10379.4295 -9471.5561 -36188.8287 23593.0550 -18241.2894 26152.3584 28420.5305 -28685.7280 -14173.0941 18029.1119 -46372.5888 -878.6893 40.8447 -28229.6081 22756.6130 45
5377.6923 -870.4465 -31142.4682 -23234.5933 -26014.7918 -20468.2525 -15402.2185 30897.4070 -14949.6480 -4121.7523 10731.6874 -16857.7035 -18602.8470 -14148.5167 8046.9323 30
-20247.8286 29.7340 -43064.4835 29043.8194 -20709.7740 27600.0136 30386.0379 -26072.7037 -22364.6594 13360.6866 -33050.0510 -10113.5227 -152.4836 -26488.6807 5823.9051 20
-7706.9127 12966.0337 49295.9230 -38703.5048 -10983.7193 7751.9992 -30198.9212 35352.0806 503.6822 -16581.4386 -7258.0945 -30652.7610 -203.0366 35155.2410 -26590.2710 44
38471.8905 30836.6133 -3855.4569 23730.6894 -26128.9357 4910.2350 -23676.4173 27198.5587 33462.4079 29850.4577 -28840.7315 1569.8122 -23019.9213 -8659.7878 -22867.3385 36
-1120.6070 -3506.0672 -33366.0550 -28007.1062 -14233.8656 -22039.1584 -10386.4103 32609.9548 -12252.2715 -6044.1466 12973.6095 -26628.2901 -16069.9053 -23847.1268 17552.7363 25
41913.2091 -20199.5726 25205.7752 -22380.0059 -6840.1569 -24234.5234 -26863.9869 -3513.4614 1993.1342 18264.6926 -13985.9244 31190.8156 13938.9315 -25694.7781 16122.9234 3
-23616.2607 21526.9589 8157.9097 17855.2499 21891.9905 23992.9195 -26411.2135 -30445.0542 34919.0542 -23872.9042 22761.1820 2308.7671 9497.6366 -8712.0093 -26661.9106 35
-6178.6367 -7991.9390 -34730.8323 21399.8202 -28293.7444 17704.8083 26038.7567 -34004.8122 -22508.0265 14439.1143 -29424.4669 -658.8430 -4829.9125 -29531.1592 17978.4315 39
-36058.1746 27021.0667 32207.9608 -2244.1513 -12004.4614 -20222.8976 20334.1142 15850.7634 31585.9468 -2753.8998 -7886.8708 -9428.9291 15101.6337 29392.3388 -13886.9716 38
-41376.6522 35598.3873 33761.4455 3505.6533 -17498.5476 -31119.4891 21409.3327 20251.9360 30477.4050 -14155.6324 -6708.3856 -4274.0832 10663.6223 40110.8405 -13775.5158 12
2627.2307 3915.6472 -37929.6972 -23512.2200 -29188.0218 -24447.0578 -8929.1071 27166.5415 -17295.4818 1667.6404 16143.8794 -23515.0223 -18384.6715 -19922.8096 9807.6015 7
-14697.4939 26023.0179 -1946.1448 12351.4950 22651.1931 25400.7596 -21601.0067 -32450.2167 33384.3926 -26023.6623 26526.7133 14861.2360 17400.8756 -6731.2753 -34796.8541 32
36397.7262 34337.2592 -14090.7175 18685.4020 -16618.2048 -4215.6922 -37273.1631 27386.2729 32060.2563 18839.1368 -31136.2454 -6555.9943 -27947.3912 -9927.8055 -11857.5456 21
-26087.5997 30361.0686 29006.2747 915.4924 -16150.4994 -31386.5987 23826.9522 10986.5605 24660.7920 -11194.5476 523.2454 -4474.7264 13966.2125 30009.0165 -17182.5193 24
3573.4839 -11635.4862 -44552.8505 -20087.2561 -24925.4302 -16730.1083 -8940.6945 35443.1782 -24610.4940 4334.6067 11888.9997 -20243.2016 -19795.1001 -11825.9931 7815.6264 12
-32553.1792 23893.0037 31312.2293 2636.0332 -12483.9629 -26226.0445 4841.5585 4772.8764 27476.3410 -9955.5271 1220.2621 -18588.2351 24479.2985 37089.0038 -8569.9054 9
-9012.6173 13743.0633 42263.8647 -36513.5587 -2281.5319 4041.0342 -28863.5594 43507.8134 -1487.4454 -21137.2206 -5118.0085 -29122.3258 2420.2754 24629.8346 -29571.5920 43
-15081.4534 27703.0482 3575.5818 14841.0529 33682.1309 23874.5958 -23508.1640 -29066.3072 28224.9455 -25334.8192 22123.7464 13334.6545 18540.1237 -22666.8827 -26122.2662 29
-16954.8015 21098.3399 1965.6041 10374.1482 38020.0388 33037.1759 -24520.8376 -27296.2534 36442.3489 -18887.7971 21681.9283 10595.9913 14445.5979 -14333.5862 -33203.0731 30
-13134.0393 25313.7916 42932.4884 -35608.2237 -13152.0519 -5884.0229 -31582.1858 38061.7357 2270.6078 -13068.3815 -3814.7960 -41106.4339 247.3368 24654.7645 -33608.4383 14
-34927.1212 19795.7423 31871.8212 12242.8878 -10285.0530 -28677.5709 16118.9230 10828.0900 35702.9722 1757.3027 -10966.6979 -12412.7314 13669.9403 40132.8056 -17810.0054 9
14616.2153 49.2329 -23970.0849 -21788.7667 -26889.7258 -15106.6286 -11612.3211 31864.2005 -12051.7861 -6962.2062 16153.7864 -20361.9844 -18883.9142 -13241.8804 3246.3234 6
-36680.5576 25074.4894 26552.4647 -8739.1350 -25503.0980 -26382.5065 13306.9896 15771.2040 41494.4591 -9698.2640 -4724.1680 -7245.6656 9682.9279 27110.3824 -19175.3586 10
-37415.9506 26416.5758 34827.0244 -4456.4419 -13385.6256 -21831.6403 16676.1786 10129.8324 37312.0837 -9578.0099 -6353.2304 -2878.9274 3215.5491 31645.1032 -8931.7037 12
-9400.0267 -3510.8911 -33428.3470 20412.2903 -22542.5676 22075.4741 35947.6754 -31527.7271 -20823.3292 15818.9506 -29772.8632 -4872.5569 -3337.0244 -17152.2767 23974.1974 2
-8808.7477 15466.7323 39442.2512 -37709.6194 -16834.9812 1948.7390 -15833.5876 38504.7245 -10933.9601 -23353.6252 -7892.7768 -30090.6070 2197.8038 29992.4848 -20836.4626 15
8839.3340 -6944.2309 -31816.0727 -25851.6904 -26591.9469 -18940.4121 -9067.6543 27553.8565 -16064.5433 -5475.7767 11569.7168 -21027.1075 -22084.5108 -19668.8202 3583.9799 18
-33264.0694 32582.0796 35967.7774 5567.8205 -7029.2781 -35490.2559 19043.6719 6719.3941 34657.8605 -1508.8462 -1811.5140 -9946.2516 16453.8728 25942.5730 -14103.8727 42
-7947.2558 22759.9761 36265.9544 -29091.3990 -22271.1521 5490.5678 -28534.1198 41319.1732 -2937.3483 -21607.0817 -20726.9128 -28465.5093 226.3042 21952.6089 -23830.1273 3
-18018.2001 20456.1874 50667.4627 -38239.0787 2390.5883 -1424.7940 -27616.2943 40841.2580 -5749.5673 -17667.0052 -14208.9126 -35279.9867 6709.1990 28579.3257 -23606.9726 1
5160.0258 -5655.9170 -27532.8220 -32125.9122 -15669.7129 -22620.2918 -14881.6220 27219.3777 -14873.0172 -9016.8386 20043.0376 -23035.7491 -17733.5944 -16592.5651 3717.4415 34
-14579.8616 -9926.6993 -34714.4101 18278.2664 -23672.4984 13739.5075 30461.4832 -31792.9097 -18039.7163 8034.2164 -28131.5883 -3747.0681 -4383.7269 -22213.1624 18306.3766 13
-9232.9648 15066.2771 46748.4135 -31199.4825 -12711.6659 3557.7068 -26955.9047 41909.6437 -10855.9957 -23281.6054 -4326.9730 -42268.1920 -3282.0237 23999.5457 -26198.9217 24
36842.6963 -24786.8659 31722.7013 -24911.4893 -12478.4864 -12503.2509 -30876.5664 -3867.7665 125.2409 20355.8804 -6081.0921 29065.6404 19827.2301 -28215.9046 11103.9696 34
-22912.8845 -12222.6774 -46750.7413 28248.9396 -23977.8625 23726.4655 29341.8267 -42571.0401 -20581.8316 7766.7567 -30230.7667 -998.3619 -8156.4374 -32154.3757 18500.5445 16
-36447.7224 29608.7007 31335.7808 4362.8258 -15684.7698 -32419.3298 14913.8746 10634.5323 37582.3544 -6913.4249 760.4654 -3134.5314 16863.7813 28679.9263 -15930.1091 23
30937.4892 32754.8498 -4673.5551 12446.1397 -29708.1794 5349.2904 -33122.7176 18978.7194 29631.6438 32699.0521 -43729.2403 -7608.3592 -22552.5900 -8163.3753 -28466.0731 14
-8653.1689 18977.3246 -1653.0430 17037.8152 42860.3378 22186.6369 -19880.7615 -29442.7821 24284.4878 -23591.2083 28652.0661 18761.3113 13418.2337 -18254.4829 -23783.5516 13
-29842.8383 24842.2303 27060.8626 14895.6507 -13704.2943 -33012.0882 18583.9851 11673.6449 29483.1049 -3007.2485 -7662.6527 -15152.5564 16743.8558 26968.7112 -12426.8999 11
-15198.8115 19950.1713 30180.6324 -48969.6303 -13125.1999 -1800.5430 -34301.8612 34805.6349 -5706.8578 -20632.5281 -5163.0886 -27964.7324 1497.9057 27785.7114 -16311.4226 28
12601.4299 -5573.0866 -36231.5289 -25692.2200 -22292.8821 -20351.1519 -7089.9053 45628.5490 -4697.8974 -9282.6815 27478.0561 -28346.9491 -19061.2410 -13359.0323 7994.7940 48
-16520.5123 18301.6242 162.6937 12574.5089 34037.1799 25090.4856 -19330.5627 -32209.3977 25090.9974 -25806.7827 21453.6852 10690.6763 16365.4165 -18195.0939 -30622.2555 39
33179.0330 -37629.3966 -10023.2551 -29537.7007 -680.9918 32056.0302 3689.3163 -22586.2259 -5154.1731 -14601.0767 30907.8782 -1008.7617 3516.2789 -11349.2490 -21328.3275 32
34225.0820 34438.2931 -14546.1358 11421.9284 -23060.4906 7092.1514 -38488.1968 25801.9815 29627.1231 28431.7195 -33978.7568 -7106.4739 -25973.9693 -12710.0364 -19302.5463 2
29662.2199 -26721.3659 -10330.6138 -27488.0395 -1749.0246 20516.3389 21449.0832 -30372.3010 -1802.4517 -13247.9427 26798.0178 -3362.7733 14702.6569 -12124.5521 -21407.1189 41
-27528.6168 15837.8786 37691.8682 -33245.3874 -13067.7866 3076.5824 -29106.8726 47386.2920 -11546.7146 -17683.5155 -5145.4587 -32301.0671 -8735.6360 36913.1846 -32209.1655 18
34004.5067 -14257.4402 37434.3383 -19294.3420 -14080.1160 -14455.7759 -37442.6673 -10952.7175 -4886.1731 17741.4946 -14333.1408 39088.7701 8813.2684 -27569.4653 15266.8721 5
37863.3107 -10659.7851 27842.9097 -34717.6489 -17554.2766 -16331.6324 -22034.9372 -7571.7082 3182.9461 24496.0053 -9817.3593 29180.2240 23351.4394 -26895.0165 11544.6867 12
-13724.7769 15762.3317 40387.6290 -26416.6092 -20372.4955 -5560.3237 -32765.0193 35482.5205 -6621.8147 -21709.6321 -7674.9905 -38559.0895 -681.5610 38280.0713 -27236.9365 45
30407.7457 31890.4336 -8753.6506 17092.4164 -28650.9694 -211.3838 -36045.7479 24808.8420 24782.5625 28316.3404 -36433.2386 -9411.2423 -23393.8046 -9677.4151 -22684.8933 29
15009.7371 -7720.5605 -30175.9539 -29540.9502 -21869.2513 -21845.2088 -10606.8520 35889.5919 -17952.2907 -5815.1370 20598.3249 -27811.4115 -20790.8494 -18441.2954 5876.1411 19
-34448.7394 29327.3948 32335.6324 796.4782 -17657.5708 -24343.9774 10757.7231 18000.4276 30301.1639 -7336.4882 -6625.6942 -14584.6173 4510.3419 25054.3138 -19526.5298 11
35325.7515 -34691.8742 -2686.4306 -38566.1176 -5658.6767 17643.4660 14539.4179 -36225.6408 -14999.2741 -7791.9156 26515.3663 -2924.1514 20829.2467 -1400.4580 -24328.7186 48
28418.5804 -21351.5995 25415.3998 -28996.8756 -22774.1230 -14015.9905 -32999.3018 459.0148 4715.1250 18437.4842 -6703.1389 40219.8498 16124.8717 -22757.7362 8872.8644 25
33177.5187 28529.0688 -12988.8059 28707.8201 -30297.7979 6712.7602 -31824.0534 32636.0217 31961.8022 21907.0450 -34599.4914 373.2563 -19531.4816 -8646.8812 -17971.9233 19
-43747.8762 19605.1549 30067.3344 -924.8342 -20425.3022 -21793.1364 16693.4577 14397.8845 34540.4321 -9990.7950 -3890.5285 -5082.1400 19174.2179 38313.4888 -22651.5917 36
1364.5086 -4432.5523 -31896.5600 -20000.6942 -16745.9310 -27128.6434 -11165.8195 27922.5158 -9480.1461 -11218.5383 10127.3994 -19537.6377 -24482.8653 -15109.5805 6616.4556 40
-11038.7160 26465.6558 6234.7701 11329.2163 33994.6821 30626.8582 -16175.6663 -25370.4388 28461.3035 -27993.2574 21517.3706 13341.3581 13998.4161 -20825.5898 -27210.0338 31
28601.3816 -30793.8184 -11623.1530 -31036.8676 6639.4186 18414.0731 11318.1430 -34190.0442 -9381.1537 -8578.5046 25306.3784 4764.1930 12138.3483 -10453.6605 -20612.6621 5
27729.5002 30564.3543 -15654.1187 7138.2642 -29451.1161 40.7591 -26947.5864 25946.5677 30084.8500 16722.6336 -34745.4782 -10973.2314 -26815.2746 -1676.4154 -15956.5034 38
-9809.4645 17733.9828 8973.3348 22756.7735 37571.1925 24689.4326 -22241.9629 -32408.1581 32547.4351 -16308.3593 28734.4854 7705.8958 9598.6821 -17971.8508 -39083.0399 26
38686.5949 -25137.2110 23741.8279 -35763.9540 -4444.0850 -24304.0579 -34869.3953 1398.4287 411.6711 18537.4256 -6361.6371 24867.9948 22552.5242 -18440.9943 6008.7286 29
-12200.2956 -514.6120 -29388.2776 22266.3688 -22496.3484 22278.0731 32878.1171 -27830.6064 -20839.7369 14876.5955 -36195.8990 160.2017 -2919.6916 -24844.7418 11478.1613 29
36344.9695 -35141.4217 -16404.7361 -30157.8152 8959.0902 20559.3448 5104.8030 -36844.8721 -6902.3573 -874.4583 26049.8692 -6969.9884 9917.2722 -6936.1207 -8819.4764 46
-12241.3876 360.6152 -35672.7870 16908.6096 -25175.4429 21343.6372 29089.9386 -42099.6142 -15566.3710 18135.8342 -31996.2325 -2954.1423 -8927.8658 -23577.0462 27265.3000 9
-10911.8418 -14020.0601 -29797.3169 15956.3864 -18232.4918 20750.3988 30758.3623 -35978.5253 -20887.1664 7536.4508 -35808.5413 -11190.6767 444.8608 -25573.2674 19182.4392 2
-6279.8774 21351.0531 6071.5241 12896.9950 30905.9273 23688.5446 -20955.4279 -28163.5609 23173.0127 -21582.9998 22909.1007 12512.3656 14819.9305 -20977.4363 -25370.7688 48
37416.6956 -9058.5937 31347.7791 -33827.7330 -10071.9108 -14693.3130 -41838.9911 -5456.8164 -3329.7474 21848.2652 -9483.9492 39648.6729 18294.8055 -23960.1531 3822.1578 34
33106.6387 -17839.1998 23742.2766 -33113.4965 -8380.1535 -19589.9922 -34342.1405 -7225.9108 -3974.9741 15141.3038 -6460.9689 28614.4074 31334.7339 -15357.9315 6263.4271 31
-9374.3240 23888.8878 -129.6561 15270.1156 24215.0583 24149.6106 -18790.8708 -24277.1353 34011.0353 -26543.1676 25334.7181 5585.3041 17304.6913 -20848.5654 -23969.3231 12
29831.6121 29371.7412 -19376.0832 16894.1756 -24785.2382 865.4263 -27186.7564 24213.3320 22653.9900 27112.0588 -21624.3212 -6259.6649 -24016.8547 -9208.8000 -14545.7479 10
-37048.9838 22849.4164 31948.5351 1349.9731 -16993.2052 -24709.2661 22039.4234 8677.8449 31571.4281 -8708.5438 -6225.1534 -12882.0081 17155.2391 40817.4683 -15475.5046 22
-9759.2186 13580.0502 -5907.0318 13874.6279 32871.9857 23694.2532 -18775.6491 -34465.3808 29074.9625 -20215.2662 16792.4561 10534.0674 12814.9558 -16792.5529 -25326.3207 6
-20793.0619 20093.8787 43550.5187 -25674.9181 -12618.9557 368.1866 -32426.8423 40844.1111 -9295.1670 -19107.1906 -9678.6620 -30727.8323 9104.6196 23596.1308 -26985.4602 42
33494.0148 -32821.7208 -13639.6158 -34811.0025 496.4886 19794.3870 15493.8037 -42455.8261 -5887.9421 -14041.8490 28365.4754 -2831.9843 4984.2083 -2867.4233 -25338.1419 38
42096.7618 -18848.0568 30104.2763 -24110.0215 -16031.7540 -15724.9764 -37321.7765 8156.8688 -264.2603 22099.9093 -9525.9134 39042.2576 24222.9593 -23788.4926 12259.8953 44
1154.1538 -12295.5770 -30216.9457 -19395.6442 -32125.6258 -15922.1114 -7994.7236 34427.6563 -17824.9909 -8675.1206 12980.0147 -20554.9705 -15018.5058 -20387.0762 -2227.9487 10
-20756.9670 34123.1960 12080.4691 11462.6338 27145.7674 25249.4353 -21196.4022 -32473.1771 32579.0649 -23098.8698 22199.5118 15872.0207 11188.1374 -19816.1739 -21070.5940 41
31974.4088 31663.3348 -8270.4423 25751.3166 -23623.4202 5290.9530 -40471.3041 28359.6168 35074.5897 18112.8826 -36377.7850 -4455.5803 -21447.0212 -12092.0620 -17842.2047 16
26861.2413 26056.7898 -13058.1581 23455.8620 -21021.5078 2937.3980 -34561.8141 30718.7466 35335.1027 22128.7572 -28579.7636 -15326.4409 -28267.0153 -9356.2256 -25618.8827 19
42722.1149 -28816.8982 32167.1948 -24662.6189 -18347.5539 -17397.4544 -38237.9604 -7773.5973 -5926.2089 18121.8973 -10943.6487 29050.8583 24905.8636 -16838.0135 17681.5644 16
22439.3148 37358.6922 -16448.3491 12685.3369 -23696.4157 -5965.8281 -27222.1093 20141.2709 18551.1202 20324.8887 -38145.5782 -8493.6302 -22328.6243 -8219.8249 -20962.8116 10
-8396.4927 -236.8484 -38217.8676 20208.1501 -12054.2711 26218.2342 34227.8077 -24678.7092 -16261.8406 8712.0171 -35120.7846 6807.2646 -861.1681 -24245.9930 18622.4712 25
-10040.3384 24516.2126 10871.1630 13679.9327 31612.2416 28783.8311 -29768.8671 -31613.0290 28653.5055 -23554.4850 15959.5513 13987.4362 10704.1599 -14625.9061 -27188.9183 38
35582.2180 -27238.3622 -10044.9828 -34288.1339 2525.1988 27308.5230 13045.3752 -33908.9716 -7966.9651 -7927.0053 29695.3864 -4440.6752 4938.9053 -14551.8704 -25651.9040 16
34835.6722 -18999.2096 31838.4572 -21240.3879 -25587.2575 -24385.7749 -36075.3087 1619.4864 -5237.6137 33210.2794 -11589.2390 30962.7414 20840.3967 -23784.1384 12659.1469 37
-18135.1691 -12368.0749 -39115.5649 18479.1256 -18883.9500 29409.3799 37715.3882 -42800.7936 -18883.0926 19307.7608 -28493.4865 -11751.3553 4984.3417 -31868.1771 15214.3194 27
29717.6830 -37158.9059 -16105.4438 -23748.0588 3298.7550 16274.8688 12363.3179 -34036.2503 -16309.8657 -8744.6572 30079.5947 773.7409 12132.6064 -9766.1556 -24147.9324 23
20871.5675 -40972.0203 -12396.0972 -32819.3458 -1509.9075 32468.8544 3436.5874 -29891.5963 -11461.3779 -12402.5511 29562.3270 2866.5007 10047.0861 -13451.5566 -18585.7073 27
11958.5867 -2463.3646 -37359.7289 -36000.7400 -19876.4212 -18848.8534 -18187.4420 27266.8728 -17071.1715 -580.1512 21872.7705 -23282.4107 -19685.9716 -18569.2117 3556.9977 17
1667.0133 -355.7190 -37415.5294 -24985.5121 -22748.1728 -24965.1243 -7304.4053 35929.8725 -15413.7586 -816.8070 14514.0354 -27200.7669 -12451.0552 -25148.0353 3575.9506 44
-8308.9728 20496.9950 9375.1147 12018.2378 28534.4804 26510.1132 -19005.9993 -15764.1369 19207.2949 -26822.6075 18264.3208 10571.2650 12194.2728 -18855.7498 -33298.3551 26
-7688.5807 12968.0322 2498.2021 17650.9683 25962.1053 31457.7209 -27809.8410 -30039.7780 29517.9242 -25028.4501 13549.8809 19841.7810 12035.6216 -13898.9852 -32900.0798 19
-16914.0958 7937.0781 39249.2380 -34503.1159 -14272.2731 2963.2847 -31747.8023 41099.9551 2092.6148 -15007.1848 -4948.2640 -27941.9193 -972.6033 29627.5494 -28586.6816 38
33779.4055 -28279.9846 -7283.4299 -27652.5995 -4822.9552 18759.5602 17919.3676 -29058.3522 -7499.1484 -7566.9941 27332.0909 -253.6588 2350.3506 -3117.2746 -17504.1549 36
-3283.5109 26628.2651 -1602.2666 13290.2787 33331.7734 32680.4012 -14774.9200 -22552.0152 29778.3794 -23800.1691 30243.4580 16340.2839 10711.1876 -22736.7368 -23623.6306 37
-33794.5223 30225.0573 32610.1830 -1902.5333 -9950.3653 -33129.7009 9482.2295 21717.3043 27422.2107 -378.9055 -1926.6799 -8820.8178 10133.1574 32693.1853 500.5276 20
29065.0815 30510.6707 -2420.8771 19714.6817 -14110.8937 616.9248 -26180.0701 23785.8603 34017.9792 26186.0039 -34933.6839 -7013.1822 -28764.0331 -676.7193 -15426.1232 22
-15269.9379 15567.4856 41888.2858 -28211.0284 -22252.7798 -459.5557 -33904.7409 46918.3887 -15961.8265 -23289.4080 -10978.6892 -36609.7879 671.6109 29813.5289 -30351.9937 2
-16214.3294 -5202.5422 -47227.8153 21715.1747 -16479.2906 18788.1471 25743.3909 -35368.0030 -21690.1263 20143.9258 -29902.6820 -2239.7460 2019.7392 -26235.5918 18527.4835 12
10450.4439 -14477.7398 -36106.6477 -31796.9333 -25972.1116 -10201.8013 -13408.6571 28233.4828 -6151.8779 353.1253 20039.3379 -21944.8264 -21846.6509 -15500.4218 12046.2007 33
2781.4691 -4596.3587 -30132.5521 -16932.2052 -21967.2980 -23919.3868 -24808.5369 29315.5066 -19577.5860 -4285.3037 20412.2498 -25694.1443 -25437.9409 -15373.5318 1530.7554 33
30341.5543 -31924.5318 -12902.4824 -27835.2026 8788.8864 16658.2566 347.7535 -29956.0976 -9508.1210 -2536.5445 22923.7799 5383.0978 19994.7683 -4520.4826 -23163.6993 30
-16162.1598 10120.8879 36782.3129 -35708.5217 -915.4136 7462.6062 -38194.7954 47512.9604 -2799.7321 -22965.3531 -9645.2339 -27529.2518 2121.4295 28650.6241 -24278.0730 29
-36810.8269 18469.8486 28091.4647 1717.7217 -15378.9954 -27022.4142 15143.6713 9879.9934 40695.6683 -10520.0890 -11024.9795 -4013.9781 2245.2035 34092.0910 -17605.2886 7
-33848.4909 21358.2448 44117.0561 2314.9878 -12974.9774 -19359.8066 23635.2709 19914.5844 29036.9973 -15328.4347 -13562.6717 -49.8033 4098.5260 25080.6934 -10019.7264 9
-15455.5904 -6599.1480 -26052.3323 15998.5419 -9725.5964 17891.4088 30935.0690 -30708.6424 -20097.4175 14711.5967 -35842.7338 -7910.6236 -5639.7487 -33776.0569 14722.8805 11
-11391.8351 758.8569 -36553.1423 20096.6087 -21528.8200 27250.7503 28593.3908 -32389.3138 -10703.0794 19405.6089 -27049.7872 2493.3458 -1616.7627 -25874.4869 17897.1400 20
5486.2845 -12683.0261 -42770.6909 -31850.5660 -24274.8888 -14224.5340 -13863.2379 29587.7560 -18570.4603 -9265.3094 5557.2827 -25044.1468 -14952.3745 -17453.4115 9567.2780 44
-4123.2435 -5170.1478 -39741.0699 -32864.9616 -20492.3190 -18167.8753 -15068.6561 34752.8988 -19529.2076 -8641.3455 22945.6751 -24066.0550 -21956.8985 -23171.2579 6217.1910 41
-13706.5010 21929.5449 38868.1650 -32370.7788 -12352.8105 1371.7030 -33274.4614 39974.3966 -7315.9741 -20377.8965 1944.8128 -24108.1478 -7666.1555 33923.2941 -31442.6927 39
30523.3500 -33593.4826 -5338.4955 -21489.0469 3116.8605 24840.2886 9803.0259 -29543.8327 -21831.0424 -10639.2863 26585.3439 -954.1860 14642.7054 -10714.2240 -15897.1812 17
29018.0429 28564.7913 -8754.7102 21891.9792 -17554.7564 8878.2869 -33427.2337 30423.6156 31801.0251 22993.8386 -29070.2807 -14882.9321 -24784.5260 -16210.5656 -18129.0357 38
-3914.7217 24864.8304 -6117.9483 13349.6655 26069.1320 19281.1868 -19885.7645 -29337.2515 21539.8895 -22307.3970 26095.3570 17455.5456 8899.8235 -12191.0672 -12555.2196 7
-12299.0093 12428.9010 35776.6387 -40935.9760 -14953.3783 -2765.0844 -24571.7943 36059.8310 -9163.3040 -26695.4384 -6341.5480 -29962.9187 -11853.1771 29170.5365 -26649.0327 19
35577.9618 -31200.0549 -10437.3358 -36696.3087 2891.5316 19019.0745 13360.7937 -29318.4133 -12932.9601 -5758.0743 16467.7047 5243.3095 2557.4106 -9291.4910 -25864.1367 17
24625.0921 28184.2449 -9753.6501 18537.9886 -24487.2389 4148.5687 -32614.3416 17732.9281 32890.8206 17951.9128 -28917.0489 -2814.5836 -27383.7617 -6852.0792 -19842.6509 44
38847.2399 27249.7815 -7254.1638 24347.4117 -17091.1380 3250.2984 -29947.0774 26800.6993 31620.0059 16502.6271 -28762.4836 -1990.3437 -12440.8930 -7947.5333 -18661.9017 24
-15407.1613 15277.0339 31543.6382 -27051.0538 -11277.1348 -765.8991 -28254.5182 43477.4094 -4715.0792 -18331.4075 -10033.1808 -17135.7579 -2390.1091 31450.0663 -27367.2730 46
-16674.7427 13293.2821 39565.3927 -30000.0325 -13884.0880 -3369.0892 -29520.4191 35034.1361 -4822.1496 -12784.6749 -10353.4951 -30499.5591 -2576.7558 31661.8342 -23288.6528 36
-13148.4325 11183.0714 36051.2783 -36143.8506 -9069.8694 6440.2889 -31440.1751 37606.7670 -794.1426 -15823.4033 -4057.3508 -36332.6387 707.6495 23399.1253 -30774.1578 32
-34062.5865 31159.2826 38486.7082 2459.2726 -13711.9923 -27555.7134 20388.9263 7004.8932 30887.8837 -8433.9790 -10600.3447 -6700.9466 11399.9755 34491.7370 -7907.0923 12
34654.2566 -32294.2847 -5221.3660 -33627.0771 2020.9791 22272.6022 9094.4573 -27714.3026 816.2442 -7484.0197 25289.4813 -2068.7754 20707.0117 -8693.3022 -17462.6779 45
-17341.3583 -1135.9140 -36370.5707 22360.1194 -15408.7029 20069.9504 37922.4694 -33230.1536 -21760.4746 6330.1802 -37518.6108 -5476.3482 -2326.5728 -23854.9826 4902.7491 11
36563.2246 -34511.3798 -15939.7275 -33964.5660 2642.8820 26368.8239 16127.4016 -29342.7025 -10012.2314 -126.6802 27973.3834 -2389.8715 8285.7196 -6184.9018 -25446.8998 2
27939.9212 33523.4391 -2942.6755 22013.1977 -20308.1383 11661.4667 -32357.2844 34981.4183 26489.5235 24561.8538 -34597.6056 -18076.1156 -20556.1305 -8720.1461 -20192.6779 3
21649.5245 29531.7573 -6658.7466 25847.6199 -30085.6544 2842.9523 -28747.7614 22752.2840 31105.7073 23842.9891 -32377.8729 -6073.4751 -24793.1937 -9816.3123 -14354.4790 29
34696.4469 -20572.3392 24882.7068 -22138.0800 -8849.2609 -18081.2276 -32024.5827 2230.8857 -8324.3219 19048.6378 -6812.1620 33482.7010 15465.9513 -20322.5972 8970.9706 44
-11137.0405 12953.0307 49081.7766 -31441.5914 -10851.2917 554.2231 -28975.7848 30509.9155 -3008.1857 -14371.0585 -6142.7938 -29598.3566 -861.0315 32187.8390 -28202.1221 6
5158.4713 -13797.1215 -37113.2691 -31204.5089 -24771.1132 -19801.3864 -16692.8750 29267.8300 -4997.9369 -15049.6863 20243.4101 -23436.3664 -20792.5038 -12693.5048 374.3801 42
5742.8886 -8099.0459 -34368.6869 -31956.7187 -20350.5635 -26273.8904 -12453.4373 26556.8522 -18209.4692 -2632.7299 14987.6737 -16716.0535 -22049.6452 -18488.8966 4491.2682 16
32841.2115 36138.5347 -9012.8023 23138.8785 -23924.6391 3530.6931 -33084.5900 21815.9759 32092.8743 15267.2604 -31248.7202 1140.7012 -27321.2956 -19909.9679 -19197.1749 2
27973.9437 24487.5943 -5120.1886 27426.5518 -29947.4616 16777.5942 -38762.9680 16520.3530 32603.2201 14714.8382 -32289.3835 -16092.6909 -23923.7257 8169.9771 -15760.5820 31
36602.9256 -16675.0645 25342.0165 -19726.3047 -18890.4831 -10816.1408 -38153.7401 -2386.2045 -3138.5480 22981.9647 -2981.8732 32697.3348 19777.7113 -28119.5512 17875.8022 44
-10533.8616 28713.0977 4258.1146 22995.9510 30173.3622 34702.4924 -15381.1713 -22773.0498 33494.2537 -23123.9904 20100.8233 17518.6280 10794.4954 -15287.3151 -25726.9782 49
-12645.5665 -1057.7565 -32301.6344 21162.2965 -17565.6414 25353.2084 23948.4186 -37387.2247 -31098.8685 14830.3788 -30837.6469 -3934.3669 -7526.6127 -20645.3924 25205.1498 37
25425.3130 34154.6296 -10962.4528 21723.5473 -18058.8085 9742.8154 -31279.2343 24680.7802 17607.1747 22085.8882 -38762.2108 -10046.3762 -10384.3502 -16718.8334 -11991.3367 30
30665.2602 27387.4670 -10723.3550 22817.0327 -24830.5717 2683.9128 -29470.8926 26293.8192 30478.2569 25290.8901 -28145.0930 -6555.5998 -32553.3731 -5299.3678 -13809.6759 6
33070.8953 36693.2693 -11665.6305 16397.5283 -34316.9878 4590.4878 -29748.7046 25215.1656 30959.1240 19010.2996 -34728.6938 -3296.5934 -29731.5188 522.2693 -12274.6090 31
-13365.2068 -7119.8094 -44557.1676 18635.4916 -18614.3198 27323.2128 31621.2715 -36255.7595 -21197.4287 17758.2782 -25562.1610 -8068.6374 -11798.8386 -30195.5837 10822.9196 1
-18255.4724 26672.7665 9527.9530 7775.5922 32542.4088 25109.0777 -19760.0234 -29005.3389 27954.1191 -24638.6111 24901.9722 11883.2358 20670.1627 -19497.3733 -31245.9991 25
-5003.5934 19438.2006 44722.4481 -40359.8515 -15153.3154 1341.9194 -26617.8848 38098.4115 -1061.7170 -16738.7185 -2635.5076 -29379.2336 7767.1300 31527.5953 -27330.3500 28
24150.1820 -19931.1334 29540.2279 -26898.1921 -28814.3335 -14026.1125 -34051.3011 -10036.9495 3657.9912 17869.4506 -13915.0977 35614.7844 26413.0718 -22215.7569 10757.6897 12
-33035.2334 28518.2677 38023.3081 6224.6121 -7012.4380 -29468.2801 16254.8321 10320.2159 23985.9285 -7452.9041 -10718.7929 -6390.1638 13853.2492 26423.0440 -15007.6774 12
-9781.0208 -5832.4039 -35449.6466 33730.0259 -14798.4126 23222.5915 29512.0252 -40310.7401 -26045.8263 19672.5531 -26840.6268 197.2312 -1650.3402 -27613.1316 19492.3089 45
38678.7305 -37045.1102 -6598.3035 -27064.8380 6512.9267 32724.1187 12708.4950 -31518.7878 -15788.5344 -6722.8701 30722.4332 2743.7789 2597.5376 -10975.2917 -24528.5300 37
-14508.3260 20676.1323 45123.1251 -22973.1082 -7605.0772 4295.3636 -32963.0782 39076.4227 -7365.4313 -19680.5902 -4211.2291 -30174.1141 7787.7229 37540.8983 -33272.2016 42
813.0501 -7329.0093 -37190.9161 -26702.9523 -26945.2812 -30164.6931 -16535.4269 26009.8432 -22888.7554 -4393.4260 14760.4957 -30623.9510 -20622.1467 -16931.1088 715.8903 13
37224.4556 -18688.2077 36469.2339 -26314.9288 -10912.6059 -19889.1211 -33932.8660 -96.1353 -2968.0076 24011.6202 -9514.3486 34643.9389 23604.8790 -22838.2328 12986.9581 16
23604.5564 -32605.3993 -10368.8647 -25772.9093 2668.0721 17930.3888 18869.2682 -29333.9993 -16483.8532 -4195.2981 24568.1363 6161.8527 9283.4762 -10923.4537 -21638.3397 1
