10
500
-12442.1048 -16797.3542 -26719.5838 4330.7149 -15811.8083 -5645.7460 -17318.5586 21813.2785 -5148.2128 29016.8381 30
24627.6403 16341.5762 -22765.8371 24704.8813 -36194.0598 25323.6478 26142.5560 13636.1288 -8366.0024 17832.9242 31
-31496.5611 23848.1258 -17664.6180 31162.0046 20919.1186 -4428.7961 -31870.1957 -2140.7919 -5926.3079 47297.1784 48
-28566.1518 11081.5038 35389.7656 -23397.0950 -21031.1256 21198.3956 38263.2782 -40432.2837 -46314.4767 -26971.3930 10
-13306.4089 -14829.0173 -27016.1099 14210.6486 -24032.9067 -5753.7677 -27331.5055 10967.5150 -1457.0765 27332.8864 42
21349.9205 19586.7487 33005.2360 -8163.9513 34352.1746 -14100.1865 8162.5248 29638.3342 19162.6135 -16748.6143 19
27797.7404 22562.8454 19412.3697 -8907.7969 33981.0149 -16697.4727 6174.7767 18707.7498 29811.3549 -19341.5020 42
-34106.3560 32268.1591 43239.3387 -25723.4478 -16711.1631 21772.7499 35397.9632 -28019.5618 -42720.8741 -28780.6774 11
-11536.7203 -29717.2389 -27741.3089 9325.8614 -17553.3063 -1233.5520 -21891.0485 11913.1987 -5814.9318 34527.0795 10
18895.7403 17866.1561 -19887.8353 27426.2513 -39373.8556 20769.6197 26619.8216 14203.0307 -13606.4362 5836.1256 47
26569.1595 10140.7089 20417.6350 -35458.2204 -6706.9216 -14375.6657 -13984.9689 -38315.3572 22407.9453 -9530.6874 44
-30208.1129 20641.4086 -22304.9794 28272.6614 11807.4094 -9741.4307 -26007.7278 -14361.3601 -6939.8296 28926.1639 41
-18294.4698 18988.3452 -28275.5833 22280.7146 25355.0428 -5618.9537 -35838.3016 -1839.7134 -9626.0823 40874.5089 15
28688.5267 21486.5843 -25842.0883 32515.9080 -39623.3026 22079.0193 19863.0462 15061.9144 -14176.9249 15781.0124 31
-7411.3085 -38670.2173 -1520.0852 17596.3075 21196.5127 8462.8522 -27502.4386 -5806.0133 16942.9614 13750.3136 2
23963.9607 1653.8848 12742.1790 -28199.6350 -12101.4113 -28159.5292 -29018.4578 -42846.7742 29152.8293 -911.0182 31
10442.2677 29773.0638 14121.1967 21359.5038 -258.8885 -25504.6308 -21989.9256 -43346.5398 41517.3209 -38752.7351 48
28227.7675 21365.9437 -12070.2209 15674.7838 -39761.9520 26286.0567 18550.6865 18461.8516 -4266.3156 1459.4715 29
-30254.1647 31812.9406 43858.3698 -22059.6908 -17855.2183 10590.6836 30888.3526 -27433.4334 -38504.1562 -31356.2897 34
-24971.0216 27412.1295 40270.7857 -23858.0959 -18134.4061 21721.6951 31197.7449 -38352.2416 -31369.0512 -33350.3985 28
34225.4179 20047.4640 16358.6091 4778.9030 29671.4730 -16753.7603 12460.5235 24372.6198 15897.1539 -24036.9566 36
32027.7938 2033.4780 14825.9636 -34206.9585 -16398.9137 -15964.5095 -24070.0429 -44490.8503 25551.6614 -8177.7166 11
-28467.8553 22196.5562 -29996.0329 18956.0217 20032.1992 -5213.5725 -28024.7379 -5268.9942 -1176.1313 41383.7135 23
-26240.1785 24499.5253 45002.0928 -23667.0362 -13825.4779 8869.6315 43243.3056 -35828.4708 -32587.0717 -42564.5307 42
-32238.8788 19881.3795 38422.5712 -25638.5682 -29414.6487 18142.3557 29469.6734 -33584.2534 -40987.3958 -33506.0746 41
30448.7369 22772.1208 19953.5022 -1406.7788 33236.3158 -21084.8074 12747.6416 17115.3214 26000.3589 -18242.6001 32
-7912.3661 -18356.9443 -28034.1145 17078.2536 -19478.1598 2191.9791 -12237.5925 7623.7825 -257.4150 24083.7265 37
-32781.0857 24392.4511 36580.3613 -22374.2507 -12451.7575 16806.9042 35733.5832 -42349.7815 -38782.0442 -39805.5020 5
28071.4407 -3076.7369 21869.6487 -33668.7225 -4824.2160 -22452.7921 -27551.7484 -42893.3617 30990.6568 -8537.9658 5
22234.0536 24166.5543 -18029.9884 24873.5002 -37192.9636 24686.9548 24557.5084 13843.7656 -11519.2793 8686.9544 3
-30926.9918 30008.9590 31158.6690 -19405.7825 -26864.8379 14840.6024 41061.1805 -40030.8088 -44742.5546 -33715.8503 6
-25034.5141 29685.9401 40262.8000 -18987.5235 -14313.6953 17744.0492 37170.0835 -49057.0511 -34669.5529 -32150.7182 21
5964.1929 29593.1497 18965.9825 23839.8235 -953.3877 -25773.9401 -18844.7187 -32906.0880 35916.5640 -41599.7436 1
38028.5036 20513.0991 32660.6904 -4119.6977 37088.0690 -13421.6004 12493.4871 19340.2562 29274.6300 -15347.7646 8
-22881.2850 18326.2209 -16022.4745 27840.1014 394.6121 -7470.8176 -30331.0227 -7556.4425 -9698.2673 35170.6496 4
10398.5166 12019.2948 20560.4474 -32149.1878 -14309.4030 -17821.9208 -18463.4666 -39687.8726 25568.9012 -5979.7518 2
-2528.4516 24272.1067 2604.1424 24201.8369 10745.5802 -25598.6373 -17091.9018 -41576.3413 33084.4988 -41109.5637 33
-9661.3574 -23464.7799 -33174.9262 10324.6578 -24573.9548 -1793.6104 -24190.4088 4646.6267 -15103.0207 34353.0103 39
-2893.4434 -33268.3864 4226.3091 2162.9610 13548.2499 18438.7211 -24154.4720 -12984.0869 10176.9465 8044.8310 46
-2174.0185 28925.0113 1147.0708 18330.4613 -879.4655 -30221.8943 -21948.5072 -38855.2909 32664.6018 -35212.1917 30
34726.5428 13394.3366 22522.4873 -4776.3096 36320.2191 -15766.4396 14015.3576 18598.1516 25120.9484 -18011.3542 45
-2161.2746 -28983.5394 5030.2961 6504.4767 28357.0532 14205.4874 -19416.7308 -7234.9265 11644.4503 8298.6400 47
9014.5029 29352.2362 15837.4162 26132.8055 4225.0280 -27519.8003 -31015.8004 -29018.4898 38352.7534 -36128.4123 31
21710.3118 22653.6207 -26684.6327 20812.3831 -35312.8583 23395.1139 27515.8299 17511.7424 -15902.9156 11961.3034 24
28240.1886 25355.1935 -21022.5128 24660.2783 -27728.9730 31613.9775 19993.8088 10357.8752 -8377.6629 13896.4063 25
-24432.2809 24839.7286 34752.6866 -29198.3131 -17478.8567 18527.8339 39200.1452 -38661.1772 -33313.2214 -37350.7600 16
22899.1837 28749.5786 -19765.5200 24372.4522 -44928.0820 25052.1766 27412.3236 15164.8703 -1831.0334 11835.9658 23
-26696.9025 25353.9951 -37009.1744 38723.8379 16710.4229 -18638.3935 -35972.4032 -12194.4200 -6946.3435 35110.9669 48
3492.4234 22148.2922 15595.2338 23137.6398 1911.5202 -24417.4106 -28902.4187 -48816.7331 34644.4862 -35755.5705 36
22607.8799 13195.0950 17701.1322 -35672.1214 -17739.2318 -16986.8661 -26371.8626 -40639.3880 19488.1001 -14957.5149 48
-33667.0080 29092.3152 35133.3720 -27959.4299 -16758.8253 17614.5986 35516.7638 -34680.4835 -37233.6735 -39975.1478 33
7693.4711 25715.1035 16705.7732 25759.9259 7528.1531 -27718.5770 -20284.0052 -39734.2559 37720.3275 -29945.0100 38
-10474.9850 -18154.7556 -29121.7224 6177.6100 -21264.1323 2130.2019 -27837.9274 12931.4057 -3772.5181 32085.6287 22
34391.9907 9806.0674 28712.3486 3253.5087 27275.9890 -12813.9381 7486.5758 20883.9827 29710.3417 -12172.9334 20
-12974.6759 -20890.5246 -25039.1264 9979.4570 -17900.3814 -3983.0920 -13970.3914 10910.5184 5186.8039 33557.9424 43
38294.0607 20238.8422 23432.7201 -11983.0360 37466.2784 -19700.9661 -391.1604 25016.1176 23066.4397 -15388.1374 2
18506.6108 21861.2538 -13467.1320 25337.7200 -43179.8046 24975.8357 31670.2686 18006.2283 -12803.0539 8434.1125 32
-15623.4766 -33830.3770 954.2457 10635.3457 21544.5044 11488.1362 -24820.9218 -11923.4991 8636.0564 -895.6397 23
26457.7367 13016.8745 21463.8034 -1965.5029 46199.2926 -23255.7971 8769.8115 16233.9902 19940.3089 -19241.1582 18
-9798.6245 -34175.3201 1479.9110 1595.8103 19611.8491 17931.8518 -22559.7881 -7954.0846 14314.4505 9007.8570 47
20560.0858 16996.5920 -10458.9865 29101.8869 -35803.3080 22730.2835 25905.2726 12510.5987 -17532.2487 15396.8563 49
-22307.4720 25920.7372 -23829.8512 32947.0868 13399.8387 -11420.5766 -31545.4526 -8060.6074 -3841.8000 27103.1590 27
25567.1760 16730.0461 25058.7928 -37731.6580 -18495.2012 -13724.9895 -19444.4505 -35365.0543 27253.7497 -15036.9086 21
-2636.4907 -25125.8307 -32129.4249 11983.2553 -27916.0731 -2173.1671 -12398.2035 14273.5205 -5038.0887 36479.0947 13
18302.7126 34156.4967 -18072.5047 24764.4531 -31871.8502 18126.6975 29033.8252 19257.5986 -12632.0129 21347.3593 25
-14032.7709 -33845.0277 11475.8300 3258.1319 17978.5508 12352.7120 -24940.7426 -7065.6559 15910.6341 7208.5608 18
-27568.3661 23081.7019 33229.7145 -16023.7234 -25302.8090 18283.6769 31773.9325 -36542.0264 -40736.0704 -37247.3419 3
10416.0723 25454.1985 -245.5657 18155.4631 11971.4445 -25003.4697 -24022.2170 -33310.9047 33270.7893 -31837.6710 46
12498.1970 20398.9324 -23148.3410 26508.2774 -46001.0525 22249.2026 20524.1597 11692.3167 -10683.5899 17333.7808 2
-27488.6275 13365.1457 -26332.2616 24633.9061 14187.1350 -13224.9963 -23941.5461 -5271.7081 -8521.9217 40368.5130 28
33492.3801 21264.3426 19551.4213 -8374.1859 33871.0716 -16562.0757 11170.8944 18671.9962 20446.3562 -13532.9931 21
21074.6812 18937.7850 -4755.6596 25727.5101 -41510.0720 23485.9054 25471.3304 14277.9839 -15233.3934 15978.5329 38
-34972.3188 24986.2770 39014.2911 -23466.9771 -26834.7832 19557.0362 48920.4190 -29610.6267 -43648.6168 -30814.1681 39
13710.4961 8409.0335 19373.5702 -39393.3425 -12679.8289 -22065.9121 -27623.7798 -35817.4480 38262.3724 -10435.7394 16
19955.5044 16869.5608 -29319.2503 26679.4067 -43198.1331 26306.6717 28993.6731 5123.2723 -13053.0308 7078.8639 19
5792.4541 26945.7991 12604.0056 19096.4860 2338.9888 -33966.0777 -16187.9646 -42708.2814 37750.8267 -32077.3201 36
20300.2348 19922.0663 -19750.2910 24805.1943 -36692.8731 14229.7829 22174.7926 12970.0777 -9940.3927 11459.3198 49
-10153.7833 -31186.3981 -32460.0167 5722.0629 -26931.1310 -4577.4307 -13194.4439 22681.7405 5007.2232 26771.6494 33
-27330.4515 14818.2835 -29368.8502 30489.1530 19071.1299 -931.2837 -31951.8930 -8124.1753 -15734.0242 45306.9968 22
-14637.2557 -8106.3103 -22543.3329 19795.6737 -15995.5596 -8136.9176 -26090.9346 16221.5264 -11748.8280 31437.6381 22
29371.4637 30387.3803 23054.0940 -8629.5112 35462.7167 -16690.4571 11774.1294 20021.3477 26602.3721 -18619.9041 19
-6793.7308 -39694.7348 108.9179 8751.0156 27591.3789 9438.8040 -18780.3799 -7796.4732 10057.8923 5921.2372 48
-23739.5236 -17599.8731 -23349.9468 19588.2223 -22264.6197 -5504.9538 -19411.6485 25727.0648 -1485.9151 19464.0013 20
-23553.6645 30977.9774 31842.5812 -15632.9759 -18431.2018 14190.2491 37335.5596 -32703.7374 -34588.9173 -33932.2498 39
-37503.6691 26557.9119 34847.8682 -29139.1434 -22998.2953 19038.9430 43152.1362 -39914.0552 -42331.3574 -34670.4976 48
-10147.4711 -34219.2979 9839.8108 8526.1125 17032.5660 14855.3391 -18188.3599 -9352.9424 16156.8056 12215.8118 8
1395.8880 36237.4212 5793.8472 24567.1988 2914.7958 -29677.5459 -36654.3508 -49173.8464 28177.0720 -33043.0965 13
-28809.6003 19548.4257 -24053.6032 28846.4948 19844.2221 -7371.0300 -38307.8155 -12850.7941 -4217.9317 36698.9920 13
-7070.1695 -24959.8582 -30905.8078 13138.9773 -19160.2188 -1610.4753 -15882.7201 20377.3038 -5285.2485 40045.7648 39
22197.5399 7517.5170 21370.5735 -37332.0409 -16502.1131 -23973.4218 -23811.3509 -49192.9893 26822.1155 -14319.4533 11
21478.9434 22856.0826 -14303.6301 35193.8205 -44663.8798 30469.6595 27825.2028 14442.3376 -10832.9945 11969.5859 35
-34075.0273 23210.6331 34509.3051 -21969.5822 -21428.0706 16847.2121 29299.4302 -32216.1179 -37200.6064 -38608.9976 6
22117.3633 3990.3195 13955.0395 -37269.4100 -15606.9500 -20993.6774 -17891.1739 -46068.5210 20845.9101 -14654.6678 38
-33882.1664 33410.2201 22725.5936 -24957.2252 -16396.4407 20679.4977 38152.6980 -42262.7151 -39543.4081 -36901.5471 9
26837.9551 16853.9219 -26247.0305 33565.6023 -37915.4530 19546.9338 30693.2486 16360.8051 -11969.3647 9675.0625 5
11472.2190 27070.8445 16215.0612 17671.4770 122.5091 -18015.2186 -25064.5699 -40881.8920 25037.9735 -49817.5520 43
24818.4321 29474.1435 -20223.7443 27516.9059 -46495.0552 19441.3979 25191.3192 16058.3425 -16793.9984 17927.1868 4
22971.5238 9564.3667 -21565.4247 27569.7536 -33346.8786 26014.5202 26575.7533 27836.6044 -15809.2198 5614.4430 5
6724.6056 -27583.5575 -27145.6538 23063.2107 -28706.3019 -5342.5912 -12726.7854 15543.4243 7944.2891 25883.6950 12
-28876.8991 18877.4998 45463.4429 -15189.4742 -16674.8035 12644.0521 37074.6876 -37899.5192 -40495.1054 -34655.7900 22
1849.4936 35980.1767 8093.1530 19708.0211 -7873.5891 -20744.1684 -22038.1101 -38965.5301 27488.8122 -44783.6252 14
-39686.1572 20655.9844 -14997.5940 31379.1532 2792.9084 -6013.5869 -38369.1713 -6766.1800 4544.4657 37212.0069 3
29877.0390 11298.2457 11559.8457 -32788.6656 -9233.2184 -30551.7691 -21916.2041 -41264.9459 26139.4231 -6486.2661 3
22166.5362 20156.8345 -17075.7880 26688.7314 -46893.7845 23419.4898 25872.2523 14198.5265 -7916.1757 13640.4447 33
-17543.9613 -38838.1898 5783.9599 10680.5720 15839.8802 27817.1890 -19172.9100 -12530.7555 10049.1668 5999.6517 6
-901.1557 27866.9012 7723.2318 13920.8440 -2442.4775 -24875.4270 -25081.2487 -45475.7941 31325.1541 -39094.0416 34
-743.7806 -37653.1050 3206.4782 4397.8034 23868.0347 26811.1859 -20334.7102 -19033.2992 10595.8463 5997.6377 49
-18498.4425 -36390.6781 2045.9706 5987.3056 19098.9401 20089.6593 -22675.6698 -22519.3193 4064.4180 -1488.2968 28
-13082.4317 -7034.6318 -20427.4906 18542.9379 -28386.7347 491.1414 -17783.0570 23377.3570 -2746.5797 28500.3203 1
-23721.5695 -37599.6357 3274.3854 6604.5024 20104.6212 3439.8332 -22368.5636 -19295.6187 17807.0439 551.7061 20
23211.5809 12661.9270 24812.8392 -37207.0701 -14184.1597 -20671.5200 -11867.8813 -49166.8582 20647.2567 -10585.7687 13
21341.6560 6329.2906 27187.8642 -45603.0767 -21974.3013 -9329.3629 -26207.7451 -32422.3709 23594.1950 -9904.9405 45
30329.4105 22067.2399 27893.0359 -4012.4290 30226.7328 -21687.9453 9304.1362 24352.7835 27535.9902 -12964.5679 2
19089.9997 27036.6937 -18996.4449 27308.8243 -39034.0647 23097.0323 31883.0234 16178.4470 -8104.2966 9336.7301 31
-23503.0870 32058.5106 -21342.7923 25539.4766 17063.8937 -7356.6042 -32458.0440 -6876.1759 -3209.6958 53959.7266 47
19356.4663 20329.5279 -20622.9830 27430.2095 -29736.4101 24689.3695 15110.8942 11445.1638 -12127.6138 10557.5614 17
-10500.8337 -11790.0509 -21744.3531 16882.4714 -22011.1926 6142.6676 -20423.6856 23257.3173 4103.2712 25694.8397 39
5501.1008 36722.8009 17304.3958 20098.8570 4614.0016 -19114.9358 -23896.7713 -31770.4371 33755.8281 -45455.5503 24
-13995.7114 -41077.8624 -663.4832 10628.5986 12383.9178 17935.6778 -9376.0120 -8089.6287 12474.1542 16137.2743 25
-9949.1900 34510.7688 4616.3950 10948.6392 4241.0418 -27279.8659 -22681.1430 -38740.2496 38710.7387 -39982.7310 45
15892.3483 20186.7991 -17387.3482 25607.7965 -38116.0728 18078.8368 27615.6542 19968.6573 -18422.9659 4384.5234 47
-19655.1334 30195.3227 31499.2433 -25455.8775 -16361.6388 24110.7825 45922.5249 -35539.3235 -36251.4087 -30883.7973 16
-28340.8067 28802.7222 27605.8454 -22601.9363 -16891.9376 18176.6571 41977.4188 -43241.7974 -39367.9060 -47263.5735 7
-36667.0094 25068.7690 38636.4366 -22832.0089 -26707.2561 18103.8049 37916.5675 -33912.9864 -39204.9297 -27703.3557 27
-10305.1057 -19762.3785 -22061.0333 5323.8712 -23381.8679 -11827.9539 -14585.9530 10719.9215 -5176.8593 27053.3774 7
33270.3591 12892.0205 24789.8327 -10594.7849 31961.6886 -13602.2379 11524.1923 23985.6605 18090.5815 -14639.2475 37
-30859.4686 27733.2474 30105.5539 -24362.2147 -12266.4241 18419.0704 37230.6259 -41262.1015 -35671.6452 -41163.7791 2
-28078.5161 21414.7931 -28917.3040 21887.0983 12913.8259 -3701.6620 -31684.2987 -21266.0587 -6257.7124 34752.2216 24
-1429.5225 27847.4822 8364.3666 21495.6844 3213.3736 -20934.0897 -28166.2603 -42272.4255 32276.9397 -28379.4362 38
-30798.5891 19157.5624 -15852.9823 24984.2287 5805.7831 -11904.8039 -32637.9358 -7632.0720 -3617.3635 37617.3318 13
-12681.1225 -15556.6520 -36083.0614 10277.2189 -25952.3592 5601.4420 -18735.9874 18219.4649 -3587.3269 34498.5772 24
-10924.9690 -44015.9711 -87.8267 12958.2863 23813.5346 15918.9428 -32874.0547 -16219.7653 12364.4904 2901.3577 24
-27397.0634 23267.4317 35169.8364 -27488.8966 -15331.4382 19947.4031 42514.4824 -29406.7201 -38168.6793 -36271.3864 19
-10636.9952 -15077.1026 -22324.0707 18369.5928 -36684.5372 -2346.7150 -21330.3219 19598.8417 -1419.7250 26491.6467 25
-12715.7321 -45451.9359 5472.1655 12479.4073 18222.7279 9478.3679 -23549.0754 -20443.5828 19107.7872 16983.5208 10
-30695.0812 24272.6082 -29114.8826 20000.9387 14555.4045 -7894.9292 -37706.0187 2571.0890 3554.8095 40507.2904 49
26619.0249 12011.7624 20631.8699 -39526.5130 -21094.6554 -16906.1204 -26180.5812 -52008.7092 26515.1925 -12074.9816 49
-24417.0165 20765.8608 -24829.3443 22094.4323 11779.7300 -11175.9548 -25651.2769 -15355.1221 -5364.2380 35525.1733 46
27755.0237 20473.0456 27116.4791 -5303.5995 26732.9333 -20922.2200 7712.6515 31353.6721 31811.1444 -10443.4499 29
-5051.0606 -32582.0138 -22837.6511 6892.6357 -24333.1362 -10166.1171 -21220.8338 16862.4295 -4200.3583 35200.5314 6
18410.7974 11734.4987 19757.0237 -31901.5508 -15934.2591 -20740.6849 -13221.5896 -32845.3563 26369.3443 -11097.5402 7
-29844.8480 28027.8775 34724.4984 -19516.7312 -16794.2973 18521.5359 41565.0604 -35475.2365 -38954.8774 -40184.4076 20
-7389.7943 -42867.3209 4101.5403 1473.7511 20972.1642 13181.4795 -12497.8650 -12941.9515 14368.2499 18242.3143 20
-30188.2473 8839.5286 -21488.7453 23345.6706 13769.8981 -8064.1184 -33192.5556 -13510.0534 -11270.0794 30002.7064 9
28549.2777 20710.8861 -17753.2584 26715.7781 -34685.6325 16408.3200 26904.4036 9254.5280 -17201.6538 3965.2312 26
23647.0588 31064.9480 -20893.5570 33704.1869 -37999.9531 17924.8480 27700.5815 14329.7503 -2678.1691 14055.3521 43
-29501.2007 22214.7455 -20240.3781 35169.2589 20627.2427 -9153.3956 -30974.6059 -5984.7948 -2906.3643 39035.3824 7
-9521.1822 -9351.2169 -28412.5235 8985.5513 -24882.2356 -4596.8096 -10724.8885 24153.4331 -5154.2613 29128.5816 38
-31436.4937 17738.0141 41182.8960 -19615.2815 -18992.8761 14786.3335 41091.2891 -41413.6243 -31253.7323 -37389.1514 30
16647.3066 10756.4629 25501.0737 -29677.8531 -17077.8460 -15057.0385 -17269.9713 -41427.9678 17586.2004 -23422.8528 9
26517.1961 17246.6205 18313.1536 -3585.2191 27283.6159 -17099.4115 6998.4132 27044.9548 28412.8402 -13989.7087 20
-6948.0548 44514.4519 9534.2233 16609.4640 -2494.2160 -28501.9347 -12491.6893 -34382.3239 32807.3495 -36679.0982 17
22930.9044 4261.9536 15153.2632 -38196.4601 -18096.3845 -25622.4618 -27036.1206 -49383.8775 20121.6780 -13217.4251 49
-30610.5559 28838.2351 41435.4671 -17733.3978 -9779.8419 20498.5482 35520.8342 -26863.5857 -41596.4703 -30948.7799 28
33966.7109 20342.6388 16302.6351 -507.5440 32660.0996 -21854.2297 13631.6112 24208.8264 29060.5577 -13920.5361 12
-27165.7761 25759.7162 -18281.7429 26742.8286 14514.4882 -13777.0087 -31198.6780 -11861.8178 -1861.2458 34686.9228 1
-7243.0139 -19827.5680 -29664.4770 7153.7150 -32460.5948 3369.2992 -23110.0181 21300.7470 2163.3481 26718.0125 37
-3530.0153 -39745.5337 252.9793 7994.1957 18891.4363 8398.4014 -22122.4240 -12626.4503 14133.4710 18684.1153 48
21612.5099 28595.1586 24047.0092 -9809.3355 27600.4331 -16021.7728 7895.6299 31415.8673 33450.0978 -24831.9979 25
-26265.3123 27198.8429 30843.1916 -23038.5836 -24775.1595 24507.5095 35786.2562 -34859.6035 -30512.8554 -22745.5399 8
6083.2618 26383.8506 9256.1399 19388.3378 11290.7736 -22311.7700 -26142.1742 -48787.6160 33781.9808 -34892.8051 24
-9561.4546 26565.6750 13455.2311 18162.2739 2433.0109 -26432.9994 -21948.5446 -38063.2211 35439.5139 -39384.2103 6
-15779.0606 -23161.7333 -39907.8651 4639.3734 -21193.9417 -15099.5081 -24780.9149 17200.0358 10141.0140 34401.2234 41
-11666.6534 -16945.9767 -23958.4448 12778.7392 -20059.3800 -9756.8193 -17568.2162 12196.7004 1986.1174 21998.9287 27
-27018.7247 19337.4916 -26065.7726 24929.5615 17651.0143 -15640.7316 -31222.0841 -7367.3398 2182.3421 40801.2252 2
-27383.1662 12265.0461 -25493.7897 28098.5079 10445.4086 -7048.4123 -36969.2185 -9719.9256 1048.2150 43402.4598 10
-16737.4667 -23602.0261 -23306.4076 17314.7398 -27304.4785 -6515.6837 -20689.3129 22407.3125 -5086.3370 29999.9820 24
-10769.1342 -35501.7190 1428.5256 5380.5733 25411.2246 11214.9849 -16412.3515 -7191.6656 19678.9493 2453.1484 19
23863.8839 27844.6072 -18304.5853 27435.9702 -35470.7302 23932.2994 24618.2603 7420.0705 -16416.4776 14894.7394 4
21306.6246 2432.8583 25970.2393 -37102.9173 -17797.8523 -22680.7365 -13494.3138 -39674.7987 21343.8523 -11449.3528 37
37410.4759 25519.2399 22414.2031 -5449.0579 29880.5131 -15727.0450 12399.8453 32276.7365 33901.5011 -15954.5686 14
-8628.2708 -17245.6052 -26270.0809 20553.8610 -21375.8878 6478.0103 -18783.6252 25778.6955 -4860.3335 34835.3103 28
-20615.3675 23770.4661 36809.5105 -14554.1260 -19074.8446 22521.4001 32861.5058 -30301.4701 -36439.9228 -29616.1990 25
-17821.3270 -17827.3721 -23161.4328 6760.9810 -20657.7896 1670.7635 -21507.8398 21534.2247 -4952.9780 22883.5598 30
-1169.9760 24426.7085 19150.7562 20579.2089 2106.7564 -25787.3137 -24663.3313 -42490.5152 36587.6993 -36240.7295 31
15568.7600 16239.9322 -17681.5356 24197.3633 -29956.3779 12692.8520 21224.5099 6407.9973 -6471.4754 5532.0576 27
6010.7332 25510.9917 5329.7657 24050.3933 1279.6531 -29095.4296 -29968.6296 -44710.1610 33406.1931 -47107.9691 17
-7983.2220 -35460.8147 5879.6797 4016.4146 22154.7636 22698.3422 -15989.5163 -17448.6533 15080.0312 3465.3525 4
24853.2766 27401.5893 25776.1772 -3228.9960 32304.2177 -19121.3161 12857.5260 20214.7319 18495.7979 -18186.5462 15
27824.9612 10948.7997 21670.5601 -10321.2185 23109.1856 -12037.6952 15396.9624 21989.4662 27158.4153 -19053.2825 48
-14510.1932 -25676.5954 -20668.0729 8345.1463 -21225.2407 -3040.4955 -18877.7951 7873.7735 910.7952 35731.9918 4
-31726.1053 30375.1216 35776.8772 -26509.6351 -18907.1357 15842.8132 35556.7103 -44427.3910 -43115.8201 -27853.7661 16
645.4569 26269.5189 4147.6465 7936.0357 12526.5616 -21359.2064 -22812.4173 -38064.0015 37699.9514 -31973.2093 3
4515.3491 30741.7570 10978.7381 22140.2016 10119.7823 -25451.5100 -26574.1995 -44284.3412 28491.6191 -39205.7284 3
22529.9883 9617.6701 15802.9607 -37327.2405 -18968.8108 -16582.5114 -26345.9028 -32335.7608 24126.8408 -10830.1865 9
-4380.8467 -36541.2043 6381.6998 15759.2695 21215.9594 17135.8849 -19493.6923 -24429.3252 10246.5820 2340.7566 46
-6422.4821 -17581.3712 -18838.2407 9013.7116 -19869.8040 -11485.6508 -16526.0297 27786.7453 -1025.3272 30415.6410 44
-29661.2683 32478.8784 -22872.3135 31661.0160 18664.5021 -13303.2865 -35363.9543 -10952.6664 -3898.7706 35257.2241 37
-9680.3484 -23887.2092 -25185.7239 11023.3130 -26576.5955 310.9796 -21728.7295 10721.8495 -22.2044 25181.7538 13
32068.9975 25309.0571 -21213.1068 20861.3204 -40470.1840 20226.7847 27331.8092 16663.0671 -13404.8668 11335.8501 7
-30393.5170 37713.3842 33045.1292 -20860.8820 -18426.2114 15211.1050 39253.7568 -35720.6727 -42021.0025 -35381.4440 14
-13285.6650 -48314.6290 9627.9439 6537.7790 32468.1086 8585.0326 -21647.7273 -15503.2068 7385.7142 7110.3371 44
43389.3390 29723.5567 24404.0103 -4982.6534 30312.2666 -25041.4740 10337.7595 23772.2667 24649.0781 -18834.9047 16
-27885.1516 28572.5932 -34666.0163 32375.2406 15936.9050 -16778.7280 -34059.6873 -18714.7729 -9410.3200 37056.7111 5
16663.4811 19614.9135 -14370.6931 20779.1056 -41820.9027 13070.7495 19370.3573 16742.7197 -8998.7606 18516.8267 39
29826.3690 20108.1174 -25315.5076 28844.9551 -25690.2254 17778.9598 18238.3215 12656.3642 -10755.3455 12164.9891 19
15255.9095 29537.8276 11554.1916 16255.9698 6278.6268 -24203.4821 -21357.0204 -34403.1838 26851.7135 -35493.6599 44
-32356.6631 27630.3447 36432.9545 -19121.9298 -15061.7613 21209.3613 34020.0203 -46258.7440 -39830.3732 -37926.0952 3
-16619.8115 -47826.6832 6175.9760 1796.3699 18444.8245 13546.3078 -29979.1202 -9708.3344 16579.7596 9980.5913 22
22968.7327 14157.7560 20664.2114 -7424.5518 26689.0914 -23347.0914 9845.2179 28405.3670 25794.0901 -11996.1358 42
-6928.6762 -15558.1208 -20244.1004 7916.7683 -25168.3571 -778.3807 -21649.3483 15171.7103 -6981.1250 29835.8224 27
-24000.6761 19140.5102 31393.3211 -31707.9963 -14791.5434 17702.6719 47987.0456 -35678.6322 -40107.0634 -31960.4188 20
-9576.3345 -28190.7428 -27945.2671 5640.3868 -27639.1431 8567.1846 -19931.6874 19894.0841 -5866.5394 35018.1268 36
-32482.7642 18251.9708 -28682.9266 25531.5653 13859.7243 -6379.9040 -27012.8603 -17532.4381 -2785.0109 36536.5064 18
-7343.2205 -32436.2427 1990.3624 3069.8263 20822.9407 17011.8494 -23885.1221 -7483.2456 18814.7593 14840.8839 47
-23419.9789 10961.7615 -29667.3021 24683.5039 16470.1187 -3896.9261 -28699.3496 -9736.7169 -6898.6873 39990.5648 23
22983.2844 5665.0591 18487.1554 -39855.7836 -22245.7715 -15723.2694 -25726.6729 -26228.7385 19468.7535 -9084.4552 37
-8516.6580 -21255.4045 -28928.3572 7169.5649 -16708.1332 4179.4207 -19813.7387 12494.3591 207.4021 27276.7332 46
-33334.9168 13148.9560 -27576.4513 27126.4869 17148.5603 -14956.8139 -26104.5710 -5266.7996 -5913.8429 36830.7454 23
16031.0407 26649.4636 -22920.1490 23857.4584 -35389.4151 17214.1639 39038.5311 12944.3529 -17470.9324 11450.2382 28
-13593.9229 -31276.0669 8169.2949 10429.7514 26342.2648 19168.7000 -18958.0801 -20234.0351 3400.7920 5018.2813 35
24161.6436 14161.9762 -16262.1553 27437.7158 -44234.1995 21216.2698 23192.3773 25222.2210 -8715.5402 19638.8810 40
3132.1815 26680.5038 5127.4341 20097.7318 5093.9063 -13499.9773 -24977.6804 -43819.3743 41464.1335 -33282.0238 16
-10159.5042 -22472.8304 -29450.8948 5725.8982 -21314.9313 -3813.1955 -22335.1973 16753.5767 -8072.9151 24539.6073 47
-8237.9517 22117.6501 1270.9702 24439.6829 -2471.4397 -16497.0470 -27986.6994 -34971.2047 25191.8707 -42815.2462 29
25341.2545 13327.1166 -22669.8248 37131.0278 -46358.4843 29648.8246 30992.1397 18848.3078 -12044.0941 8768.1474 34
11272.4508 33808.3361 6909.5724 21742.7780 7806.9865 -23809.0079 -21942.7935 -45139.2451 33273.5608 -32443.7986 37
-780.6012 29316.4388 8668.8199 18167.7360 6138.9838 -21978.1416 -31304.6975 -35478.2759 36189.4593 -42120.7800 29
-8128.2778 -28876.9832 -29489.8448 16029.2374 -26982.7710 9200.9814 -12164.2857 16640.3591 -3831.8727 30402.0355 2
29663.5385 7799.3065 21477.9453 -38747.0042 -16644.2651 -16597.0804 -27059.1480 -38065.2268 32118.3610 -10431.4780 43
23336.8385 12906.8998 14534.7552 -37169.7599 -14183.2609 -13557.2189 -20308.9878 -35605.2595 23668.0920 -302.3397 39
6697.7710 16146.6202 5439.6890 23802.3298 -2766.9327 -23728.5569 -22596.9566 -38557.5447 39880.9785 -30370.1582 44
37221.9915 25164.2107 21677.9979 -10752.6477 29526.9225 -20782.6976 1314.6874 26641.6248 22142.8942 -17644.1538 20
36068.1373 21704.4868 28190.4290 -12229.5986 31808.8325 -12445.6636 3033.7706 28834.3910 16056.1316 -15673.3501 47
2113.6431 21244.9207 15452.6772 28604.8459 5478.6381 -32083.9586 -27114.4006 -43609.5802 29444.6602 -39191.2813 13
-17622.6288 -45297.0951 7888.7408 4537.0444 21286.5900 2928.0614 -21323.1047 -13834.1206 17418.6253 3350.2861 45
-12305.2630 -24277.4328 -24773.9598 18161.9947 -20281.3885 -4178.8405 -17245.3031 16930.2739 3396.9697 31799.3540 42
18758.7139 27739.8795 -18967.4844 29191.0859 -37033.2973 24082.2169 26109.1058 9570.7981 -11747.5336 14436.7254 3
19829.7850 16075.2371 25196.2883 -39295.5958 -18641.1444 -24453.0558 -25694.2360 -38508.6440 27957.6616 -7963.6558 34
9218.8623 27286.7339 1756.7940 26092.3350 8947.3006 -24270.6557 -21833.4846 -33109.0698 41079.4132 -29138.8751 14
18833.2935 6155.8740 20882.4378 -31437.9027 -12539.8638 -17476.8580 -28451.4203 -44576.6320 15548.0609 -12341.6614 26
25379.9893 12341.6904 24042.2734 -11010.7145 29192.2948 -8623.6460 11247.9041 19896.4463 28176.2001 -19903.8482 19
-34763.3590 18868.5269 -28020.0494 29870.5907 17780.8852 -12706.1465 -38770.3472 -1487.0944 803.2535 40997.7852 1
3616.0990 28147.9087 17816.9356 20515.4659 -2978.0878 -20466.3167 -24138.7447 -42084.9902 37700.1807 -35503.7240 20
1528.8445 -16517.0929 -19310.3404 7049.0159 -22276.3613 96.7172 -27619.6864 6794.5897 -4820.8104 29782.1155 25
-10926.6720 -28774.7096 -27377.8024 5432.5293 -23190.4796 -4180.1328 -12306.5120 18702.4608 -6305.9304 36061.9322 45
-17999.1652 -26767.8784 -6632.6287 13783.7239 21708.8029 15862.6898 -19013.2809 -19463.2243 19305.0272 -988.1824 17
-40578.8326 29434.2830 45546.9563 -12404.4104 -19747.1212 21375.6983 43443.8938 -45544.4280 -30895.5461 -34069.4491 20
-28442.1294 12946.8990 -28322.9784 23380.5228 19055.3875 311.3124 -29271.1052 -20503.7716 -3653.2381 36964.3304 41
7237.5567 22149.6684 19287.4710 15467.4656 -3062.2983 -23896.8436 -20874.3466 -36431.3155 37152.3390 -46362.7280 31
8672.9404 22754.1145 16591.4389 15377.3716 -8626.3920 -21427.7574 -19481.3701 -46756.6932 34141.5454 -31060.0376 5
-27865.2536 20721.5755 -17701.8215 20108.5430 11831.9988 -9440.5720 -30248.6289 -13545.0743 1285.8541 35406.9120 1
-28396.3190 22459.7185 -28084.2257 24254.5954 6639.9420 -10730.5439 -34290.5968 -3101.3769 -7740.8223 39190.0295 17
-23477.5266 19993.4916 -19528.6934 23643.5647 10049.7664 -3513.3592 -22704.5474 -15070.8819 -5016.3450 41944.9115 32
17759.7312 15197.5333 31583.3971 -35722.6271 -25807.0759 -13720.6705 -21326.1011 -37053.5190 23038.2168 -13445.1267 49
24348.2231 12189.9483 29182.3580 -38248.3109 -8556.3848 -18817.6868 -19138.2445 -36154.5959 19591.7978 -17624.3561 45
21455.3467 12606.5424 22886.4731 -35085.4375 -17960.4788 -26347.9629 -23432.0365 -38605.7695 30726.5921 -8760.5806 3
36763.7019 9566.2293 28806.3882 -38827.7574 -13645.9291 -7602.1655 -19226.5217 -44696.0881 16140.4438 -9521.4271 16
20960.3788 20867.5810 15486.1744 -7341.6298 28502.4823 -21412.2037 12901.5647 14974.1725 25831.3919 -6016.6667 4
-17682.9075 21361.4858 -29597.1685 22255.3295 26630.7045 -15154.1471 -22255.6156 -9034.1528 -7522.5224 35680.3784 46
-17814.5770 -33245.3801 4416.5222 4838.4758 12340.5899 16117.0724 -16557.2440 -10027.5778 19680.4796 9411.8342 15
2313.2015 34244.6200 12515.7500 17665.9436 38.8832 -29199.0799 -18169.9254 -35568.5214 46267.6420 -39989.6211 49
29745.8678 16201.9756 -19248.4798 24559.9934 -37414.3071 27199.0280 21587.7303 16134.3722 -16170.9788 4112.4629 25
-32528.4667 23194.3296 -22940.4726 34110.4336 10898.9238 -2431.5031 -34758.5096 -10603.6270 -4337.0472 30089.7936 44
-33196.2566 13689.2999 -26066.1223 23123.7284 13906.9417 -4741.3435 -29468.7888 -10600.2560 -8595.3856 40677.3508 19
-1900.6444 -22875.4284 -16880.4455 17329.4623 -19503.7365 -4092.1333 -19989.6036 21516.5573 -3469.1528 27967.8784 47
6437.0446 18682.9134 16984.5037 25099.8586 -7154.5813 -17859.3562 -19315.0709 -40838.1105 43369.4275 -31119.3683 4
36131.9227 15815.2665 16063.3902 3322.4194 31700.0134 -13860.0676 15186.6557 21610.4777 33888.0138 -13892.0475 40
-5308.2956 -32971.6276 2701.3062 5703.2590 22583.4164 13979.6153 -22097.1311 -5517.0557 9367.6290 10989.3449 3
24640.7793 9555.2087 20156.6970 -30937.4192 -13313.9278 -23940.1398 -13625.4888 -42107.6263 26579.0920 -8807.5566 4
20932.7391 25819.4281 -17987.9505 35727.4953 -26002.8511 16580.7586 31618.5748 16314.3692 -11636.3355 2188.6248 1
-8862.2063 -38628.3550 -1712.2980 -510.5408 19402.6465 11666.8585 -17606.6040 -14756.4174 5432.0413 8956.7527 33
22239.9091 23644.6968 -22713.8418 23777.9865 -39335.5719 25379.6759 20950.0916 12067.8001 -13179.1227 9796.6835 28
-35020.5672 17505.7398 -26097.2040 24421.3917 11240.4087 -11336.5477 -41296.0290 -13064.5771 -1325.5061 36775.2601 1
-35349.6345 26393.0116 31166.2902 -26246.0385 -18444.6154 9391.6778 35615.6493 -31488.5664 -31781.1414 -43083.9585 34
30709.4863 27196.9827 20503.3890 -11306.4083 36024.4039 -14589.2529 8590.6304 22896.9657 30538.4792 -24121.1581 16
38432.6559 11427.5191 25011.9823 -10625.8889 35669.2979 -19780.6680 7924.2787 24639.1414 23587.3462 -4617.5696 22
-9851.1540 -28761.4164 569.9603 13409.6690 15465.3631 20275.8627 -19456.6503 -7776.6159 10412.7694 4912.8575 44
-39228.7686 30081.9093 39152.2211 -36074.5001 -15632.6783 15922.2508 35762.3994 -43390.4847 -37892.9662 -37129.4721 24
-27539.3342 24739.3070 -31263.4855 20434.0443 14579.3604 -5118.2306 -31540.0013 -15095.9316 -11179.0400 32271.8591 29
-2745.7812 39626.9423 12683.6275 14811.9021 -3835.2080 -27149.7209 -29340.6434 -40475.8714 33159.1715 -44521.5540 19
27306.8865 19373.9430 -26152.1592 26093.6841 -31885.4516 24402.8408 30273.0242 19111.2160 -11127.8193 15297.3869 43
-8167.6185 -46444.8979 4378.3192 -1598.2938 15847.5329 12412.0383 -25222.5783 -8769.2711 16388.6050 -168.0114 15
-4694.6226 -45426.2405 -979.2741 8201.7054 20087.1344 12255.2141 -20919.7652 -18316.4568 15934.8053 7717.0105 29
19749.9918 17038.7896 31275.3439 -5115.9899 36179.3863 -14682.9947 9911.4931 27307.8382 32691.3960 -25950.0725 1
-24433.8646 14075.8387 -19172.3715 26796.1932 7049.2441 4207.6896 -19815.8773 -18670.5209 -8905.3584 35658.4818 40
-8176.8072 -41713.5665 1789.3783 1371.1575 21717.0550 16912.7644 -17030.0563 -8731.8934 9041.5730 -2670.3039 44
847.4545 26993.3935 14981.7563 17274.9122 9857.5078 -28844.8128 -28145.9652 -45666.0238 32473.7927 -26545.5288 6
-26590.2987 27627.0978 -22323.6761 28592.9039 10713.8768 -20028.5730 -37816.4937 -4037.5486 -7006.4671 28976.3055 12
4918.0430 27626.5519 16945.6091 18055.4542 1206.4040 -22686.5301 -33763.5350 -48210.4966 30781.8518 -38617.7760 34
28975.4575 26437.7809 -21922.9499 28937.6336 -38902.0775 28117.9624 31469.7987 17267.8684 -7536.7448 12595.8960 34
20197.4415 5651.9082 18927.4866 -33754.2219 -12791.9245 -24999.3816 -17952.7682 -43468.4183 24408.5523 -3988.3341 2
24567.7859 15915.4497 -22913.6612 22804.7282 -26981.7829 24493.4873 37382.1673 17321.3032 -6407.8000 1834.3616 3
-15721.3330 -30233.9074 -6682.2155 5753.8040 22274.0038 13505.1798 -29961.6798 -9760.2094 5918.8236 8823.4726 24
-20516.9392 20829.1029 -26716.1733 29586.6212 12739.3469 -9677.5884 -31584.2029 -9784.1633 -4544.0233 45630.4777 46
1754.8977 28221.6126 -273.6352 25166.1704 -10200.4870 -19495.2857 -23632.4737 -45702.1874 29477.8474 -39869.5563 25
15839.0660 -53.0124 19739.2230 -42650.7719 -20916.5029 -18674.4714 -18109.7760 -38481.5819 18222.5374 -10960.0604 26
-25546.0921 28599.3255 25844.9423 -24078.8253 -22326.8481 16262.9946 38013.9981 -38008.9198 -38188.8123 -33151.9691 31
-10331.1590 -22997.4985 -26415.8188 21282.2155 -30754.8435 -7322.8387 -16959.3932 10982.5207 -13062.5174 25992.8707 33
-19457.3978 -13482.9809 -31312.2498 10212.1504 -25163.1218 1806.0011 -18331.7330 22177.2234 1908.9347 21421.0804 25
26473.4269 3258.7796 16355.3119 -40022.2308 -13395.2860 -30107.7532 -23503.9690 -42849.2182 22187.4907 -12535.7169 36
19409.7042 7335.8355 26636.9102 -40876.1590 -10281.8375 -16996.0981 -21535.9308 -42986.7508 7097.5792 -8816.4887 43
24719.6379 17162.7228 16012.1950 -26965.9093 -16365.0782 -11731.4742 -17327.6328 -43296.0838 24387.4905 -10211.6672 17
-11786.3353 -46198.9301 -2440.6486 7767.8491 28024.0916 17407.1437 -16442.7170 -20248.5888 8635.3842 12961.4382 25
32810.2653 29163.4879 23468.6864 2154.7421 39470.0502 -16176.6528 11849.6975 32113.3800 31756.5351 -18962.1442 16
-2129.7479 22355.8170 22102.5342 10116.9060 101.4619 -27018.3623 -26256.9998 -37104.1333 35187.2699 -31717.1817 8
-880.3448 31957.8206 13920.1597 15709.0605 -3246.2903 -22388.6741 -27495.4895 -42722.9552 37595.7374 -33797.7565 7
-17301.8362 -38056.9200 2584.8115 7261.2872 20367.9918 15289.8389 -21218.2281 -10060.7324 10404.7346 8292.2646 45
-27106.1076 24512.6257 -23229.0758 23332.2864 11446.7333 -12127.7703 -34596.8620 -6627.4652 -6198.1852 29422.1356 34
2326.0821 34678.5679 20902.5200 21179.1714 5135.2315 -32240.8800 -33825.3430 -32210.6480 38550.4094 -35445.9343 29
927.3180 -34012.7099 3812.1250 7545.8822 16795.4542 17201.5734 -21873.8809 -12395.6155 21649.3949 1123.3834 49
11117.3336 25901.4966 6736.5172 17999.0259 1549.2484 -30843.6186 -27503.9106 -42890.6927 35340.9418 -29746.6344 36
4588.9479 29956.1798 13811.9388 22315.0989 10131.2554 -22334.7278 -28774.2023 -36699.4909 36622.0133 -37348.2177 9
19247.5062 8293.5157 18976.6900 -39491.0078 -17869.2287 -12958.0785 -23235.3933 -34596.3391 20204.8326 -13761.3656 31
19232.8235 15570.4711 -18990.5267 23125.0288 -41026.2632 25791.5290 29571.1263 19743.1582 -14199.3479 16115.1303 36
31047.5802 26927.2507 25794.3307 -15931.3051 35712.8830 -25338.5828 5183.0354 22700.2042 33110.3789 -20807.3259 3
27251.5840 24742.2109 28233.6434 -4981.5710 25993.7127 -17344.9780 17451.8440 28771.9925 26063.3439 -15272.8106 20
-5361.7701 -20389.5550 -30527.2676 1951.4087 -19449.5227 -11948.0905 -23208.6387 15530.0272 -1810.3795 32307.5380 46
-11557.1825 -20955.5789 -25793.1157 3457.6537 -27698.3984 -5698.2471 -17917.9491 23213.0751 2301.7980 28743.4468 43
-22086.2826 13840.1868 -25143.4357 28731.2956 12115.2498 -20972.4331 -28085.9928 -10307.0723 -11111.3768 38397.8877 1
-9219.8013 -33245.5187 3723.0612 -601.8171 23134.1222 21260.7632 -31733.8859 -19476.8057 9034.6827 5007.7793 26
-7246.5653 -46543.1063 4199.1227 1518.8516 28719.1730 5974.9310 -21711.6246 -10338.0146 10585.4558 5435.4552 18
26198.1746 22776.9110 16023.6686 -18946.7425 31815.1417 -14416.9880 3827.5134 23530.2978 23621.9013 -15937.6472 48
10809.1494 30788.5489 12776.0617 15549.8046 -400.6424 -27201.8826 -27233.3314 -37564.5232 42723.9928 -39471.8491 9
33136.5269 14913.5331 16744.6297 -125.6545 30655.4372 -19428.9026 8255.6369 22501.6580 21338.6439 -17417.6287 47
-40572.8100 26355.5107 32142.5632 -22027.4374 -22634.0770 24626.8797 45454.9651 -36515.0163 -35965.9532 -46482.7357 47
-21239.0241 32513.5961 38625.8166 -19509.6845 -11734.8481 22586.7278 35644.6444 -33342.3477 -41147.8510 -30549.5687 23
5919.1539 7921.7855 21099.5064 -39999.1772 -19063.1104 -21199.6973 -21614.0257 -47789.3859 21621.9227 -12713.3176 18
20981.0991 20071.6532 23658.2862 -9773.1159 39581.0256 -18585.8286 10558.8242 28354.4832 29256.1131 -19788.9272 10
28490.0894 14723.7902 -23217.3880 26391.6071 -44395.0054 27977.7571 22214.2488 15794.3626 -11049.2283 5704.0656 8
-948.0398 -32826.6316 -18738.8738 5726.1969 -25316.2286 1326.4894 -16846.2153 11796.0348 -1605.2649 32454.6446 19
36279.2849 18053.5790 18213.3416 -12526.2104 35454.4562 -25284.7931 15087.9125 23751.1048 30195.5764 -20535.2558 41
26560.8168 23254.7291 -22076.1125 16241.4258 -31597.2058 10377.7652 26742.4540 16360.7116 -11911.4238 12006.0420 22
-21828.5558 -34348.5398 -8446.8455 -3408.9668 16693.9124 21948.5788 -23287.0239 -16099.1694 18610.2414 9838.5742 45
-9860.7756 -19118.6571 -26913.0630 9312.7656 -20280.0257 -1465.2835 -31605.7552 14593.3713 -8297.4839 20578.7754 25
22454.2721 17574.3211 23079.8042 -14105.5170 28041.9390 -16710.3223 13048.1851 21433.8588 27963.2429 -14154.6800 39
-27671.3499 29749.8448 31225.9185 -22891.2060 -31266.6860 15681.8963 35768.9033 -33149.5648 -32828.0283 -38764.7724 5
-5248.9821 24963.2824 8271.4881 24830.2932 5674.0817 -27277.4878 -23073.8404 -43605.2905 30755.5503 -44881.1214 22
-26072.3615 20715.1409 28344.0023 -27860.7515 -12155.9301 14737.0937 39425.9550 -36275.4669 -31864.2967 -31145.4761 19
2782.5362 30677.2766 15886.6159 22443.8441 3203.1473 -22701.6532 -26353.4427 -42682.2010 34113.9987 -39731.4018 30
-8139.9565 -33555.2799 3907.1111 4648.1595 28826.5004 23204.8338 -7447.7375 -7035.2565 11194.9265 -3001.7137 34
30559.1061 28199.4798 22147.7295 -226.1378 28355.7307 -17943.8486 6366.8671 36121.7295 33291.5074 -16990.2943 7
-5036.3162 -36554.7100 1328.4869 4882.9087 16923.1616 14808.2568 -27441.1569 -4550.8006 12400.2470 10267.3375 43
36042.5094 13273.3472 24755.1316 -7779.2348 26733.7098 -18772.3088 -909.2432 23957.3246 20568.3448 -18951.6160 15
15491.5178 11544.9082 21921.5436 -39635.2583 -20401.6722 -20532.9051 -23378.7419 -39606.1738 20697.0863 -20579.8044 6
-34513.0459 21930.7163 -36912.1296 31440.4523 14909.5259 -2801.8355 -39522.8889 -6128.1546 -7519.1826 35678.5648 5
-34050.4009 28722.7503 -19880.4130 26628.1705 17379.6093 -5136.7927 -36275.9180 -6867.4348 -1357.2636 40030.2437 21
26524.2640 20900.9659 24242.7308 -9984.9056 34024.4047 -21337.9728 21884.0261 23992.7136 30979.1201 -19369.6591 18
362.1568 26069.8627 13685.8756 18163.4807 3922.0392 -21843.5521 -25135.1259 -45837.8244 41516.0814 -34086.4450 27
25542.9902 13849.7243 -11180.4113 24640.6778 -42923.0636 12696.1604 27723.7337 5083.8487 -12654.1856 15156.2389 18
21584.4757 13967.9221 28683.4259 -47015.7941 -17197.3594 -19489.7157 -15001.6177 -45185.9247 31855.9081 -11752.1220 24
-11355.7804 -37565.5169 750.3457 9251.6173 19541.3030 12862.1730 -23665.6914 -13320.2056 10275.8459 7523.9957 49
22820.5568 13440.4199 -27260.4561 28844.0299 -42387.3863 19373.2948 23939.8037 14730.3295 -15134.2250 5202.4159 27
12872.5406 19448.4883 -21903.7375 28454.7622 -41157.8232 22874.0517 28726.3392 24167.2939 -11667.5040 9690.5715 25
-7517.8192 -37774.2222 -132.9597 9965.4169 19767.7135 18165.2323 -16413.2438 -16594.4118 10381.4603 4438.7650 18
-18551.2383 -39550.7443 1850.4381 817.7864 16218.0361 3419.9163 -23844.3905 -16752.1695 16500.9134 9937.9661 44
-17505.9755 -40149.8690 4533.0898 3966.2673 23947.9573 15228.8789 -19555.0891 -3522.5514 15885.7069 13635.1180 28
-28250.5061 30266.8538 30240.6866 -20163.2090 -21499.4938 22295.4901 36156.1468 -43102.4849 -38441.0502 -45067.7143 22
-21137.0295 20485.7453 31685.8035 -11272.0080 -17022.0019 17979.6582 43541.0002 -26310.5303 -31658.4874 -28163.2857 45
21912.4106 11991.8411 20358.4433 -44326.3580 -18765.7098 -18265.7496 -15585.5420 -26595.5830 20814.3113 -4760.0306 2
-23746.7811 18722.0431 -30576.0700 19110.5988 10328.5730 -690.6246 -34422.2429 -14766.2556 -3527.8967 37701.9607 28
-16154.1623 -37266.0223 571.8226 989.2913 21064.0367 8193.4057 -20684.5713 -1680.1268 15892.4867 16547.2140 10
1958.3511 30312.9623 11696.7853 23170.7150 343.5254 -28173.0304 -26051.3516 -44703.1322 40268.2519 -39952.6902 12
35860.6509 12842.9055 20213.5588 -2145.9051 27522.5665 -17685.6034 12296.1896 28649.7309 26141.1093 -8372.1716 11
-28759.0520 23570.0885 43724.1236 -24688.9836 -17634.4482 15817.9542 34000.6141 -37098.1160 -37228.4758 -29241.3961 8
-16510.1804 -42910.7355 1215.7122 4236.2209 15100.6288 14560.0736 -17421.5276 -20445.9928 10028.1528 4439.3533 44
-26043.6732 28711.5922 25834.1981 -14144.1770 -22537.3458 20676.7851 39210.8138 -31689.1216 -33899.9544 -36359.9902 38
7010.3570 24149.4734 18435.0982 20532.1374 434.4688 -22870.6122 -26874.0294 -47792.3818 32144.7137 -38665.1525 19
-31558.4847 26588.3750 36280.8632 -21849.4210 -16297.5116 13917.3033 25475.4132 -41679.6106 -41424.4659 -31221.7653 8
28293.4510 5983.3501 29956.7162 -32373.0984 -17283.9975 -20136.4198 -11882.2840 -42203.9670 30325.1031 -14097.7253 38
-29365.4713 30352.8633 -25185.4837 24775.6594 9359.9880 -3393.4097 -30976.4615 -13961.6803 -11055.6578 46045.0483 6
15797.8224 7977.9468 28752.3801 -45449.9664 -15504.0518 -15009.0163 -21078.4124 -40576.3184 19825.2864 -11331.7734 27
21818.3177 11167.8698 30623.5457 -38771.3946 -19842.6880 -8302.6686 -12163.4666 -33716.9809 29278.4631 -884.4133 18
20055.8571 7186.9236 22056.7669 -38093.7367 -17294.8169 -13544.0246 -18562.2173 -31038.2133 34034.8742 -4577.0217 5
-16640.0312 -23253.8829 -25658.6592 16792.7848 -33013.5587 -4203.9415 -24688.0298 7410.4296 -8780.4967 41164.6778 14
36426.8254 22491.9574 24348.3322 -10862.4712 32680.3561 -16757.8066 11430.9203 32112.9957 29082.4499 -3243.9427 28
-12889.9972 -17219.9039 -29221.3918 12853.2595 -20443.9597 5336.7559 -21700.2785 6880.1778 -154.5360 31509.4326 38
21618.6979 24629.5994 -10726.6969 30814.3141 -36824.9037 15499.9552 20602.6129 10528.8042 -868.2124 8515.3403 20
-27415.5357 20090.0770 29625.7959 -24638.9012 -21736.5384 6798.0809 35035.2365 -31962.4336 -28265.3812 -31317.8042 24
-12225.0474 -24861.0909 -10158.1695 17134.3530 -19549.7439 1171.0384 -12691.3728 16543.3309 -1986.4438 28249.4341 12
-10244.5024 -24692.0280 -25837.6110 826.8682 -18586.1105 -7967.9841 -25439.9283 8440.8735 -9902.2583 22119.8434 46
24009.2157 23437.4286 14114.4849 3382.6578 31034.3296 -22057.6330 10072.1639 25261.2022 22926.1884 -13176.1444 22
20049.5222 15869.4182 -23341.4735 23940.8042 -42714.9961 9399.5270 21536.8213 18890.7452 -6110.0222 7767.8942 29
27250.9127 22729.2580 25673.0665 -3426.4091 23691.6890 -20128.3685 16201.3157 35191.4164 29769.5087 -18591.7362 21
-22279.8509 26808.5052 45398.0114 -26306.9773 -15719.3274 18949.7182 41852.9299 -37486.0231 -39531.1260 -28082.5482 20
25170.2764 9850.8600 19906.0348 -28147.5005 -16543.5665 -17647.2401 -22597.7590 -42980.1983 30719.5449 -12215.3082 20
-853.4835 29085.4420 21111.3195 13235.1119 5965.5550 -30733.6202 -27744.4781 -35634.5934 44294.8597 -29962.3602 28
32944.0501 23826.9692 21813.4686 -4358.9915 38777.6697 -21834.5730 12008.1547 25571.4980 22541.8319 -19501.8261 10
-17041.0237 19503.5208 -30981.1057 27064.5442 304.8276 -16387.0640 -36610.2906 -78.5313 -9360.3229 41886.3126 7
-2680.8906 -31448.3036 5433.6056 13767.8328 28551.1031 10673.6746 -14463.5233 -8459.1978 11094.9815 8660.7975 9
31601.7363 17131.8741 -25619.1175 24633.7685 -36358.1946 28629.9904 21383.5525 11725.8009 330.5254 13370.4485 44
22955.9036 21772.4812 19698.6344 -9633.6141 32316.5456 -15266.2227 12164.0369 21096.0603 25653.7969 -10219.9116 22
-2143.3294 30314.2897 14977.7341 23783.1067 3212.2813 -20083.6253 -28584.0847 -45886.2736 28826.9025 -45181.6127 4
26690.9856 24448.1175 -20108.1057 23746.4876 -37459.7396 18461.7356 29523.4882 18414.8225 -6789.2872 19226.0947 9
41744.1680 23846.4129 32546.1154 2187.9542 21566.4582 -15466.7641 13602.8547 22065.8306 23209.0454 -21406.8058 24
-38899.5283 21619.5788 -18507.9034 21158.0578 20731.4488 -269.6837 -35109.5423 -19296.5760 -2887.7253 40594.9674 17
17091.7426 -78.8340 16318.5725 -27297.0826 -14973.7943 -15999.3896 -23174.5714 -37919.5339 26695.0565 -8889.2401 21
31493.0557 30093.6000 21087.8193 -13754.2445 31477.6074 -16152.6726 1903.8852 30339.7454 15470.7225 -15124.4190 11
20514.3368 19764.1467 -10694.0921 28551.4700 -36093.0411 27350.7206 30750.3736 22833.1692 -8396.9395 9224.0538 49
-5987.2344 -15754.6826 -31115.8940 3598.6160 -19206.0685 -3430.3141 -19853.3208 10758.9095 -7249.1306 32762.8240 45
6054.4734 21712.4794 11798.4603 20379.0806 6921.5623 -24351.3953 -26963.2535 -38402.6491 41555.6487 -42509.5638 41
-10325.1393 -25620.8423 -27293.9403 15513.6555 -19158.5190 -9493.9507 -21430.1423 22089.8559 -3265.7571 23453.2176 10
8023.1353 30222.9108 15949.5059 21995.1157 4654.9929 -22403.7109 -19858.3700 -33888.7751 39088.1417 -35699.4717 18
-27570.1835 26068.9380 31369.1940 -25395.0847 -17702.7200 22030.8494 41781.2241 -29798.4106 -36113.7903 -43818.4504 17
-12475.3981 -33353.0562 6474.0411 13657.6909 22056.8094 18443.6595 -10785.0227 -21815.4463 12197.1041 7152.2364 39
21765.4205 27020.6133 -16022.6880 32088.7990 -42445.2500 19589.5968 23391.0007 14489.4148 -11514.2264 13192.2518 46
24562.5276 5617.4682 21396.9180 -35017.8318 -15146.8233 -30243.7542 -17104.2181 -31264.7743 36925.9544 -15198.0583 28
-17343.7275 -17525.2842 -28203.9550 9555.6181 -14570.7972 -7642.8252 -8500.8239 17084.4444 -7941.1062 28582.8566 2
-35218.8335 22037.6313 -32617.7461 28141.5676 10720.6868 -12497.8042 -31345.6712 -893.6819 -4174.9379 39736.2210 38
3772.3080 31007.5834 6478.2707 20120.3059 -14256.9688 -33032.6325 -19323.6523 -35528.2438 33458.2492 -44096.3550 43
24210.0454 20648.8721 17091.8695 -8456.1262 26046.8545 -23340.2490 1938.3409 21643.8384 25070.5270 -14707.8513 27
31148.6873 20611.8415 -20551.5400 27991.5387 -35312.0382 14688.8718 31607.1971 15922.2751 -10956.8614 10209.3745 20
37993.1897 16817.5663 20727.1308 -6786.5072 29277.6849 -14984.5943 16874.0195 26179.7691 24917.1118 -19826.3240 29
21737.4155 21269.1277 -18433.9972 27160.3295 -32070.0339 31083.3591 25486.4644 23156.7154 -12887.4290 9337.3224 5
-7709.7439 -14482.1962 -28390.0420 4407.2880 -16066.8314 -10446.3725 -27581.9608 21517.7599 -1874.8437 33884.5848 37
-21514.3071 25733.6764 -29610.0679 30567.9498 5645.0212 -8029.3717 -38900.7126 -15553.0191 -4383.3977 46178.9886 25
-29944.1359 21613.9618 -22759.0725 33933.3724 8847.7366 -8072.3551 -23918.1787 -15933.4774 -13124.5183 34766.7411 10
-34173.5980 29861.2308 36518.3969 -20911.3906 -10127.0970 13605.4001 38213.6660 -35991.6349 -39519.2630 -30320.0986 23
30844.1977 12364.7328 25243.1346 -7963.3370 33272.1211 -7529.7039 -8434.0703 26250.9580 18854.6925 -16633.1552 39
19780.6639 15742.5083 -24127.5572 24597.7013 -29550.7933 19290.3755 18848.7285 17161.6575 -15685.1439 8767.1256 49
-34862.4175 20183.5639 34016.5664 -20457.3521 -16187.5809 24749.8033 41637.6966 -44407.8947 -47956.9442 -37628.8915 34
30897.4276 22842.2386 24917.2886 -55.1753 31264.5981 -16330.4171 8210.2790 29185.3439 26732.3771 -12118.1285 5
4275.5125 28182.8872 9331.0893 14126.1057 2725.5757 -24707.4740 -20964.1362 -43165.0588 38832.4304 -39056.6428 20
23078.0286 28599.2624 17286.8759 -4088.8874 36136.1026 -15429.2111 10457.8889 27570.0528 30998.6994 -21223.2160 39
-10274.1459 -39764.5154 1918.1485 -1378.8385 19431.5788 11884.2007 -17098.0137 -14662.2768 5166.6849 6427.9472 44
-15757.6158 -20697.1296 -20612.8825 7987.3593 -24676.4115 -213.6816 -22252.1354 20997.8122 875.4074 20228.9573 26
26806.5667 5597.3867 12790.1614 -33140.4011 -13355.0988 -20343.1175 -23679.7251 -40752.8869 22864.0075 -8029.5673 22
-23071.8342 20453.0351 35637.5554 -20299.6640 -9690.9725 24316.3102 33638.3845 -43090.8076 -37261.9791 -35028.9839 20
19653.1419 4437.2559 20557.3399 -33735.6029 -13102.2193 -11741.8866 -23159.9321 -36963.1746 18644.2982 -8511.5077 13
28363.4064 26854.8403 30702.8167 -10365.3492 36149.3807 -15860.1961 11198.1574 24305.7524 23567.3708 -22394.8136 25
25041.4162 15963.4176 -25182.9858 37252.8997 -37182.4833 18545.0809 14194.0697 18803.2936 -15252.7251 7313.7389 12
-25241.1663 18633.9580 -27504.7025 27938.8418 15412.0607 -6345.1670 -34436.9574 -7333.9553 -3370.2024 45270.8569 29
22281.8872 23005.9390 -22885.5149 29182.4279 -31941.8324 22704.8288 22105.5989 12513.9218 -7100.7722 19351.8556 1
-6824.5444 -18866.6414 -27838.0478 9219.2596 -14067.6926 -7354.7216 -24279.1635 10969.9904 -2341.9484 30889.8824 30
-3037.0697 -23247.0508 -31247.0396 9606.8053 -20597.1984 -8256.4318 -20017.9212 17618.1506 -5159.5540 25990.2330 40
22605.0660 19095.2100 -16784.2025 27333.8817 -37059.1357 22919.5241 27678.4138 9175.0135 -11487.1516 3097.7970 4
-13321.1587 -29086.6193 -1078.3642 3793.7956 17006.1154 22018.8579 -17520.4697 -16202.6538 12937.9464 9466.2948 31
-10143.3566 -25797.0195 -24812.4082 1674.4093 -29771.3923 1174.2268 -16532.5130 17552.8089 7872.8978 21209.5155 35
-23024.8024 38607.0759 31395.7431 -25344.7774 -18521.8073 22080.2195 41090.9487 -30629.9715 -39417.4635 -39912.9013 19
37976.8954 18601.6875 18578.8511 65.2355 25176.1631 -13115.9520 13372.7549 31717.3514 28958.6818 -21876.8224 39
-9211.3090 -37524.3801 -494.3464 12142.9469 22903.2113 15509.5701 -20309.2801 -19530.6668 14207.1955 -5014.2627 11
27273.5856 14098.7991 25231.8750 -37469.9126 -14610.5540 -17656.2625 -21386.8500 -40957.0265 21393.2787 -6245.9471 19
-30329.9879 25657.1006 37543.5420 -27903.7749 -19027.6037 12021.8458 40695.0655 -34608.3584 -44462.0478 -30886.1563 21
-18010.9925 -33671.8905 4523.9852 4784.1955 26292.0117 12548.4780 -20414.2968 -18061.2612 15057.2205 10476.0055 10
-8496.8237 -14588.3059 -31239.0296 12287.6007 -31498.2736 -6813.4390 -26656.7580 15962.7705 -8600.3707 33350.9399 17
25809.9818 12901.7620 19394.8974 -29073.1120 -16896.7122 -15475.1302 -17593.5549 -35834.7496 15420.3984 -11979.1327 49
1791.4897 28778.1108 11232.2104 19177.8758 -5797.1893 -18907.6546 -23915.6155 -43436.4780 30346.2682 -32722.7316 45
-24870.5155 20780.1084 -21432.5754 26345.9570 7682.8437 -6352.7419 -25202.0495 -10405.2771 -3428.3322 36469.3101 5
-5316.7630 -29238.0552 -29519.2326 15168.2734 -21710.4474 -5091.9638 -23065.1385 20983.8884 -10642.1903 26322.1234 17
9150.2187 1773.1305 16530.3717 -37205.6140 -21354.1194 -24567.4411 -19536.5415 -38293.2564 27797.1711 -6324.7689 47
17153.9694 11588.1167 19623.8580 -26569.7741 -19605.6056 -22003.0827 -23000.9043 -36513.0552 23042.5300 -10616.1070 7
-8451.9337 -39564.0299 -4096.7158 11196.8914 24435.3063 19000.7604 -20353.4771 -12062.6425 10822.3859 9150.2587 7
-22931.9809 21754.8588 30886.9403 -10385.2447 -16227.9514 21418.2903 38259.7820 -34478.1896 -43674.1934 -36715.5968 7
25027.7194 8474.4060 25982.6766 -36389.0802 -14448.8996 -22325.2030 -9684.5560 -46378.4157 24838.3115 -10731.9921 41
-24322.0998 22638.1397 38309.5366 -9465.9534 -25656.3721 19761.0278 44228.1722 -38129.5893 -47555.3124 -27563.1909 12
-117.7148 29961.2216 4449.0479 15310.6229 -1908.7437 -23079.7494 -22876.6788 -41448.7657 33424.1370 -43742.7614 15
5206.5242 29106.5348 8509.6999 19047.3761 2264.0966 -23132.1737 -19749.6224 -36286.8578 33438.1422 -35837.9076 34
-21678.8458 15180.5291 -25938.6703 18280.5933 12507.1730 904.0749 -34427.0222 3334.1853 -6010.0401 36823.0996 31
-8789.9187 -18926.7998 -28387.7414 11387.7503 -22774.6183 -7014.5522 -22192.1992 10575.3263 4602.0737 35506.5217 33
14773.5625 9016.8514 21949.6031 -45236.7873 -25073.8786 -15155.7995 -20483.8053 -42564.3483 27793.5136 -29138.4606 5
4827.1015 26243.4006 8981.5958 20456.1522 3589.6422 -32994.5377 -22678.3747 -55774.1010 27838.2471 -28022.9986 24
-30166.6992 24498.3384 27078.3453 -16067.8381 -12464.4588 15316.3142 36630.2692 -33208.7608 -38476.9733 -28234.2802 2
32598.1106 26599.7706 20214.8620 -4282.4289 26320.3440 -12300.7326 9276.6945 23801.7467 18305.2897 -24161.1432 3
-9166.0474 30262.7575 3696.9939 16457.8992 6414.5805 -19660.4126 -26350.1902 -37255.8992 30808.3890 -37222.1128 42
28489.1223 21607.5034 29100.9200 -7869.4448 28722.2390 -21696.5013 10386.4750 20555.0918 28198.7918 -13403.1674 27
-32926.5999 25713.4669 -29994.5599 25703.9981 11860.7370 -12682.0808 -36529.0166 -2317.9418 -9409.1111 36449.4071 3
21087.5712 6834.6126 18102.6221 -36222.9247 -11665.7508 -19174.2101 -18550.8778 -44415.1273 29680.6939 -16017.5726 39
-24515.9807 32547.2153 37003.4104 -22419.8898 -25110.1224 17117.9044 44595.8179 -37356.8825 -30237.5848 -33933.2247 16
-25225.2258 25711.6899 -26004.4695 26198.0185 12588.4315 1111.2771 -29764.6954 -8375.0831 -6250.6345 35110.9181 6
-15139.1669 -45239.4941 2647.7028 5371.6608 17880.4589 13096.1493 -23937.7934 -24043.5305 21506.1841 12308.3327 20
-34232.1808 23486.2219 -22494.8009 25402.8673 15754.8258 -5686.5310 -33032.3808 -7565.8581 -6049.6570 32625.3106 36
-7892.0269 -26705.4395 -25996.9580 8307.4119 -23107.8597 936.7101 -16922.9660 18469.5927 -3568.2832 34813.6637 5
17459.5924 29149.3668 -13242.8511 35834.1734 -35748.3966 28438.9390 24872.8890 729.3092 -8623.8674 6476.6016 42
-26245.5471 28108.7425 37621.8408 -15522.6243 -17119.5201 23534.8417 47358.8485 -40118.7447 -41052.3285 -35263.0742 29
29295.9038 10426.5579 27866.0424 -42975.6877 -16958.6029 -20780.8651 -21688.7049 -34618.1595 25539.6963 -13286.5996 28
17511.5778 28018.7881 -19364.7571 29997.7388 -40921.2711 24821.8699 19690.4534 15334.0450 -843.2305 9338.4538 23
34785.0400 25137.3528 20563.8103 -11313.1008 28806.5773 -16335.8161 6952.8711 29226.6197 35019.8801 -22768.0806 15
-3174.0699 -15933.9890 -18449.5355 12737.0429 -20914.1960 -5267.4318 -23253.8217 22901.4735 1969.9520 29984.4028 15
-23232.7456 23735.6711 -20757.4729 27234.3880 13498.0187 -6376.7276 -28839.5406 -4077.6196 -4047.6708 45521.3182 47
35126.9768 20368.8275 23831.4630 -4349.7886 34470.2551 -15666.8018 19720.3633 21076.7070 34559.8546 -21860.6457 18
-32553.9712 14703.3101 -27845.7407 28348.5009 8435.0629 -2518.6267 -27249.8594 -6401.3916 -7015.8001 31737.5623 43
-16191.9843 -39192.4905 1830.9952 5811.2694 14455.1230 13762.1701 -16144.2706 -16432.2137 17765.1060 6740.9347 27
-25784.0183 37364.9021 34326.0346 -24550.6727 -13007.1272 35426.6427 35603.7216 -43421.9188 -44593.0927 -38729.6636 4
24996.8334 18483.3296 19478.3474 423.4106 29351.7225 -21735.9288 10897.3126 33349.7354 29464.5728 -9986.8291 24
17455.3122 10916.2032 20837.5103 -34143.2868 -17914.0168 -15198.1571 -20884.8623 -41875.4065 21507.2535 -6551.8641 2
27278.1398 22614.8894 -12509.5730 42241.9401 -35338.4032 19796.2359 27201.2841 18613.4704 -13080.4475 6211.2749 15
-32404.2380 19201.6108 -24159.0170 32152.4300 5327.7611 -9021.1963 -18558.6843 -11959.5165 -2655.7967 28809.7287 28
33471.3126 13772.9908 19191.1862 -10328.0407 26177.0479 -18661.3729 1630.7655 22895.3464 21111.1172 -22391.3478 28
-37318.2167 22801.2206 -26054.8374 27352.5263 18335.3699 -6220.0817 -25079.9947 -3697.3797 -8726.5155 40573.7347 1
-30556.5940 18418.0703 -23385.7348 29486.7701 4296.9124 -9695.2264 -36556.3780 -2092.3180 -1665.2584 39311.9757 23
-14876.7613 -47758.7906 7857.0667 14942.7850 15549.8635 14201.5277 -24810.6941 -19301.5660 6041.8491 8584.0320 3
-15175.9001 -40210.7925 2166.1204 2828.5634 13798.9560 14287.9621 -13339.6017 -10659.0976 14732.8748 14987.8950 36
-24301.2900 15762.7200 -24624.9522 25220.5754 19368.8988 -6460.5256 -32845.2019 -7045.3566 -2108.3266 28217.2153 28
-16182.2647 -31268.8058 9003.7903 -386.1369 17292.2073 16199.8779 -18323.3418 -9482.9534 20822.0907 -682.9473 33
21759.9331 6821.1858 18309.4400 -39045.2050 -20207.3414 -16001.5639 -23333.1055 -39269.2000 18605.2757 -6487.2321 24
21305.4622 1560.8627 18896.4886 -41405.4858 -16479.6286 -19204.6541 -15988.0547 -40245.0809 23133.9757 -8159.3107 41
19395.5170 22422.6279 -20322.3461 36206.9526 -36081.3837 27482.9875 30400.9374 9418.9305 -20324.6003 10179.2938 45
-14322.6285 -35415.9479 1403.5841 2216.6661 24972.6909 14194.0905 -23091.5665 -26407.7331 15598.3384 5844.6338 48
19651.0968 185.0514 28097.5887 -30327.6037 -13797.2035 -16111.1784 -16354.7407 -32885.6057 17278.8431 -16175.6965 8
18199.6096 9172.0812 25332.6572 -41010.8750 -10426.7273 -23024.8817 -17682.2201 -43535.7244 29916.8718 -11741.6104 14
-17760.1850 -41837.0833 7849.4376 7666.8818 22293.5512 14923.8394 -22514.5989 -9558.5169 13895.6495 -6113.2925 7
-30633.5758 23997.0418 32958.6774 -15619.9032 -14545.0141 21033.6961 36829.4877 -42101.8805 -34594.7100 -33031.7589 30
-27588.4616 12974.9725 -33098.0188 24451.6050 18244.8498 -16681.6645 -25132.5092 -10427.1277 -2870.7832 35831.6315 40
-27401.3987 26245.8445 44234.5035 -21998.5393 -26709.9098 17849.2143 44406.0655 -38102.2424 -38803.7451 -42505.9844 17
27707.8352 29886.3170 22588.9272 -9567.3535 27610.9280 -13818.4587 10174.2097 27987.0416 21835.4167 -22708.3750 16
-33512.7308 29014.2847 32562.1906 -28550.2241 -27683.4151 15581.3448 35104.0714 -28600.0826 -41757.5527 -30889.6155 47
14856.3247 15855.0411 18776.6307 -45743.7752 -16806.9197 -21396.4415 -35071.3515 -35943.0290 21233.7818 -21460.7917 48
-17001.0192 -22377.6419 -31667.8058 11244.8461 -25963.9466 -5193.6330 -15325.9696 17206.5246 4188.0811 28560.8291 15
17476.4834 26439.7461 -12371.2832 25028.7400 -32402.9451 20457.0586 24443.6104 21401.7954 -8889.2824 14434.3221 18
817.4082 23444.4396 17730.6418 16180.3009 11430.9152 -25595.8873 -26494.0595 -42456.7025 37155.3787 -32797.4874 34
