20
20
-58.5829 -68.0840 -9.1746 -8.1196 -96.8105 21.9166 48.6763 -33.6212 -32.7886 64.0480 -31.7932 -11.5489 14.5118 -97.9254 88.7508 23.6564 -68.9458 57.4509 -89.3258 -1.2786 1
11.0064 36.2219 36.8149 -41.1534 85.5860 -76.5764 74.6392 79.5028 -96.8648 -79.0645 -98.8743 58.4825 -88.6292 -51.8052 -18.3632 90.9105 78.7837 -42.1499 -18.3949 10.7155 3
-74.1579 38.8218 5.8345 -17.3277 42.6672 6.5195 -55.5973 -38.6503 -30.7950 10.8663 43.5472 45.1087 -55.4214 -39.6793 7.2589 -2.7745 -83.5663 -2.3938 -64.4161 69.6834 5
-8.1132 38.2168 -83.1292 -63.3707 -65.6936 80.7408 29.2365 -41.2691 -92.1218 83.5910 -96.3576 -96.3083 -13.5013 -70.1352 -42.2793 -78.5380 98.3953 -76.4586 -66.9423 -61.4426 3
-72.9514 96.3171 -67.3568 -82.2799 29.6451 71.9460 -96.5523 15.6808 -90.5856 -82.2533 65.0070 40.6980 -2.7432 -91.5670 33.0094 -2.4490 98.7463 32.0265 42.7637 59.9250 3
-58.3198 50.9287 13.9306 -92.7958 25.4761 35.4156 -29.1730 24.7721 -34.8320 60.3694 -91.4004 93.6638 3.3836 -72.6602 70.7814 3.8283 68.0483 3.5108 61.4659 -86.8772 2
-99.5059 -74.0673 92.9377 -81.9799 41.3316 19.0392 -96.8922 27.4029 73.0330 86.6322 -74.0263 -65.5569 13.6500 17.0235 98.8478 38.0784 79.3653 39.4649 -70.2723 -47.3550 5
72.6021 -80.6808 -75.6893 -90.9016 70.4175 -62.7879 64.2130 -42.1360 -17.5593 -55.1291 88.1261 44.3934 -35.4246 43.7577 -22.6964 58.9316 -61.8734 -33.9399 24.6705 64.1440 6
-77.0335 -9.9482 -77.1918 -16.6447 -13.3336 -38.0272 64.1274 54.0618 13.6243 32.5779 37.5700 95.3704 -28.5785 67.3375 16.7212 -36.2778 -21.6653 -31.0087 57.7058 76.5726 9
75.5523 -18.5799 22.8425 -42.2422 -26.1710 -77.5615 -79.1966 -59.9288 -27.7702 -29.2922 34.4614 46.1870 -22.8578 -97.0810 20.3558 21.6094 84.4468 41.8488 -35.6330 -41.0813 8
-88.0154 -11.5829 38.6146 42.7629 -84.9817 -59.0323 -14.7611 -52.3221 74.6013 -91.0228 22.0786 -25.9028 -95.7989 -42.5057 63.9872 -54.5416 -13.3590 -38.2110 -85.8944 14.3148 7
15.0353 -25.5660 -36.6261 -38.5835 87.7203 -60.4412 22.3085 -88.4136 11.2520 -79.4132 -83.1845 14.2537 57.6106 -7.1050 70.6330 84.8838 12.6039 58.0724 21.7673 -18.8264 3
-65.9775 42.2527 -95.1633 1.7154 -50.0414 9.9483 -94.7939 -96.2229 5.3896 -15.6480 -90.2380 -86.9157 -12.3628 96.2090 65.1930 36.8351 -51.1789 -50.0339 64.7271 -37.5549 9
25.8970 -77.3315 18.0877 29.1455 -46.9988 60.4242 -90.2948 25.4474 -18.2849 54.0812 -0.0954 -41.6617 25.0579 96.0886 -2.1266 -99.4940 68.3901 13.7639 -31.2464 -28.9020 2
-86.5226 -62.9833 68.7204 56.1692 97.3489 -5.3713 96.2754 19.0071 -78.8005 -45.3476 99.1538 16.4881 -2.4539 51.5249 49.4252 -97.9903 -73.7260 99.3098 -71.7992 -2.9969 1
14.8095 74.1521 14.8049 -59.1527 86.3839 26.9620 -40.7429 65.1039 63.8653 -41.2635 -29.7817 -44.8237 74.7489 -51.6757 87.4243 -2.6297 -58.4959 77.0191 -43.2793 51.5489 1
78.0189 -17.4435 27.3640 -68.8632 96.4050 16.4729 -49.9034 -41.2353 -20.0720 -21.4293 -83.1995 -94.5581 83.4550 -66.5205 44.8985 42.5071 -13.1295 -46.6112 -32.3628 -88.1929 7
-91.9517 -58.1082 60.1128 -76.0795 -95.5222 -70.3017 -56.0135 9.4265 79.8999 -13.7244 -26.6149 50.7830 86.6706 -66.4453 -8.3948 -8.7069 -5.5995 -51.9859 15.8146 96.3620 9
-24.7005 94.3173 96.4056 47.4336 69.0496 -79.6911 -80.9741 -17.6413 95.4439 -17.0422 83.2643 -35.9872 3.2252 97.5093 -88.9630 7.3493 -34.0894 67.5256 55.5139 -15.6639 7
-67.6660 -57.2290 26.2425 33.1697 22.9028 95.2683 -23.5969 -40.6790 44.1123 22.0235 -3.2827 -35.9130 49.7612 88.5571 -52.3943 12.6524 -63.4444 -52.3932 -62.7738 73.1735 2
