30
100
70.5250 16.9821 45.6876 -52.1271 20.0718 75.9257 32.5561 -26.0989 52.8418 -24.6695 97.8440 16.1678 -10.0854 18.5343 55.9622 -90.0881 -13.6302 59.9895 -86.5618 -1.6625 -78.4741 11.1534 -23.8483 4.0900 -96.8105 -38.9045 -80.4005 38.7955 -99.0853 -29.0924 6
46.9000 -9.8409 51.0971 -15.6424 97.0330 74.0874 46.7655 12.3340 81.4579 93.9762 51.7874 -46.1258 -55.2883 -8.4275 -41.9883 -60.3788 56.7475 -31.0979 57.8615 -17.4916 -10.5512 -13.2535 56.9668 -74.4667 0.7126 -27.5658 -26.2112 -43.7517 91.9947 -41.0452 7
81.1482 88.2231 -68.0934 28.6716 73.0316 -86.2705 -34.7917 -44.7719 -55.5900 -32.3661 -76.6855 -87.1516 63.5971 81.9464 97.8245 97.6893 -66.1034 -57.1538 -54.9519 -43.9299 -65.8079 98.6277 6.8220 42.9744 -79.3038 19.1901 83.5319 9.8525 -52.7625 88.0115 8
-7.0194 -97.9454 -66.8432 73.2808 10.2087 -69.9316 9.7526 -45.6978 -45.9466 -82.8513 3.9746 25.7558 -51.6162 48.3740 -12.1884 -30.5558 -54.1329 30.8282 78.7835 54.6163 -35.2198 17.1374 -99.9064 72.9771 54.3978 -79.1447 -72.2640 27.0356 4.0982 -69.9894 10
-73.5111 67.2566 58.3807 26.5545 72.6450 -32.8337 -94.0333 33.8135 57.0456 80.1475 98.9002 -21.5657 54.4821 61.6832 40.9082 10.6974 -45.7350 50.7455 28.0632 -48.0652 79.4379 13.9029 -23.7840 -61.0965 -19.6853 36.1461 -85.9295 13.9358 71.5282 12.0017 3
-71.3521 81.7562 -33.1288 -64.4292 -1.8469 -84.0616 35.2469 0.6825 87.6840 12.6626 -34.4168 -47.8127 19.2599 66.1835 -49.3272 10.7868 -9.5871 56.6257 19.5589 77.4904 -39.0753 26.7560 -67.3711 -70.2814 10.0250 -86.8057 76.1523 92.7727 21.4190 4.0812 5
72.2747 -90.8633 -25.4944 -61.9111 -58.3499 -56.5685 -71.4043 -25.1185 14.4577 96.7549 -4.2296 -75.4888 -23.6958 8.4561 -55.8181 -32.9535 -19.7544 -94.9937 -55.0613 -45.4399 59.7647 -33.3970 66.7087 -12.8906 38.9754 -72.9815 -65.4055 67.2966 -82.5912 -64.7720 1
61.4774 87.6092 -19.6642 15.8107 -71.0076 -99.8700 68.0383 -74.9596 3.4589 45.9839 52.4924 -59.0130 92.7348 9.6670 -92.0877 -37.4551 74.1924 -46.1531 -84.1723 52.2091 -41.8389 94.3847 22.5319 26.8075 -14.0871 17.0581 -79.3365 11.9817 89.7727 48.6486 2
84.0664 59.7980 -8.6493 79.1407 10.7008 6.5568 5.2671 22.6205 -30.4316 -71.5822 79.1408 -0.8508 15.8221 -29.2848 -99.4390 -8.0068 -25.0124 -57.5737 9.5851 -43.9110 -10.8041 55.1110 94.6327 -42.4270 72.4342 -68.4104 -24.4058 -23.4297 -54.2894 30.0201 8
51.9443 9.6984 31.0024 -48.5537 44.1481 94.0338 17.9073 -16.4734 -21.7942 -34.4628 -89.7429 -60.7974 95.8871 4.6797 -79.4861 1.6151 68.8875 -59.0791 40.0665 18.0757 -48.1329 35.0242 -6.9793 72.8616 80.9741 -12.3455 -47.1828 12.4752 39.6474 74.8485 9
79.8304 10.3128 3.5038 -92.8477 51.4563 -58.8076 -66.1558 44.9294 47.3461 -45.4869 8.5842 52.3551 -49.0489 -86.2238 -17.6063 -65.0847 25.2018 -87.1067 20.2899 -63.7019 -50.9885 81.0862 -99.8475 41.5467 -95.1667 6.5174 12.2584 2.4024 74.1648 -34.9006 1
-64.4963 -87.9092 83.3916 19.9671 -50.1013 -89.3411 11.3559 13.3958 31.2656 -0.0757 -0.2390 47.6784 99.8846 -45.2411 -95.7442 92.2308 -16.5888 71.0036 -20.6049 -55.7734 -3.6255 20.4537 -26.5010 -88.7647 67.9704 5.9131 60.7384 -25.6010 -12.6309 -60.8331 7
-65.2710 -19.9864 45.1785 81.3127 9.2600 27.1066 94.6406 0.4061 -79.1854 85.4673 -32.1946 74.5121 51.9137 -84.4618 -80.1540 26.0241 -29.5366 59.1827 73.1882 76.9163 64.9278 61.6046 -17.0540 38.7046 -17.6265 -97.7821 57.1101 -73.7827 -0.5800 12.8086 3
58.5319 86.9319 37.9821 -86.0516 -96.5693 16.4056 43.3902 89.4046 -11.5262 10.7855 76.9706 62.2428 73.7412 53.7333 19.8248 -89.2549 13.1666 -24.1206 25.1346 -69.7810 -79.6849 15.6929 -24.5774 -16.8187 61.4796 -40.9869 -42.3539 -23.0905 -52.2620 15.8061 4
50.3753 55.0964 -8.6286 -24.9924 99.5034 6.5484 -58.6518 10.4365 -30.9729 77.3176 -78.7543 12.2535 45.2426 -47.1578 2.4766 -4.3627 72.8986 -60.2054 -83.8141 -50.2573 95.3431 18.4811 14.9915 98.6204 60.6627 82.5466 11.5870 51.4623 71.2255 4.8567 4
1.9284 -35.4416 2.5000 66.2602 71.0433 -71.7223 74.7996 42.5814 35.0707 -43.0199 -84.7359 -80.7089 2.9952 -20.5225 37.8666 76.5450 79.6570 89.0291 -63.0619 -99.1688 -36.2646 -97.8952 29.9685 -79.7645 -88.1886 37.9418 -83.5674 72.5141 -10.7660 15.1308 5
-64.2577 85.8383 -29.8576 9.9708 8.1827 21.4370 -54.7511 27.2042 55.4262 -65.2261 -29.7293 56.5013 -34.5056 -66.1615 30.9438 23.7100 75.6153 -17.4088 53.5971 82.4730 25.2699 81.0795 41.3341 90.2445 12.8646 -6.9127 -24.6751 -5.2172 -65.5523 90.0092 9
-72.9290 88.3152 14.4985 13.5243 -1.2027 56.3838 -84.3596 13.3350 -75.7034 -92.6529 -58.6041 80.9704 76.6764 74.1385 21.5051 -51.5357 37.9459 94.2974 -2.7542 36.0609 19.1613 -42.7668 -9.3770 -78.4698 1.4343 -33.4868 -45.7158 9.1878 -72.3931 0.9950 10
-86.9953 -82.0960 -18.4473 59.5960 53.2389 -15.7581 57.1209 67.4809 92.9013 50.1117 -65.8429 -25.5059 -19.9474 -13.5494 -6.3581 -94.2097 -22.3595 -65.6953 -71.9653 -62.7797 19.6406 63.4287 -97.9043 91.7555 92.9416 -20.9286 37.7390 61.6773 94.3549 77.9262 1
-23.1151 -87.1240 56.8856 53.3518 71.8113 27.6871 40.7596 -29.8962 -92.6849 -39.4187 -33.7494 74.7766 -37.1457 -87.2391 52.2623 -81.3722 19.7885 -60.8023 -32.6094 79.5723 75.6251 -88.7765 40.0129 18.7479 83.2970 34.7842 -64.9520 31.1273 72.5633 -69.2993 8
64.5352 53.9984 -35.4123 91.3969 -3.5344 -11.8406 -78.2746 -29.5118 -12.4404 -88.2443 13.7187 -99.6070 47.5960 29.2895 37.1561 -22.5520 10.9392 -67.8172 -95.1483 22.3590 -92.9395 47.8537 -46.4208 -51.5965 14.6446 34.7317 -23.7865 -43.5583 14.9609 -59.6366 2
-68.0907 74.7526 47.6558 -3.2405 -24.0979 -65.5964 -64.0894 -96.9765 -95.0477 87.1534 25.9938 36.0899 79.3396 -31.8509 27.9112 -7.5271 80.1508 -71.7236 6.7148 70.8317 -99.3616 -56.5146 68.7346 80.4316 16.7817 -41.3328 36.8697 96.3235 24.8163 94.8206 5
73.3013 -95.1593 -19.7779 14.0354 -59.7483 -62.3983 67.3234 39.7127 2.4140 -45.3314 98.2927 69.1464 -27.9652 -54.0976 46.0806 -43.8958 -87.7121 92.7499 -57.7895 15.0151 70.0369 -29.2222 -79.2655 29.0800 -51.7302 -97.4232 -88.9138 94.8948 -78.0633 20.8188 7
32.7396 -88.0261 41.0799 94.0825 88.9277 53.9956 64.6871 79.3990 -9.7271 -4.3964 72.4389 -92.6688 -9.6810 11.1745 71.6072 63.7498 62.1647 32.8371 75.7137 -93.9104 59.8691 41.3940 -4.5572 82.0838 25.4833 73.3054 -42.4390 29.8065 -2.5990 -34.7808 4
61.6787 69.1566 -56.3309 89.1050 -8.6028 44.0956 -20.8434 24.9807 55.7880 -33.0420 58.3318 38.3944 71.5517 45.4996 20.5672 71.3420 -61.7637 -40.5530 78.9216 86.6264 -15.5036 -68.5951 -30.0178 -92.7332 55.8271 99.5643 38.5037 -61.1561 54.8320 -70.2708 6
15.8266 33.5363 -79.8305 13.2193 -65.5231 26.6890 -5.9172 76.4953 96.7204 -11.5620 -36.1541 -31.0812 36.8745 -78.4535 38.2401 24.7721 89.8328 -77.1095 -98.0735 -23.8583 -54.8635 30.0890 -66.0535 69.1416 77.6974 -66.9324 59.7869 45.8218 33.8849 56.9060 3
89.4423 74.2108 -83.7695 94.1027 -75.5529 -30.0029 -61.0729 -65.0988 80.0429 18.7329 66.9585 -80.7329 -61.6972 -72.2303 -17.0501 -43.6616 -38.9690 -84.6251 95.5321 6.2803 3.1078 34.4156 26.5229 -21.4521 -85.7197 -64.9900 71.3663 -82.9173 -73.5546 61.5889 1
70.1187 40.9292 -56.7921 74.7469 -28.9325 -60.0071 99.4279 -39.9222 85.7055 -66.1179 -65.7154 -52.6059 42.1801 -26.9005 -51.8123 -31.4867 50.0545 -68.4897 -76.7653 -36.7596 66.2705 21.7392 32.7968 -29.9483 -92.3373 -12.7235 68.2567 27.8949 -53.4656 -72.3030 2
8.9363 -38.8550 -74.2295 -75.4722 92.1561 21.7735 54.2279 40.6106 -26.9341 -43.1609 50.2000 37.3212 79.4340 88.5194 -5.2430 26.9666 -13.3778 91.6550 99.9210 -78.2404 -92.3305 72.3109 77.6789 -3.5726 58.9125 48.9755 2.4897 35.1079 -70.8916 56.9921 6
-58.5988 20.5212 12.3966 94.0221 -85.3512 -9.2613 72.9508 -8.2227 80.7173 -28.1885 -41.5376 -42.9677 -9.5449 45.9191 -27.0370 6.4409 64.2042 84.3372 36.3884 50.8415 -4.6133 -66.2773 4.2528 -63.6154 85.8595 77.9311 28.0213 48.7574 -55.5137 -20.6690 8
-34.4402 -97.5744 36.6535 45.4776 -76.9622 52.8012 -37.4405 -21.7917 -25.9021 -28.0813 -45.8795 19.6145 7.8687 -3.7572 -82.0623 -91.1118 -22.1717 7.3112 -19.8679 -11.5372 -85.5684 49.3077 -29.2725 3.2129 75.7155 74.8649 63.9983 61.3063 -29.4991 76.7937 5
91.4176 -7.3818 9.5916 -81.6363 37.2282 7.4894 -53.0338 -1.5636 17.4148 -31.6042 36.3163 5.9187 -87.5732 49.2186 83.6012 62.3345 88.8028 9.9290 33.3054 -82.2119 -10.2378 44.8272 54.1352 -14.7630 -49.6736 -68.6049 -76.4549 2.9420 -21.4749 16.7071 1
6.9305 -9.3182 -67.3402 -61.9798 2.0178 30.7184 -42.7655 52.0120 15.6791 -60.0813 -75.4818 -47.2381 97.6005 61.0819 -57.0480 -11.3855 -13.6939 -84.3566 76.3216 -27.7471 -60.7184 -68.2770 25.0784 16.5088 -34.8742 17.3038 96.9252 81.7463 -94.9445 23.6540 6
-35.1308 -53.9055 -59.5875 43.3333 26.0343 22.9873 -66.2608 -40.2053 -84.4068 42.6985 21.4987 -0.0651 24.7371 22.7893 59.5975 39.3482 -44.7283 -87.0039 46.8554 59.2663 89.6284 -97.8031 -88.5187 89.1429 64.1873 44.5857 56.8772 23.4786 6.7710 -47.0793 7
6.3682 42.7045 -15.6406 -89.6377 -63.9939 91.9474 -4.6437 11.3646 -55.2624 10.8782 68.5238 19.5740 -21.2401 57.8962 -94.6383 3.7536 79.6627 -71.2170 -95.4085 -48.5089 98.6832 83.0555 -30.2487 -66.8600 -25.9341 -54.4483 -13.2357 -76.6109 -26.9321 -89.1090 1
-42.2333 -21.9236 46.1848 -1.2473 -62.4802 -44.8668 -78.0193 87.6800 82.9333 -0.8053 -62.7396 3.4094 -88.1783 49.7719 -62.1457 91.8358 -68.8031 25.1385 36.9652 38.3423 54.5493 40.6996 -54.8314 -6.8131 45.3421 -11.1466 55.8179 -23.0454 96.8596 -91.4479 10
36.5718 96.7336 29.0382 -51.1254 60.5693 78.0915 -89.4344 77.2098 -23.9795 -22.7815 -12.3891 69.4971 63.9985 96.7574 4.0284 -88.9232 94.5133 -20.8165 90.2651 -65.8285 -43.8306 11.3724 -28.8091 62.2791 -68.4648 92.0742 54.0644 1.0103 19.0505 -15.3874 8
16.7047 41.0078 -23.6510 34.8577 -76.4972 -10.7257 26.5105 -12.2087 -53.8811 11.7050 99.1282 -89.0444 46.8860 94.2316 -85.9079 -63.5284 -77.6004 50.8180 21.1674 -99.6789 -38.4303 30.0440 20.9845 78.8279 -73.0375 56.1810 55.5634 43.0396 68.6672 -97.3250 6
-8.4558 -45.6477 -85.3987 -50.4983 -14.2394 21.7532 -22.2790 -70.7305 51.1683 -16.7078 0.7181 55.1398 5.2421 2.8567 -80.4926 71.2022 -12.7245 -3.2658 -15.5730 -6.2609 26.1990 63.7883 52.5572 -47.6489 40.3593 -30.4603 -11.0155 -49.5844 52.8401 -63.0805 4
-44.2023 56.6170 17.8646 -39.3093 78.1284 -64.3775 20.1629 93.5388 46.8100 55.4302 -99.9266 71.7799 8.9438 64.3429 -33.1966 15.6435 68.0415 16.1643 -41.3480 -61.0994 -24.3142 -66.4480 -58.6851 67.4013 21.2901 -68.6405 87.6928 -14.0199 23.5781 -70.9805 4
3.3834 -49.3447 34.9381 -53.7323 2.0754 -63.0527 -18.6536 -47.8460 -88.9120 -22.0991 54.0697 50.1721 -32.7327 70.3508 38.0852 87.2716 77.5367 35.3555 -92.2073 -75.1321 1.5985 -77.5910 6.3271 -59.2779 40.1907 -1.1283 -3.7097 18.1901 -99.5837 65.6201 1
-29.7688 7.0969 -44.4383 -49.5266 -93.5863 78.9582 -54.1840 54.2251 12.7557 -5.5028 20.1841 20.9858 -54.6011 -85.6682 -10.5271 -53.3760 -58.5596 0.6801 22.5717 -46.8039 70.2195 98.6947 -15.4763 -7.1243 91.2949 -44.1919 -53.2352 -58.4818 56.8263 -79.6943 10
29.7006 95.6519 -36.2446 -36.0015 59.5590 19.5426 -75.8299 81.8530 -83.4492 2.5584 -38.7146 70.6475 7.5640 -58.0393 -44.3400 26.3233 92.5462 16.4517 -17.0714 95.7093 -96.2783 -41.3506 26.3870 -50.0725 -45.9136 -99.4738 81.5424 -46.7945 -28.4390 -55.5213 4
70.0594 29.0037 -33.6568 74.4485 -3.3504 14.7941 -66.8203 36.2161 -54.4647 33.9659 91.2936 -88.2023 43.4161 -97.7983 13.9932 30.5714 7.9120 -54.5397 -83.4867 50.9812 52.2890 -37.1248 -70.9174 84.0602 4.0678 86.7273 56.3146 72.7634 -32.0169 49.6586 6
-86.8223 -73.8455 -98.9970 -22.8041 -70.0643 -3.3026 32.9616 -27.0009 67.3441 31.4047 -22.5734 -69.6385 62.3413 -77.1377 -16.5649 98.7916 -82.5971 -71.3259 31.6804 25.5685 -31.2616 -19.7427 -96.2466 90.8473 8.3994 94.6167 34.5157 -27.2838 -24.3142 51.4774 9
40.6254 -48.6195 23.4568 24.3365 -64.2108 62.9100 -15.3072 -57.0665 -17.9552 58.9070 37.7304 -97.5775 -29.1979 84.9258 -28.7469 -64.6876 -66.5107 79.2377 -15.1736 15.8633 -33.8930 68.0546 -27.2244 33.6311 -40.0748 54.6547 -49.3062 15.9167 -52.8775 41.9967 7
-72.7904 43.8685 -82.9835 -9.8549 -35.9314 60.2742 -57.2650 95.6185 1.9721 35.9403 93.1937 -51.5652 -33.0664 -52.5021 -90.8851 -69.2821 18.7352 -93.4502 70.1641 76.0463 -82.6086 61.9402 25.6045 -44.8994 -80.9245 35.9502 -75.9963 -86.2420 -51.4288 87.5879 3
-3.8495 -45.5394 64.0924 57.6660 -77.7335 -97.3835 -3.9892 38.7445 -12.7328 52.4874 16.9329 21.2476 28.7646 -63.7387 -45.3998 23.1400 -15.0209 38.0833 -17.6189 13.2876 48.6245 -16.6992 64.8004 58.9830 -67.6324 96.5909 38.7579 8.3314 -19.7076 60.8290 5
-22.8725 -73.2147 90.7781 -54.6988 -94.5224 -77.1274 25.6097 -37.5965 -77.7910 -28.7595 20.5955 -86.7350 53.9591 34.7058 -46.6620 5.4466 -10.9438 -49.2579 -90.2242 -34.6729 -57.3126 82.5196 62.2619 1.6306 -17.9940 -24.7675 85.6025 63.7491 -11.2813 -53.5583 10
-69.2283 4.5166 62.7902 93.1019 71.7540 -24.9937 64.0760 -96.0751 94.5315 37.4268 88.6576 -56.4357 36.6199 -19.6854 -74.0086 -85.2996 81.6601 -68.5974 83.0602 -1.7359 46.6293 89.4244 -7.3264 -98.0718 -43.7928 -67.9711 -97.0743 53.0292 -7.5143 -99.3285 7
-53.2325 -55.9856 -22.0937 -48.4619 84.8172 -61.5208 57.0999 -96.5424 -59.0695 -85.8896 -75.7888 59.0417 13.8794 -77.9933 -97.9291 -23.3178 99.7678 91.4279 -97.1226 -83.5057 16.8181 -5.2261 -88.2429 45.1013 -2.8365 51.1171 71.1957 -61.8570 77.2862 51.0412 8
19.1041 -22.6403 -35.3032 -1.8223 84.1386 5.1054 90.8019 62.1032 -85.0750 12.4805 43.8193 96.9462 7.6838 99.5751 -86.2062 -98.3237 62.7155 -22.1213 -12.6794 88.8089 40.0875 -23.0822 -64.6646 -87.4458 -21.0065 -1.9469 -72.7193 -3.1295 35.6604 -49.1740 9
19.1079 -9.0222 -81.8281 -49.0517 7.4337 6.4928 -24.8709 90.7503 17.0582 -5.9502 -8.4647 -36.5079 -87.0909 -11.1307 -85.8487 60.7082 -67.8425 -94.1949 2.1479 14.8348 -46.1357 42.1173 -39.6796 -38.7549 -13.0141 -63.5991 73.1292 -71.3500 95.9931 41.2916 7
-38.6847 -65.2753 -37.3166 20.5000 84.8465 -8.3014 -35.5355 12.8202 -70.5776 -29.8105 -63.9182 50.7383 29.9764 86.1591 94.2151 -80.8458 -29.9096 81.5449 78.0903 81.2664 -1.9523 60.4999 71.5961 67.1618 52.1708 6.1215 -28.4521 -87.5774 -77.3887 -7.3381 1
32.8152 -27.6240 34.9422 -53.5075 68.4769 98.2638 37.1274 25.4366 -68.1045 69.1271 74.9619 69.8737 -80.3642 -26.5531 46.3353 45.8150 -35.1116 -73.0289 -63.5839 32.1827 -76.5217 73.7568 -18.5348 -91.2937 -13.8042 68.1166 30.3001 14.5054 -70.6465 -65.1680 5
-28.9767 85.4497 -2.4802 92.5300 46.9032 -58.7360 1.1943 75.2341 22.2886 96.9657 95.1535 2.9080 12.9632 -87.7204 44.7087 74.1913 -75.7733 -66.9768 -6.2116 20.4797 -65.3518 -80.3917 -70.5276 -65.2757 -44.5192 -24.4895 78.0133 -4.7503 71.2380 43.7795 9
-40.2691 52.7245 46.1773 -42.3022 -77.0265 38.6257 -23.1379 0.8633 12.8934 -10.3876 10.8377 -97.7698 84.1916 -43.1994 12.9296 37.8428 -6.4536 56.3526 -22.5796 -39.5287 -8.6126 -77.0231 -1.9932 0.9705 -51.9205 -30.8831 32.9929 84.2005 31.1351 89.2756 5
75.3672 6.0345 5.0287 -8.5622 -22.4525 -94.5309 29.7868 -67.8710 5.6365 -56.0826 46.6778 43.2808 2.0463 -98.8423 -34.9170 -7.4940 -55.9121 -19.3440 25.6367 -76.9382 24.1309 42.6938 -28.7988 93.0947 -88.2533 -28.4146 -68.7426 51.8583 -57.3403 -96.5264 9
-54.6922 10.5871 99.0741 40.0153 19.5233 24.8523 -88.1334 33.8525 57.8049 69.1857 -38.6141 -74.5856 26.0234 -41.9822 -53.8351 57.5970 -47.2412 19.7267 -1.7718 -34.3488 -38.5119 11.7956 -41.4070 94.2174 30.9981 42.6674 22.2691 52.5099 -73.1297 -12.8881 1
-18.1603 -61.1861 -46.5850 47.4406 92.8138 71.1248 -61.8781 -25.0001 9.1865 33.5300 -56.1702 82.3918 -67.3071 -33.9085 -99.2187 -23.1784 -4.9213 -61.4629 76.6168 -67.7282 15.9896 -64.3370 94.3900 -64.5678 97.6405 -27.8192 -61.9360 93.2441 -37.5970 -95.7651 7
-61.4660 -89.9895 30.4856 -32.2711 -63.2000 -98.1755 84.4166 -52.4325 80.8756 12.8022 -87.9481 -97.1197 68.5120 26.0379 10.2584 27.3264 44.1490 0.7866 63.1755 -64.0744 -0.4815 77.9695 -28.9313 40.5637 77.5570 -51.7192 -54.9746 -82.1418 41.3506 71.0686 10
76.2474 79.2448 72.2495 -92.2012 76.9315 23.3873 -61.4431 5.8091 6.6432 76.8654 47.8218 -87.3037 -50.2816 -26.4901 -82.9208 40.1762 38.5093 4.2406 53.8088 32.5549 46.7041 70.7679 -59.1829 -61.8293 -74.5885 -45.8715 89.1696 -17.3209 -48.9584 72.3504 10
-77.2389 26.5391 1.4033 47.4181 44.3244 33.7395 11.4002 39.7512 33.7539 55.2756 32.3499 19.3935 -18.5103 73.8087 91.1242 -75.3915 -53.4079 38.3133 17.6750 -9.4195 63.1167 96.3360 -22.7042 -62.7564 54.2890 39.0443 51.4823 -28.4001 -96.1002 4.8371 4
79.3818 62.9905 -47.9328 14.5381 -72.0095 14.0329 62.5776 9.7308 39.0499 -74.3020 81.6120 22.8916 15.1119 11.5368 37.6650 -92.2040 60.0195 1.5741 -4.5588 39.8090 -72.6297 -94.2628 -12.1795 -85.6257 79.2331 30.0855 29.5749 -85.5859 87.8543 78.2674 4
-39.8209 -49.8134 60.3070 -98.8247 -83.5256 -74.9702 22.1759 60.2775 -94.7845 -98.8229 6.7997 -22.5596 12.8918 -31.0825 33.7027 82.2148 -8.0136 26.9163 -25.4128 79.0085 -63.2086 25.7318 -25.1676 -21.9277 -73.6153 -47.4931 -8.1065 96.8753 84.8973 -32.6172 10
19.3755 75.2107 -21.5953 81.4372 22.5419 -37.7604 -83.8361 45.4694 -6.7563 -53.8718 -92.2711 0.5166 71.0790 18.9652 16.1989 -88.3658 -23.1274 67.3183 78.0699 11.5482 -63.2609 -82.0376 63.5515 47.9532 -15.4772 42.4824 -63.4382 29.2955 19.6897 5.0297 7
70.6748 -97.1189 40.9266 -49.6121 87.1467 4.2306 51.0723 -37.9963 -28.4979 -16.1625 84.5866 -55.4574 62.5851 -1.2584 31.8830 74.1746 53.8113 10.4617 50.2079 29.0641 -13.6876 -6.4800 -95.6992 71.6290 -78.0151 83.5199 35.8901 -24.9833 10.3350 11.8484 8
90.1682 -40.5294 83.4721 -76.5165 -26.2191 24.7502 61.5834 67.5675 -33.3933 -90.9438 -68.4573 10.7339 38.9011 24.3350 37.1485 73.9124 57.2901 -66.9503 91.4957 -5.9064 -37.6628 -72.4747 -31.1817 69.5246 49.8203 -2.9453 -33.8659 -57.3380 -55.4693 -47.5563 1
-60.8298 -19.6788 52.5368 93.6442 91.0627 -13.6838 75.7473 -32.1542 -69.0420 42.6560 20.8068 53.2850 44.8276 51.8601 70.2085 54.3448 -30.9761 -74.6999 94.1874 76.6410 -57.9734 18.3995 24.2220 -11.4049 -90.4192 -31.7889 -38.6310 77.8691 78.1490 53.6229 7
-33.8641 95.2253 -6.1850 -45.9680 -4.3067 77.0509 35.8027 97.4641 38.2195 12.8988 63.9175 3.8167 28.4270 -89.9313 79.8779 -64.7233 -5.2997 76.7673 -1.4916 29.2614 -76.6774 48.6450 89.6756 -30.2367 -38.3087 -20.5597 92.8294 -94.9461 -78.1846 -57.7461 10
-94.5855 -29.5550 92.6273 -60.2451 -92.2569 -90.8204 -22.6235 -46.6171 62.9572 39.9761 27.4625 82.0884 91.8320 -10.5772 77.4484 41.1432 67.0674 -49.2247 -67.4689 5.9759 -93.7817 50.7901 -52.2242 84.1736 -28.0272 76.7739 -71.6493 -21.0139 -65.3640 21.5047 6
75.9314 16.0465 44.4178 -74.9673 11.5835 -89.4530 -95.2273 35.8970 -97.3178 60.6486 -29.3764 46.5573 33.0980 28.8656 80.0891 -95.1225 -17.5377 13.8816 -31.6540 35.5367 -1.9321 45.5847 -25.9131 -92.4738 69.8972 -93.9230 -21.4987 -37.7806 24.2429 80.3643 6
-32.7855 50.9410 53.3206 -28.3489 38.9114 4.3220 -6.2367 51.4141 -22.6078 -71.3153 4.4620 -29.5598 93.8276 33.1000 76.5999 13.4028 32.0941 -59.0434 -96.5908 51.5648 2.7036 -5.7572 -61.9482 91.7890 21.4205 77.4355 93.8495 -11.5709 -26.7050 -98.2710 4
72.1423 87.5561 -84.5533 -80.4313 -46.4517 -63.5800 -49.0941 -77.0044 33.6933 -76.9716 -18.1283 30.0827 -34.5416 17.3428 3.5272 86.6191 -61.5673 84.0938 43.2054 -90.2579 66.8327 -9.5595 -24.9375 -59.6851 -95.6268 75.6420 -89.0501 -82.5171 -62.6357 -82.3291 6
-53.7838 0.8984 84.2536 -0.8313 98.1459 85.2699 12.9368 80.9088 91.0888 -99.8906 48.2242 -89.6592 -70.5921 67.6610 -14.8460 63.8745 17.8551 -86.1034 -84.8466 22.2290 -1.2645 -78.4294 -53.2348 1.9174 -81.5439 73.5839 -4.2696 -1.6993 -28.5906 -74.8322 9
-76.2910 48.6106 -34.3383 -8.2852 4.8449 -18.0278 84.0713 -17.7920 63.0170 68.3697 -95.5197 -2.1510 86.9418 44.1312 -90.7186 1.8459 -38.0304 -95.6241 25.9859 -38.8046 57.8372 -9.5980 -72.9585 -29.3581 -85.4120 -22.3913 14.9689 -33.6697 37.9903 99.4427 9
-74.5337 -21.0511 83.2162 43.8851 -66.7171 -6.6816 -14.4512 -32.6484 -74.7069 7.2462 -87.6560 -71.9715 -21.5499 98.2022 7.8087 32.2697 -25.9419 -81.0955 -11.3858 -40.6094 60.0002 63.3932 25.5622 -46.5702 19.4565 72.5985 -66.7401 -57.6534 -78.2159 52.4098 10
-47.5756 57.1497 40.4535 75.5329 -54.5988 17.6701 -47.5854 48.0348 -93.7010 15.3814 -36.2779 -50.2883 35.4093 -70.3918 -53.3728 -19.2146 -52.3428 37.2250 97.0894 58.3833 15.5907 40.0511 43.7606 74.2533 30.8568 99.2385 -88.4368 -1.6374 -46.0622 3.2012 4
-7.5894 -57.9039 67.2460 -20.9906 76.2794 -5.0647 -26.8621 -26.3548 51.8491 13.9103 -24.7400 10.0404 75.3949 41.0328 -46.5437 77.8501 2.9569 27.2291 -66.4475 -62.6497 23.3260 -56.7589 -28.1835 18.2642 42.6963 -19.2695 4.5222 -44.5530 89.9887 -76.4008 6
-9.4302 -10.6032 -42.9460 69.3602 45.1258 -98.1005 -12.1664 61.4923 -32.2997 51.8997 3.9705 29.7802 56.8154 89.8247 -94.7708 -47.3870 -38.9115 14.7366 -23.6100 -3.9393 -40.1728 60.6682 -69.5367 82.2949 7.0662 -70.9818 29.4283 64.2976 6.5602 -16.0699 7
52.5407 92.7194 -93.5221 -78.7682 -67.2511 -16.6244 74.5749 32.0784 55.0970 -50.6881 -27.7398 -90.2587 4.9215 -74.8101 45.0693 -90.0081 80.9614 61.6307 57.9384 0.5494 2.7432 17.0136 -40.9640 -14.9346 -2.8316 81.9032 -69.2299 -21.5727 82.5053 71.7886 5
-63.6195 -26.7121 -28.8187 34.9652 -56.2261 23.9177 89.3363 28.1524 34.5159 3.4436 79.5765 -24.8120 93.9404 30.3852 49.4513 -28.3379 2.2689 -74.9627 -87.8634 92.8226 89.3162 29.1309 47.1068 -49.0539 -97.4537 -74.7239 5.1048 14.7339 81.5946 89.5195 5
46.1998 -33.9435 -23.6616 13.2036 -11.0292 -75.8512 94.0199 -14.9138 -43.4335 88.0847 64.5148 4.2497 66.5408 63.6724 -91.3234 -44.7804 -95.9494 90.4812 -92.7765 -52.8235 -95.0370 56.8712 -84.0216 -66.9286 55.7214 -14.1809 -13.8530 48.0436 -61.0633 46.6987 8
-51.2355 31.4114 98.2680 85.2915 42.6467 81.3727 -9.7439 24.6953 -68.8855 75.6280 -99.4797 -51.1113 33.0809 65.0692 98.5539 51.9422 38.4978 59.6717 -38.0807 -87.3405 -52.5067 97.6194 31.1469 -0.6042 92.0833 -53.7353 15.7754 -17.2874 12.0033 88.9713 8
-4.1275 -84.0212 -39.2923 -82.4046 60.9044 41.2233 -0.9290 39.6967 14.4761 73.0566 67.3022 -85.6169 83.6820 -73.3547 6.0071 -53.8516 86.6378 79.5342 27.2912 -78.7079 -49.0832 1.3219 -42.9027 -1.7510 73.2988 91.6142 8.0205 -95.5277 75.4954 -54.6291 9
18.0087 74.8208 31.9200 66.9537 -27.8483 72.7928 5.4968 -38.4887 14.1591 -65.8583 -79.6180 40.2271 8.2849 -12.9091 1.5785 98.2375 71.6790 -51.3314 91.5426 23.6148 -30.5457 -95.9182 88.6552 -63.8919 14.8558 88.0069 -68.7688 -68.3478 84.9210 37.9383 2
75.7759 -91.5730 25.6734 -9.9312 4.9473 -69.1980 -31.0401 -55.7029 -43.1239 -24.2906 0.9055 -37.8557 -46.8801 21.5110 75.0867 -38.9838 -22.2886 59.1281 73.1678 -55.8652 94.0364 -49.5496 71.0686 49.3136 -46.1650 -35.9858 78.1515 -12.7383 -15.0245 -89.5516 7
-42.3477 -51.8113 29.0228 -53.9729 11.9991 36.7756 74.3606 -1.1614 -99.0577 57.6199 -75.3919 -91.7801 -37.8470 -73.4532 24.4422 -31.5786 -69.6369 85.0419 -83.8980 69.0927 -52.6703 -26.2449 21.2760 77.2201 77.5954 0.9513 95.9714 95.1734 19.2379 4.1232 3
-65.9085 -97.8065 -59.4868 -14.5341 -75.3872 17.7244 -6.1451 -3.3106 -70.4007 -94.1345 -63.2873 -15.0523 53.8029 -11.9140 -11.6559 -32.9875 16.2882 99.4312 -37.1953 14.5780 79.7902 52.0937 -24.6891 -28.3325 -85.4883 69.9498 67.4619 -85.8222 -59.3487 1.4626 3
-49.6775 13.5757 1.8102 58.4803 -92.4996 -50.8899 -26.9247 59.8906 2.1787 27.2043 -42.4063 -18.8784 -89.7544 88.0573 -10.7703 67.5267 -69.7875 -57.3297 57.1007 -81.6732 23.2575 74.4420 4.1801 -44.5180 4.0182 -60.9959 72.1828 40.9181 -4.5388 57.2546 2
-69.3447 -90.3251 24.3776 -98.6089 47.1009 38.3453 87.2320 91.0358 -92.1082 57.9015 79.3903 -29.1217 40.6976 69.1713 70.8253 77.5577 -85.1857 -84.5866 -2.1406 -2.0978 83.4344 17.8251 -13.0939 -87.5009 -28.7548 -31.8921 -86.4326 -64.3847 -47.2247 99.4241 10
-5.9736 91.4614 84.4634 96.2945 54.3100 -72.2181 -35.0516 -73.3030 -68.5466 42.8659 -71.2836 -21.3531 -11.2914 -94.2497 0.3232 -54.3936 69.8387 -85.4226 22.0468 48.4382 -19.2804 57.9224 -22.0524 -99.8732 35.3320 87.7921 -86.0200 -39.7695 -84.0804 12.3765 3
-15.8483 71.6119 17.0306 46.3334 56.3870 -90.9971 -56.9870 29.2782 -6.4847 -51.5619 -11.6515 53.6177 -50.1796 63.8782 -31.5979 -27.2909 95.1824 37.8293 83.8252 -93.9470 39.3288 -3.8190 -75.2263 35.1452 27.4878 -0.0577 -10.0337 41.2916 -74.0588 6.9499 3
42.9859 -94.2734 75.8690 -88.5866 -6.2772 74.9450 1.5390 41.1292 -64.6282 59.9423 71.2065 82.1064 77.6443 52.4018 -87.4815 36.3328 -92.8530 23.5659 87.4577 76.2140 -7.4656 79.4524 -9.3548 -20.6074 8.9286 27.5326 -86.6792 44.7880 -82.5840 -64.3533 9
74.0454 -23.5970 -62.2826 -5.4023 97.5352 -77.7217 51.7923 -63.9142 -31.8938 83.4408 -25.4864 -88.8618 -54.6686 15.8259 -55.7256 5.0282 2.5971 -57.2585 -24.4638 61.9864 32.8419 -22.5876 -27.8584 -28.1293 93.6409 5.0901 -26.2699 -43.9717 24.8579 -7.7239 8
3.4566 3.6242 78.9661 5.5736 32.6844 89.8785 72.1584 77.4393 -49.1674 -45.6850 -97.0096 -65.5003 99.6381 45.3173 10.1101 -38.2698 -78.2364 68.7516 -19.1040 35.3165 46.2451 60.9417 72.3903 54.2776 94.7087 5.0849 82.4355 -39.1627 -72.2989 -48.6250 6
81.5606 34.0192 -0.9217 55.3338 -96.2769 51.1465 -42.4648 -7.6102 76.0826 14.4577 48.9839 -4.7274 -5.3461 96.6804 -43.6235 70.2295 -50.7428 -1.3947 65.1875 18.3258 -29.5984 64.1278 32.7266 42.5255 90.1490 -57.0640 79.9249 -53.3910 -98.4892 87.4062 9
91.4708 -1.5815 -84.0378 -8.5671 -3.9271 41.8606 -71.5565 50.8430 -52.8334 -21.0998 85.1451 52.1139 33.9840 13.7623 65.7332 -41.6987 44.6430 -50.9755 41.7724 -56.0423 56.2155 -35.7448 -49.8079 92.7688 -64.1777 -91.0771 71.8247 -38.3984 -56.1816 13.9535 7
-66.3325 86.2422 4.6222 -30.9401 -64.8838 41.3249 -74.4398 23.8249 -43.2705 82.2610 32.6422 48.9446 18.4926 34.5935 0.2662 38.8248 -48.5447 75.4684 86.8035 -37.2662 63.4142 -13.0016 5.8007 -22.6658 -13.5513 -41.4676 40.1847 37.7570 54.2629 -91.8190 10
61.6607 10.3288 38.5292 7.6726 -96.4746 43.4159 -17.9148 83.3127 -52.3483 26.0148 -57.5620 -14.7157 -82.1918 43.1133 40.4859 -5.5117 56.0927 89.4206 5.3967 -18.0785 39.5109 57.6677 -57.8324 60.9558 -76.1086 -34.4769 41.4032 13.0220 -24.1848 25.2160 3
