30
20
79.1717 70.1764 -57.6314 -54.6249 -99.6111 -81.0198 -16.0359 6.2368 24.8563 73.9465 -32.3338 -43.4239 -39.5049 19.9269 -0.5121 -2.4137 55.3740 -73.0249 -74.3328 -52.0099 80.2590 17.4912 -21.4387 -85.4997 87.7247 -38.7486 89.0114 30.4932 -82.5496 43.4960 1
-40.2104 57.3217 -40.1415 -91.3555 62.6372 17.7909 -58.8929 -97.0786 -59.2171 72.1433 20.2893 -70.9843 87.3178 26.9892 24.5436 24.7919 72.5863 -59.8877 -69.0247 79.5238 75.5568 -96.0139 -23.1463 -26.0934 -24.5712 52.3569 -64.6115 -89.5593 70.5570 63.4708 9
-90.4985 50.1283 61.5617 -89.6616 76.5864 68.9787 80.6170 -69.2489 55.0126 24.5494 -42.1213 -2.6047 83.8962 90.7011 88.6980 99.5766 -42.2796 72.7761 52.2944 -65.4483 75.7094 41.2331 -64.5524 -24.6955 -65.3809 -52.9512 30.9756 -17.7103 -65.5971 -60.2990 10
3.2349 67.4931 65.0238 99.0665 2.2402 -35.8244 30.2961 32.6886 -95.7114 -73.7517 90.1993 38.7926 -91.6670 11.7502 49.6320 17.9828 56.0652 -43.1317 -68.9010 -29.9532 -23.9427 68.5502 -28.2985 48.4822 -0.8956 -38.3119 33.9602 81.2932 80.1633 83.3079 3
60.0897 -51.8526 -35.1446 91.7959 -27.3065 44.9603 35.4926 20.5025 21.2769 -83.6072 23.7068 41.4256 42.3287 -89.4961 70.4099 -92.8978 36.0502 -15.2894 -7.6686 -56.5283 77.0792 12.7259 -76.3232 97.6761 89.5393 -9.6768 85.4874 85.8260 97.5652 -3.3068 10
20.2901 55.3176 -71.4879 -68.7512 9.2329 67.8959 -68.1165 -29.9990 -64.7525 -42.2823 6.9241 -15.2564 47.2880 26.3782 64.0903 29.1490 20.5749 40.4134 20.4072 -63.5761 61.0594 15.4370 35.1821 43.3748 -46.4992 -25.7168 23.2811 -99.6781 -39.5280 -8.7199 4
-35.6186 -50.2159 52.6238 -49.3893 52.3404 33.8998 83.2550 12.7346 -93.3521 -53.6033 -85.3235 -66.3485 -47.3069 87.4067 56.8493 62.9800 -81.0660 -90.3819 -98.0439 -78.2381 1.2797 -32.8087 31.0889 -38.1837 90.2652 -64.3597 61.1317 -47.3979 -93.6106 -51.4599 9
61.9324 17.8107 0.5426 84.3136 -63.3742 33.9182 -24.7735 48.1946 65.2845 -74.5184 0.0428 33.0819 7.9516 72.3738 -30.0659 -5.8091 -28.7423 78.3660 23.2236 88.1606 92.8626 -67.7260 45.5067 -37.6650 -95.1531 67.4293 86.4137 -92.6326 0.0764 69.4717 4
-14.3571 57.2512 63.1857 -20.6012 -59.7241 63.9961 -63.5567 -67.0672 -30.4450 91.2553 -74.9124 65.2388 -68.5864 -40.5869 36.7786 -20.5228 -33.1597 61.5346 -19.4681 -7.6166 43.4700 -91.8891 61.7746 -23.7676 -78.7207 -4.8953 81.6174 -28.3908 15.0844 33.1726 2
84.6493 -22.5596 -40.2720 -73.5158 -51.6645 -17.6339 87.0413 71.1054 -22.6429 95.9596 47.6105 12.9665 60.3886 42.1768 -76.4097 -88.2058 -0.9439 69.0265 -87.2625 -60.8365 -1.9818 16.2835 9.6141 81.1699 88.0030 -97.2785 37.1570 95.3706 17.6223 -21.2513 2
-24.2399 83.8870 95.3597 -25.0963 15.9137 -68.4902 -67.8104 68.5559 4.3843 30.0747 -99.1976 -58.0370 5.9241 81.7268 72.8706 47.0292 24.6128 12.2217 -97.8284 -47.6759 -14.5507 -46.6383 -30.9820 19.9195 -65.4478 -70.1480 27.6569 35.4676 52.8792 -46.4449 7
71.8591 -33.1619 38.4064 -3.5978 -91.5141 -75.6600 96.1308 -67.5379 47.4980 87.7871 -2.2718 89.6600 22.8781 65.5839 29.6810 34.4139 19.3119 28.3133 49.5507 -91.9993 -26.6634 11.2154 59.6908 98.3489 -94.2034 97.7916 90.0764 46.6589 98.5770 -87.6513 2
76.1350 72.1862 -49.1500 -24.7290 -63.6976 83.2800 -4.0511 50.3029 33.4743 -1.2101 -56.9551 39.7980 5.1075 53.8371 -49.0160 14.7384 -64.9543 -84.1877 -70.9900 -35.9645 -88.6769 8.0194 18.9139 -63.4773 -85.0759 -62.9457 45.2511 -22.6804 -38.1496 15.2696 1
20.7698 17.3910 -68.2174 62.4666 8.1157 14.2973 7.0587 23.5015 -95.4398 -17.2364 65.2723 76.4816 92.3062 37.2429 60.1807 38.6703 37.8055 -79.9609 91.6822 -58.5279 -86.9225 51.1789 -7.8999 -22.1464 -19.8043 -94.9580 -79.0199 -79.3371 28.3597 -57.3306 8
-14.6658 68.9848 63.9023 -53.0960 -80.9556 67.0121 -93.3372 -78.5997 3.5906 81.7067 9.3728 42.4534 71.7922 -98.1433 -37.8096 -29.8221 -43.8780 64.0488 25.5100 13.2560 -62.2487 32.0013 -62.6860 86.1716 55.9502 35.1151 22.4424 37.5999 0.3330 -41.5521 7
63.3949 84.6405 17.5563 -32.6917 -50.3316 18.5898 97.3972 -7.7067 -15.7286 68.5280 55.1151 -92.1441 -36.3413 95.7629 86.6435 28.5923 -58.9846 42.9875 94.0435 22.2731 -6.5476 -81.8667 -76.2627 65.0499 -23.5908 -77.6155 -64.8390 11.8958 -2.4724 12.3451 2
42.8661 -66.5892 -6.8664 69.6514 42.9721 -38.1163 36.8245 31.5191 97.5279 68.2920 -28.6652 73.5839 32.8910 -69.1023 -49.8990 83.3016 13.4288 47.7093 -85.7983 17.5958 43.4528 65.7289 -77.1798 66.0998 15.5400 -97.5400 -28.8480 -17.6633 -42.7862 -73.8175 9
-2.4055 70.2820 -54.2855 36.1066 -5.2080 -95.8058 86.9413 -87.2624 80.2183 -2.5337 61.6956 -7.0398 57.3761 18.5025 -70.6782 -83.3897 -9.2326 -52.2462 -61.8820 87.8668 -32.8083 -68.3785 -10.7655 -46.6628 47.5460 17.3831 -35.1421 -33.1145 53.1691 98.7411 3
34.8117 -1.9147 6.4213 42.6732 -7.9077 79.6340 -59.7347 60.2645 -19.5538 -44.0620 -62.8849 71.8566 -52.8698 -73.8199 -62.3296 91.9196 81.7548 95.0709 77.7825 41.9553 15.9327 33.0330 53.5614 60.3263 54.9609 97.6199 -43.5095 -24.3716 9.8723 80.6841 3
28.2072 49.8327 -1.6765 -40.7897 -78.3982 71.4485 -71.3265 -72.4906 43.2170 -57.6955 1.0357 -74.4974 67.4767 48.3482 5.2618 -29.4055 -69.2016 -26.2641 -1.1469 17.0191 82.5838 -93.7735 -66.1248 62.4555 32.6000 73.7553 6.8510 -17.9025 -15.6320 39.6482 3
