20
100
-60.9783 -21.0324 68.5016 -77.3507 -51.3887 -93.6323 -10.3890 -36.6958 -78.7094 -76.0193 -44.9344 62.9353 5.4141 -55.5551 81.9605 63.5512 -32.9589 -98.1223 40.6513 28.6589 3
-88.9213 -24.3980 -6.9052 0.1774 -49.0332 16.7782 50.1695 50.6964 -75.6276 -79.4739 -15.9823 -62.2180 89.0464 -70.1818 -70.7704 95.1253 -79.6039 -99.6235 33.3602 -30.8897 1
-7.1475 30.8493 -25.8222 13.0660 -31.0075 38.4305 -32.3061 -47.1716 67.6789 6.7785 51.3618 -45.5488 76.9417 -67.3716 -19.6440 -98.5670 9.7349 84.7911 76.9711 -71.6356 4
-97.3298 70.9932 -78.9905 -73.1555 -39.2439 27.2601 10.3447 79.7113 -20.8304 -50.9844 32.3905 39.4869 -21.2507 53.4992 -61.4798 -84.7823 82.3305 46.5524 -32.8384 30.4661 6
-44.7000 86.0633 44.4886 -32.1366 70.8045 35.8113 97.5518 45.0212 -12.3361 -64.8696 -18.1612 16.1029 95.6329 10.2766 -28.5233 -46.3781 39.2433 82.2218 85.5372 -46.2437 8
15.9189 22.2442 36.0167 79.7478 35.8617 -51.4450 -97.5866 -81.0318 -44.3759 84.3594 2.1718 73.1701 -51.3826 71.9028 -68.7438 78.0283 1.8520 -37.7845 -89.3139 -93.3339 10
63.0832 81.9305 -55.8609 -59.4533 -70.6355 48.8621 -75.0947 36.3746 -34.5500 -94.3269 -69.0813 4.5175 -19.8864 80.1345 66.3183 -11.4325 -91.4959 68.4219 -20.4696 4.6418 9
20.7285 -30.0277 -73.6760 14.2908 47.1941 64.4625 16.5591 16.8995 14.7922 -47.0447 -34.8910 17.3943 6.8818 47.2728 63.7394 -40.8186 34.8956 -71.2279 60.5270 54.6608 2
-4.6959 0.0109 -41.1086 60.4244 11.5693 -2.5655 -47.3836 49.2973 20.8184 -96.7383 -98.9776 79.2771 -73.3769 -1.8684 87.3732 -82.1735 33.7650 62.0396 -28.5920 -51.7479 1
31.3475 3.5328 -26.0986 27.1065 25.4173 -27.3383 7.1295 -39.9774 -42.2838 -52.0348 97.4350 -68.7211 61.5683 -50.9396 -64.3286 91.3837 -92.7931 95.3110 63.6063 -26.5530 4
-38.4800 -99.3027 -1.6727 -27.2060 20.8248 -17.8207 55.8364 -46.7656 49.8227 -53.5261 30.7869 47.5912 -18.6582 45.3799 34.0366 17.1069 99.5089 78.1409 -19.6280 -70.8712 5
-95.3923 -3.4264 69.8772 29.1186 94.4023 49.9836 43.2976 -32.3944 -71.4764 -71.0781 61.8172 -92.6651 37.6808 91.9771 -28.2942 -93.9441 -63.7423 53.8797 -82.8458 29.9691 7
-68.7498 -98.5014 66.2775 86.4870 20.5508 -28.0202 6.1903 33.1948 -19.2703 -81.5329 -69.8230 -34.0738 9.6200 -76.1987 69.5171 -67.9145 -89.9901 91.3485 5.8246 -18.6069 8
-44.8752 62.6309 59.5251 -24.8947 68.4570 -36.0309 15.6315 -39.4436 -64.8186 -77.1229 -21.1271 89.5470 17.5640 -38.9379 -30.5227 -43.2706 -26.2484 -40.5926 -16.4733 -5.4870 7
65.9232 -37.9115 40.1110 -29.2395 80.3703 7.5940 -92.8004 -84.1703 -61.7515 -26.8791 39.9566 -14.7790 -1.1364 53.1825 -69.8511 -91.0499 42.3121 86.0925 -6.6277 -70.6403 8
-2.2871 -11.1498 82.7579 32.2378 -38.7249 21.3718 -59.0024 -49.6988 -56.1629 16.9025 -18.7308 -49.8552 9.3960 -60.3236 -54.0624 84.2308 94.2893 -78.6210 -65.2119 21.1873 5
29.8176 61.4813 7.4882 -92.8754 65.6270 -11.5768 -61.6390 89.4757 98.3626 -40.6147 75.5494 -19.2516 8.4556 -75.2015 6.0101 23.6751 1.3911 -58.5707 -12.0267 -26.3665 8
93.6859 -37.1766 40.3876 -40.2684 -49.0486 87.0286 -85.8260 -27.4159 -38.2364 -92.6028 -78.4930 -66.8438 15.7202 -56.3994 -58.8995 -35.8305 7.5791 -54.7619 85.3804 -30.2771 2
-85.8562 -25.1507 -94.7332 58.7650 55.7409 -71.1320 91.0804 -16.3124 63.4194 9.6520 57.9705 -57.3911 -25.5746 -7.4753 -48.2282 61.4568 -67.5546 0.9893 2.2524 74.6561 1
-87.0787 46.1479 21.6299 80.2769 31.1500 -81.5049 -3.6988 -39.8111 -42.6200 58.1355 83.0624 31.4341 -39.3065 -19.6260 74.4379 -59.4547 -8.7043 -26.7506 72.6166 -28.8071 2
-83.9056 -22.8189 -76.5221 34.0420 18.7963 -34.7889 31.1322 -58.9175 -55.4451 -36.8410 7.3274 -42.4118 -91.5770 4.6708 0.1519 -20.1437 -45.2851 -16.5704 15.7715 -80.6445 10
76.2373 -37.2643 83.7930 -45.2341 -88.3448 -12.1724 58.4881 -30.8539 -34.2662 43.4544 -70.8307 -52.3261 86.8539 -34.6660 69.6441 23.0506 80.7718 67.2508 77.4254 62.2769 10
-24.0206 2.3207 1.9387 92.4181 -52.7735 -11.5523 -92.8088 -34.1835 1.9107 44.8927 93.7918 3.9491 -84.6766 54.4967 46.8555 -16.8921 54.7767 33.5872 -19.9263 -79.3623 4
16.7174 58.5856 65.3804 -32.8719 53.0099 -56.5130 -71.7768 -62.2929 -51.6862 63.6581 98.6439 -87.7260 46.3157 -17.4824 88.7747 -90.4105 -81.6693 -79.1516 -41.6154 -97.6952 7
16.9925 18.1419 77.8313 -41.3547 14.8979 -58.0500 -54.6864 -69.8379 32.1983 -3.8395 82.3623 14.4033 -43.6462 90.7678 -50.8550 5.1052 -44.2767 -4.2795 -33.6322 -64.9651 1
69.1525 46.3071 -82.5687 -70.7205 21.8032 70.3237 -58.2790 -62.6433 -34.9628 4.1692 -43.6354 -12.5960 24.3412 78.9777 -88.5280 37.7687 31.6619 -46.2161 70.8659 3.4403 7
-41.2741 -92.5151 -18.6769 70.5074 -8.7403 -5.1858 -11.2585 -94.0545 75.9594 -11.9156 14.9331 -59.9447 -31.8328 88.0653 -76.0134 46.3925 -51.7562 -25.9428 42.2487 -70.6563 5
79.6716 -52.2886 -67.1030 -71.2471 -65.4396 11.4631 -75.7126 -3.1480 -63.2668 41.1684 -50.0367 -85.3088 14.5731 45.7101 89.1978 2.1542 69.7153 32.7863 -13.2055 54.8398 5
17.9762 78.4855 -74.3125 46.8207 75.3223 -95.3653 -85.5496 -7.5125 11.1554 20.6359 92.7852 -16.6963 62.3664 6.7268 65.7227 -27.5685 68.2167 -13.7256 -29.5001 -87.2489 8
-52.5891 25.7584 -60.8344 72.5435 60.3742 -28.1470 -1.4719 51.1943 36.1074 -8.9008 -56.8011 -88.3559 82.9163 78.1754 -35.1467 -65.6054 -79.6397 73.5417 92.6924 20.0943 3
91.1273 23.6698 -47.8081 -93.3989 -58.1008 31.2624 -84.0254 80.7559 96.8603 85.3999 -81.8833 71.9856 85.3425 50.0091 -69.3432 74.8326 -88.2079 35.1513 -14.2027 73.0181 5
-42.3913 38.3299 -2.8996 -84.3676 -50.0320 -3.9206 15.7126 -56.5112 -82.1187 61.9885 8.7717 -3.2128 -19.4491 35.2839 -28.0950 54.5728 -35.2180 -16.1428 34.8531 -78.1972 8
84.3964 -74.2010 71.4526 22.9004 65.7692 47.3290 54.0714 -96.1123 -45.2109 -14.9169 -45.5162 54.0543 85.5031 33.7328 94.6234 60.2843 74.8706 66.0284 -28.3503 47.9524 5
-53.4236 62.4997 78.2790 12.2321 73.3177 -89.2123 -12.5982 -53.3565 -23.7900 92.1568 -41.0260 -60.5211 12.1122 9.9582 -75.3710 61.7901 35.2801 53.3475 79.3013 74.3506 10
-42.3406 -95.9966 0.6993 -63.0397 -9.6421 46.4003 -0.7217 34.3637 -15.0128 54.9008 21.5968 -97.3537 -84.4970 61.7313 52.5359 -91.0094 -94.8680 4.3067 -97.3419 -50.2960 2
71.6904 30.2010 16.7174 97.8678 -82.9650 -48.3722 26.8483 8.5728 37.9199 14.3806 -87.5692 -60.9220 -78.6337 68.9423 -64.3107 -82.3277 62.8285 -4.5544 -15.2604 -13.5917 7
-72.2919 -22.4228 -14.5764 -60.5953 -97.0992 -31.1568 -36.6544 -24.3008 16.6278 -56.5389 -89.6277 39.3222 -68.6838 -27.2834 34.6395 4.3213 75.3529 4.3982 -90.7286 -28.3130 7
48.1606 -89.2483 15.1347 -40.0999 -25.7120 27.7339 -50.8377 -7.1205 -34.6834 51.8887 46.9959 17.7945 -15.4363 91.7424 -32.0702 8.3848 -95.3021 -70.2599 -72.2985 -77.3821 6
18.1452 -97.1709 3.9848 -50.8773 -98.4675 -19.5096 -84.5232 83.0062 -31.6922 85.8301 -2.3925 63.0266 34.4059 -77.8748 88.8793 65.8068 -55.1052 57.9712 -41.9421 -46.2141 3
-97.5322 36.2102 41.8353 -37.2330 -98.7855 2.9308 60.9835 -6.5374 -22.4532 51.3961 -73.1364 -30.5694 -68.9018 70.2307 44.8602 54.0240 76.6749 -53.4832 93.2216 83.4129 8
-76.8026 -70.7000 91.0093 -12.6267 -5.0353 79.3200 -89.9855 89.9722 19.0825 59.1329 70.9581 1.4380 -90.6804 -32.7405 -30.6476 -31.0618 -34.1358 94.6577 94.1125 -46.3135 3
-43.7008 -28.0411 8.3163 92.9274 -21.9150 48.0715 13.1198 -86.1836 -35.1157 -57.7942 14.7517 -72.6809 -8.0611 6.8174 25.8025 4.9361 -12.4812 34.9307 -10.7474 13.6354 4
-44.5564 -94.0372 -99.7055 -56.1824 28.3002 -16.8080 29.0791 -88.0644 57.9492 5.8039 -48.0291 -19.7656 -56.7487 0.3822 81.5223 59.9646 83.8085 -63.0353 -2.7070 56.4109 6
-26.5291 30.0718 -34.4472 -69.1649 -44.7189 7.4153 -22.0296 -96.1048 57.5018 77.0929 -28.8895 -74.8308 -47.2515 96.5386 -60.8741 71.1592 2.3122 -46.0221 -55.9767 70.7631 6
25.0345 -71.7491 64.0802 99.1808 47.0432 -31.1982 80.1977 61.7681 39.0950 41.9783 -1.0519 -56.2521 -53.4793 41.4566 -78.3818 -81.7233 -48.7457 23.9102 96.3791 10.2008 10
-72.3463 -67.7005 43.4243 -5.6546 37.7019 17.6479 41.1952 74.2685 -8.0403 -97.8081 -93.0645 -19.8395 5.3495 -15.2078 -95.5478 11.2026 -50.0361 -27.8582 -63.0139 70.1119 2
-22.1239 17.3858 91.3453 72.9130 -70.4480 -2.0246 53.7067 11.6645 -94.9723 -66.8685 -7.3362 64.8987 52.6129 -85.9931 88.1983 52.2894 75.1477 -32.1022 96.9096 -38.9537 1
66.9175 19.0202 -98.0564 30.6422 67.9479 -10.9969 90.3460 72.6873 58.0404 -92.0515 -63.0151 4.6347 -96.2774 73.1015 27.1989 -31.6236 -71.6586 -37.5548 58.2319 55.2059 6
-59.6872 -74.7100 -8.2554 34.1776 5.8678 42.6718 49.1377 -9.4113 20.8803 -39.7115 -25.8369 -52.3564 -71.9960 -76.4596 -58.6969 -98.3424 -98.6473 18.9245 33.1899 21.6700 5
-37.9403 -81.7949 -64.8641 -3.7574 83.4066 -8.6424 27.0565 -65.0117 -48.4204 -94.6281 15.5673 96.2960 30.5948 25.5078 4.6453 -33.5686 -8.7374 -10.9209 -21.2648 -34.6315 3
19.5252 80.7753 -41.3843 -60.8202 -13.7655 -20.5808 76.6043 38.5707 46.0809 18.8901 -57.1601 64.5859 -31.9305 -68.9124 -11.2762 81.1596 96.5851 -28.9222 29.8395 -84.9031 8
44.1558 76.3307 -97.3422 17.1055 57.5943 46.2931 -42.5043 -32.7697 79.8834 70.3053 52.8969 1.4909 4.5254 -62.3867 -51.9973 -63.6616 -92.2251 58.7700 49.7678 91.1798 5
7.7826 -2.6017 -34.1503 -93.7688 70.0574 -86.9440 -92.7720 -93.6627 -48.3620 47.4703 -41.0808 73.0803 8.0814 -30.3316 -3.3068 30.5577 49.5961 17.5948 21.3000 11.2433 10
61.7694 82.1765 -30.8262 34.8751 68.6997 -82.4368 -50.6253 76.6677 -12.0350 -20.4722 -24.4856 -98.3846 70.2338 22.1516 38.4541 3.3861 91.6216 -40.6963 -4.4028 -70.3283 8
71.3428 87.2338 -12.2377 -62.9433 -94.1306 99.9365 -39.4570 -55.0494 64.7469 -17.9646 75.0195 34.9997 -47.2362 53.7934 29.6660 75.8668 -83.5236 84.1360 -14.0345 -35.5200 8
-20.5734 -16.7821 1.0092 -46.7183 17.4474 -57.3374 76.1742 -28.3339 16.2921 -70.4544 17.2752 37.1405 61.6554 44.4493 89.8714 17.1247 74.8841 20.1989 30.9191 33.7398 8
30.1759 -92.4565 38.6483 -68.6123 66.3683 84.4663 -46.8453 -82.4218 66.9271 -23.9961 64.1072 47.5562 63.9642 -95.2461 5.6188 69.4358 33.2083 -81.2662 -92.1039 7.2002 1
-96.6940 -57.2688 48.2379 28.0619 25.3140 94.9664 98.6823 -77.6928 40.7960 -74.3583 -78.6541 -4.2455 -54.0207 -98.8460 -77.8431 30.7787 50.0227 40.8968 -45.7693 -72.2176 3
73.5273 17.8490 62.3260 21.7316 -81.8827 -53.1575 89.9559 57.1653 -47.5427 82.5475 88.5905 11.8126 -96.6116 -77.0138 73.2595 18.6371 -43.4624 -33.0501 -73.2377 -5.0184 2
75.1691 82.3048 6.3982 -5.8917 28.2339 40.5486 -83.2038 -19.3296 -71.9994 91.9118 72.5831 89.8651 0.8479 -40.4382 -30.0203 -37.6270 38.3520 70.0309 83.2944 -23.3588 4
-93.2740 -44.0571 -41.2598 -2.3677 -81.8719 -80.8503 -39.7487 -48.5772 -36.4951 -73.6584 -34.1452 -61.2153 -17.2102 -12.9580 4.9460 -61.9603 -11.2672 -28.4500 -25.0041 -61.0183 6
-55.4809 97.5263 22.7135 95.8952 -5.4131 28.7493 -32.4725 -14.9246 -67.5702 10.3901 -15.8023 26.8002 25.8433 33.6904 67.5768 5.6179 24.9347 -85.9340 -92.2214 66.2558 3
79.4828 -34.5250 8.2712 45.2540 -31.8582 -1.7737 -50.7465 55.1021 -67.0086 14.4676 -66.4665 -95.8875 -75.4458 87.5301 31.4894 -53.6707 63.2471 -40.7181 5.3925 93.7997 8
82.8497 3.3931 -0.8436 -73.3628 -88.3728 96.3526 -87.7566 79.6058 12.9126 21.7408 -18.7466 50.1690 -37.7404 -10.0877 24.8773 -79.5255 -87.9340 -97.1445 -37.9768 -28.5374 9
-87.3391 57.1498 -97.5432 20.2626 -84.6507 -9.1686 89.6477 28.7305 -91.5937 -41.0637 -68.5821 -61.7464 73.9855 54.0224 -34.1308 -15.7946 -36.5146 -77.8556 -70.0553 7.9652 1
20.3915 -43.5628 48.3813 23.3182 -58.1435 -16.8264 -92.0934 50.1528 -2.9352 96.8467 25.9217 53.3709 56.2350 24.9732 -31.9483 -45.2861 91.1626 20.7784 69.9661 55.9768 9
-74.4492 29.3486 -55.9898 -17.2719 -16.1925 63.5670 9.0849 70.6558 44.6647 -21.2086 -71.4294 -30.1158 -57.0520 7.4764 -10.5740 50.6754 -83.3087 -46.5523 40.3979 -48.5422 7
90.4300 -74.1580 -78.7741 -25.4877 86.6290 -42.9990 -86.2163 -80.0144 -52.7101 -0.8401 77.5764 -46.7198 -4.0639 -48.4281 50.1752 -75.7473 4.9040 -20.3217 45.1897 75.7147 7
14.2189 84.4120 -47.4952 -66.0453 64.6395 46.9408 28.7456 90.8138 -42.1195 -77.5994 79.8490 82.0092 -29.2624 99.8195 -51.7357 99.4939 24.2726 -62.2723 -70.7858 38.0278 2
23.8077 -52.1445 26.9663 25.0065 24.7348 56.9161 29.8750 71.7671 -25.8958 -15.6821 44.4513 -93.9714 -99.7555 -82.9382 -18.2528 87.0249 65.9714 8.3122 41.4143 -57.7916 8
11.7192 -38.6695 -43.9701 -49.6653 35.9881 2.5122 -14.4874 -12.4055 47.5417 -44.2369 96.4124 58.8044 83.8509 75.0988 51.4976 9.6292 63.2032 6.1729 15.0435 86.5966 4
-16.2918 -97.8787 -47.5859 52.3344 12.6174 -27.2402 87.5305 19.2651 -31.5374 -32.5551 -79.1819 37.4273 -37.4174 73.1336 44.7695 -31.1623 -31.7870 89.9556 87.8218 43.9993 10
-6.3334 -33.1789 45.0384 -86.7670 -40.2605 76.0941 -13.1470 -58.4169 49.1353 98.0085 -79.8269 49.0175 24.9151 -82.0111 44.3050 80.8740 52.3142 -21.2776 -78.1524 -43.0148 8
43.1210 -37.2997 -47.7564 -4.4698 11.7042 95.2875 -60.6589 -83.2655 -74.5274 -65.1321 35.8753 -77.3147 18.5619 11.4636 27.5963 40.9970 92.2217 -8.7559 -30.9964 46.8613 10
77.9791 -46.5493 34.2839 -23.5556 71.4599 85.7326 75.7408 -57.2563 73.0611 -38.1972 72.5672 13.6370 2.6053 -90.9884 -45.5220 -9.4667 3.3736 8.2800 -65.5219 59.2694 2
-33.7245 -78.1043 -14.5562 -56.5605 62.5923 31.9441 -31.9513 -48.1387 -67.2780 8.7255 -7.6376 17.6381 -51.8275 -41.4350 63.2453 -20.2989 55.5447 3.7308 66.8577 -19.5195 4
44.8761 23.0151 -21.3103 83.7010 -22.7807 53.8228 46.0177 70.0665 -73.1181 -34.2361 -52.9400 -12.3791 -43.4788 75.4383 10.1454 -65.8537 4.7654 18.8184 -33.1229 -54.2133 6
-33.4531 17.2233 -88.1305 -80.3847 28.1345 48.9803 -14.7877 -15.3630 -66.4255 69.4241 -23.5724 23.8668 65.7426 -91.0443 38.9861 -69.0758 88.0477 -39.8506 39.8524 74.2953 7
22.1380 -49.6877 -11.5501 53.4871 87.5096 -95.6189 14.4859 65.2721 -87.5456 -96.9681 -4.9580 -66.8883 5.0029 -97.1932 73.3088 72.4647 -2.0063 -29.9724 46.6302 66.2310 3
-34.5647 -54.8645 54.1753 85.3580 27.2547 -42.8541 -85.4896 -78.8669 1.4841 28.3491 -78.6854 -25.1587 70.2090 -99.2682 -63.8999 29.6859 29.7462 -75.7879 57.9655 29.2854 9
-19.8563 7.0974 15.2621 23.2004 -90.3586 -21.9967 94.0691 -77.7945 79.1311 96.5985 -72.3675 67.1486 -22.4214 -93.7466 72.5714 60.0589 46.6452 44.5529 11.9365 -86.8719 3
-14.7947 15.2420 47.8551 -10.0801 91.2365 -85.7307 -31.6650 -76.4103 -83.0878 97.8406 95.0263 15.4884 -96.7850 75.6752 51.3273 4.5400 -18.5478 4.1321 -49.4904 60.4695 4
4.5369 -34.6827 -21.2422 26.8413 24.9503 -98.1416 -34.7265 -50.9709 47.4485 -56.5770 6.5710 -96.1134 11.6553 -0.1976 -23.1749 -58.5543 -50.9152 4.5117 37.9944 29.7670 3
5.5148 85.5161 96.4873 79.4583 -34.1147 -99.5705 -62.5484 -78.1587 -42.2860 81.5611 -45.0476 -34.4723 -68.6251 -36.0706 55.7373 3.9732 41.7063 73.8599 84.2150 63.0960 8
-6.5138 84.0458 90.4620 -74.9395 -52.7002 -24.8812 -6.5823 77.1996 99.9902 -37.3009 -75.4208 18.0549 -26.5286 -61.8694 84.3322 94.4503 -62.1241 81.9172 -92.1609 -83.4113 7
63.8230 12.0683 -36.2145 -23.6933 -94.8459 45.3362 82.5561 84.6807 -96.8034 82.5641 97.6422 -11.1228 88.0642 95.7635 37.2030 33.7242 31.5414 -37.1809 96.6571 91.8727 10
22.4173 -4.5012 36.0975 -6.1815 60.6508 -98.3767 -69.3152 59.8765 -91.4233 99.4491 11.3549 -48.6698 50.0203 -31.7474 99.9103 -11.6661 -10.4321 -11.9811 24.3270 56.5464 6
-31.7035 89.2847 -20.9263 -89.4041 -72.4507 -98.2246 -34.8791 -74.2997 25.9586 78.3869 -72.8666 -12.7563 -13.7490 93.9536 -46.3463 93.3943 -89.9882 64.3821 40.8412 -59.6695 5
-54.1279 -27.3770 -39.7881 -94.8299 76.5234 90.2508 0.9430 78.6836 56.4471 28.8791 -38.3899 -85.1967 41.5709 -88.4035 -36.7504 -77.0506 33.7699 -76.5180 -21.2854 21.2434 8
10.6878 -13.5979 80.3142 -8.8371 -29.5379 4.3219 54.6014 37.1858 42.4391 98.4322 -12.7536 -34.1521 95.5962 -32.1294 5.8860 79.7216 75.8858 84.6121 -47.8945 58.8694 10
68.7867 85.1815 -1.2101 56.1675 38.3854 -22.4744 21.4204 -91.2768 -55.6010 -9.5972 48.3965 -27.4280 67.4934 -89.2424 90.9516 92.0265 -1.9674 -29.8669 6.4540 4.9698 7
-12.0960 -78.2809 35.0236 -14.0367 60.6038 70.3894 -11.7828 -17.4716 25.8249 -21.8529 64.1802 28.7566 6.0989 76.6474 76.6801 -47.3086 -64.3769 34.2928 66.9224 93.2430 10
-40.3921 32.0344 19.0366 -39.2493 -55.5826 -8.9247 -59.1073 -40.0351 -39.8973 -70.7204 40.6585 -46.8181 -22.0217 -17.8919 -12.6916 48.8744 -1.6315 4.0887 -0.9540 -88.4726 7
-14.3466 15.1286 -90.1721 41.8261 -70.5035 -27.1889 29.5091 -30.8010 48.9868 -55.7136 -19.7393 -1.6075 -18.4844 58.6256 80.8199 -5.5963 -52.6597 -96.9444 -83.4890 25.9568 10
-60.8944 94.2793 13.5440 -69.2396 -80.9787 -14.6401 -93.6570 -81.4259 30.4552 61.1368 -0.5210 -16.1787 -91.4363 48.9475 36.0306 -14.7867 -46.6620 -61.9404 91.7225 -26.6247 5
30.4306 31.0311 60.7446 11.6987 -80.3476 -44.5362 -55.3898 -80.5986 -78.7081 26.5464 -82.5970 -5.7165 69.8175 -49.6605 -25.6962 76.1748 11.5755 -1.2976 59.7203 55.8563 1
-49.2952 -36.3598 39.0179 67.6497 -74.8890 -41.6142 -28.4059 29.3455 -88.0441 56.1558 37.3614 -93.0970 -64.4980 -32.4789 30.3560 54.5824 -65.2278 -75.1173 -26.9829 66.0587 9
-3.6306 -62.2692 -74.7147 -81.7746 39.0161 -87.8855 33.5740 97.0122 79.5321 14.9852 48.3270 -26.4960 -96.4663 32.4529 -29.9657 -69.0783 -7.0627 46.1771 30.8151 -11.1073 7
83.7953 -69.9986 21.4235 -9.5075 99.1587 96.4857 8.8158 -94.5716 -92.0275 -91.5706 44.7969 -62.1356 -65.1261 -63.5015 2.2778 34.5456 -71.0373 -82.5622 79.6668 69.9423 2
69.5086 56.1090 -6.0332 -90.0493 -60.8680 81.1016 -37.6025 33.6548 74.9317 -49.8524 -38.2843 -71.5901 -29.5199 16.6489 77.4597 -72.7540 -81.5213 30.3445 17.5991 88.8344 5
