30
100
99.8151 95.7363 -31.8257 74.1815 -8.6419 -98.0391 -14.6291 -79.0896 38.4448 -57.7765 -92.9477 37.9213 83.4521 1.8498 -66.4946 34.4108 79.5020 74.5024 -46.7799 -61.0771 67.8430 -46.0932 -28.6493 -8.2830 87.5683 -93.2972 43.5735 45.7150 32.4362 99.2415 3
-90.7200 -87.4036 88.4297 15.4558 -27.5689 6.3086 -85.9044 70.4235 -1.9990 84.7692 20.3779 54.9879 -39.4710 39.4591 -38.0943 3.6640 27.4589 -33.8148 -56.5814 93.3700 -37.2882 97.1854 96.6811 -24.5602 34.4926 -85.1469 -17.9665 97.2173 -15.5086 -28.8838 1
58.6566 -62.4570 -86.3437 35.4420 22.9922 -89.6711 31.7562 75.6291 -53.0504 89.2263 -97.7656 -66.5938 92.1902 33.1276 -0.8927 18.0316 -95.9003 -90.7684 79.0299 43.6076 -51.3715 68.6491 -31.7781 -48.0463 -54.1770 65.0398 -8.3709 -0.0313 -90.1560 15.5912 5
-55.8251 -62.1507 3.9619 30.9458 -24.5418 -88.0491 49.7838 -29.4474 -75.5537 -31.5377 79.9773 -63.5382 -94.8391 -33.7560 72.7848 33.4958 68.0558 81.6580 4.9467 81.1034 -9.8666 -26.6625 -26.7882 -33.0469 -39.9253 20.7990 -27.2013 64.2346 48.4477 77.1134 3
-56.7431 31.3680 -42.3628 73.3512 66.2293 52.8534 -28.6239 98.0147 80.1458 90.3524 -77.9794 -36.4042 36.6750 57.2404 -92.5964 -94.2157 15.0328 70.1987 -2.4340 -85.7997 -81.8474 -41.4192 10.7398 -95.9506 44.4023 57.7326 -82.5944 93.3680 -47.3459 43.5602 4
97.4439 17.3025 -5.9717 26.0485 32.8930 49.4661 89.6119 84.6187 -6.9785 74.8635 51.1735 -14.1467 -8.5385 -87.3325 73.4413 28.4342 11.0142 -53.4521 -82.8903 -23.3458 -96.9012 -79.0920 -86.5065 -32.4842 88.2163 65.6457 4.7051 24.2209 -66.9280 -64.0665 2
55.9509 49.7776 -38.7695 87.5384 86.4916 39.5685 -54.6772 19.6570 35.0197 3.9938 41.8723 97.2848 83.9708 89.7623 -84.6501 -74.9651 40.1702 -80.6729 -6.1256 64.6371 18.2087 71.7950 -5.7681 42.3471 90.7073 -71.5105 -51.5597 71.6474 -85.8595 34.1570 4
69.6483 46.4220 -94.3113 36.2507 97.9113 15.7687 -99.6486 -41.7924 -27.3854 -5.8553 -48.3662 -82.3823 -87.3435 31.0525 69.9857 -83.5531 -32.5158 52.5411 69.2925 60.9878 83.6913 3.8023 -72.3175 36.9480 74.9780 -10.9543 -95.6860 -45.8040 -57.9337 17.1407 5
-73.8893 38.6070 -80.3801 70.1980 -96.0471 50.2333 -78.6851 16.3755 -95.1771 33.9942 12.4925 -9.1003 -17.8365 -0.3910 70.7944 96.4674 -24.4363 -89.9587 -78.0089 -86.3936 -51.9189 54.7403 -96.9647 -86.7774 60.0912 17.6945 60.3618 47.6900 -43.6955 -5.0940 6
51.9529 -79.5952 -12.9431 -82.5199 -47.3482 -9.5772 -70.0535 82.7254 -54.7414 -36.1824 -74.1534 36.1562 55.3697 62.1087 -49.5778 -18.3442 -57.3297 62.0344 0.5112 99.0850 22.7067 -44.5310 64.3153 -39.3480 18.8767 -30.6089 14.7827 7.0041 46.9759 -42.9147 7
-69.9773 57.7457 -91.7138 -31.5094 98.5331 -34.8775 19.8440 -14.7404 51.2549 -17.2908 -85.7208 43.8394 -77.5685 96.5853 48.8774 -55.0478 -36.0325 -41.3398 -24.5721 -98.7289 -34.8675 -54.3724 65.8267 -10.4500 -24.1266 48.2846 -51.2540 -37.1586 80.1431 23.8647 3
70.5160 -50.2232 -23.4962 79.7637 24.3075 30.7784 -18.2153 3.2674 -77.7328 48.7689 94.6663 -9.0580 -6.1595 81.5424 23.6235 61.8612 15.7880 -46.4968 -46.0054 -89.8643 94.4775 -50.5001 -84.0034 44.0743 -84.6927 -18.4507 -25.9274 -29.7318 13.0994 -50.8120 4
-40.3884 51.2468 32.2706 98.4822 44.9653 64.5896 -38.2998 45.6678 15.1418 -24.1989 40.6138 89.0221 54.3441 86.5402 -41.3482 -72.9513 1.0386 -96.2079 40.6120 -24.9171 17.7726 -68.1421 6.5187 57.1763 43.0661 -50.6330 -62.6570 -38.1875 56.8350 66.5754 8
-92.1907 1.0815 19.9120 -54.5234 41.9549 -92.5388 -80.5690 -56.4924 75.7368 94.5535 -62.4596 -51.9444 -52.0724 10.5031 24.3422 -81.2077 -8.2821 -0.5142 -74.5836 57.9997 -55.3619 60.4345 37.0522 -58.3917 -3.2303 48.5166 49.9703 99.7097 9.6110 1.4068 1
8.3880 -74.3741 98.6599 59.6998 -58.9081 96.1944 -77.0178 -30.0158 -21.3831 -8.0930 77.3743 79.8357 -20.9100 -0.6246 95.9311 -89.2148 -17.3518 -94.3528 49.9202 25.0898 58.5863 60.1462 12.2927 -4.2182 54.9242 -38.3790 27.1255 -74.5658 45.5373 -46.1247 5
-13.9051 -19.7068 -97.4303 -76.0232 -85.8210 54.0064 -0.6695 -63.3087 -40.8226 68.4524 -72.2243 -50.6015 94.0732 30.0938 83.5633 28.0856 68.6209 92.1528 43.0168 54.8666 13.7066 65.1259 8.8325 49.2552 64.8461 92.2529 -88.7003 -95.5478 37.9196 -84.8238 4
-32.7458 86.0202 -16.5019 37.1247 -14.2422 26.4823 17.4307 -41.7823 -27.1270 44.2242 -20.5759 -95.6639 93.9059 63.4294 15.5104 81.8418 9.4796 66.2001 -38.9576 -79.8149 84.8677 37.8772 19.3475 2.6671 -93.7652 -29.1854 9.5301 43.6059 -8.8216 -82.9556 10
81.6393 -32.7526 34.9283 99.1765 66.7167 -77.2991 63.1464 94.3872 36.0779 -48.5111 24.3397 -19.8184 98.4447 -75.0841 -60.7877 55.5545 -1.9868 -95.3059 -45.2893 41.0796 67.1204 -9.2736 -34.6674 3.4533 -52.4904 -17.5168 65.3444 41.3416 89.7111 -20.4208 5
74.5536 40.5391 29.1222 89.8124 -75.1850 -73.7846 5.3318 -50.4831 -95.8662 58.9467 91.3578 42.2760 -57.7842 3.6837 63.3099 46.7339 -39.5620 66.5543 -5.8285 -53.1167 -69.9441 34.5061 -38.3744 -76.1086 55.3048 -65.9000 -39.9838 -73.5393 67.2751 40.3393 7
-1.2542 66.2821 -88.5838 6.0819 30.3560 96.1387 -80.0686 37.0533 -31.4385 -41.1832 60.1032 93.9732 -55.9059 28.3931 76.4345 61.5036 93.0752 -58.1248 -20.5280 70.4090 -93.6293 26.1169 0.0010 -92.9672 -69.7468 5.7349 5.9800 57.3649 -75.2555 -1.0975 10
21.1812 -74.4222 -28.4826 94.0631 91.1042 57.4117 48.0689 50.3480 -95.2223 -43.2818 91.2840 9.6765 92.4599 -20.7001 -81.5410 -90.6326 -96.2650 -13.1372 -28.4569 -67.7553 84.1904 -81.1257 9.8953 -99.7271 88.1907 -46.7092 -93.0181 -9.4097 -59.2262 -78.9940 10
40.9524 -34.4676 -88.9034 28.9092 -73.5770 85.0036 80.0150 0.1064 97.1788 28.0380 -38.5236 -35.0237 -5.3457 78.9091 -18.4319 53.3991 -51.9511 42.3432 -55.4839 -36.3122 -0.3298 40.8247 44.8056 -50.1511 49.4840 -63.0706 -0.4062 -67.2877 -66.3666 -50.3546 2
-57.6797 40.4339 84.8157 -46.4860 -19.5781 -4.3596 -4.5907 66.0471 18.2033 -15.5850 27.0607 -18.0588 11.8250 -29.8696 -80.2638 -5.0144 5.8759 4.8708 27.5508 4.6472 97.3880 -19.5756 35.4219 35.0718 70.3148 -16.5077 -2.7782 53.8532 4.5212 15.5632 6
-42.4757 30.4544 -48.1114 -58.2105 -31.8278 -52.5004 -61.5767 -0.6352 -28.8065 -35.4962 -16.2022 -78.5896 52.8335 -32.4589 -30.4205 16.8405 86.4025 24.7809 -78.5510 -69.2223 -16.0520 -3.9742 95.3782 -3.6703 18.3944 -88.5428 71.2956 -6.6890 -98.6853 64.5274 9
67.0554 -73.9693 -45.8368 90.9468 -63.4248 -67.9260 50.7277 92.9458 -35.5300 -26.1427 81.2320 -47.3758 14.8537 -47.2702 -21.4852 53.1819 -5.4306 -54.9996 64.1260 7.2181 -21.4767 5.5364 -48.8843 99.8932 -77.1171 72.6846 -73.8024 87.0131 40.4325 73.1480 9
-42.2359 -22.7286 -48.4870 -34.7525 35.6203 75.2832 74.4492 -82.8958 71.4466 -3.8167 -60.9152 -68.1949 -25.5003 35.0193 -77.5450 39.4328 -36.6518 81.5980 -57.3057 43.8365 -32.4885 -0.7654 81.1448 -72.3255 91.0101 66.9744 25.1918 19.9761 -1.7859 -55.5182 7
-6.9968 74.1552 -62.3675 28.5248 19.6956 -7.8992 -46.6076 -49.4227 -1.4983 -12.0600 -40.9087 -13.3916 -54.9144 10.3393 85.4799 59.4139 -75.3080 22.9356 -45.4550 85.3433 -60.8330 45.1152 43.4754 60.4674 -82.4008 45.9956 -29.8098 80.1816 -69.7022 -55.1322 8
94.3444 -89.3984 44.0098 78.2997 -95.5920 44.5912 3.0947 5.7138 -81.2797 -57.8207 -21.1071 -60.5144 99.7145 57.5978 -83.8201 -64.3894 -63.0394 39.4456 49.7747 63.0182 39.1519 42.7434 -6.4541 47.5637 -72.3241 -47.3945 -23.7531 32.6074 13.4492 46.1313 10
-79.4369 -85.4006 -24.3535 -73.2998 -59.9881 5.3834 56.8271 91.1046 -79.5472 -77.3252 -0.7339 -35.3430 -68.3125 -15.1650 -33.9073 -29.8198 84.5581 -73.1292 7.1462 -99.2002 -28.4602 -96.7513 18.1574 72.9560 -66.2698 -7.4532 -11.3206 67.5015 -71.8324 -76.7127 6
90.2764 73.0790 -13.1839 -84.5000 71.7684 -39.7291 20.5343 -50.5964 2.0255 -46.3112 -30.5217 -61.4760 66.8940 -55.3621 -32.2794 33.7910 -91.6781 -71.0796 36.9942 -4.7987 -68.6709 -73.4699 -28.6321 45.6999 76.5854 39.4188 65.4986 -79.2432 77.0887 -45.9660 4
-83.9581 19.8038 -20.0059 91.6906 -39.4600 98.1940 93.1500 -47.3718 83.5896 90.5069 -16.6765 -31.5652 41.5768 -98.4275 -66.2222 -81.7918 -94.4086 -65.5809 0.2527 -50.0013 15.1312 -6.2493 -76.6410 -64.8983 67.2385 23.6513 -52.8947 -77.3924 -32.4439 -30.2982 3
-88.4074 1.6575 74.1511 40.6541 -74.2270 50.6219 -45.3226 18.4201 15.0419 13.5137 -48.3423 3.7971 -95.8194 74.6545 81.3990 75.2204 96.8671 7.4096 70.7784 -44.1317 39.1999 -77.6110 53.4862 -97.4382 -18.6524 -25.6770 -34.5225 -1.9442 40.1401 12.7550 10
-67.9239 70.1366 74.4044 -37.2742 41.9462 92.4292 -53.1978 -79.6960 -2.9787 -60.2086 7.1861 -30.9525 3.4907 -87.8840 -2.4739 29.6283 53.1493 -10.8367 16.3068 25.3140 83.0998 34.0388 28.8571 -70.9159 81.9333 9.2188 20.8391 -74.4268 23.8926 -93.1841 8
50.5853 31.9888 -63.5887 -4.4101 -38.3587 -91.6204 -87.3392 87.1887 -5.5756 -29.6772 25.3334 -26.1066 59.0802 19.4578 36.4429 -63.6014 -26.7191 12.6826 58.6436 44.4488 55.2917 27.3571 -61.1091 -33.3423 49.1260 -58.8770 38.6755 58.1660 -25.5016 87.1797 4
35.9721 -73.6156 -16.7413 -32.1447 78.5902 -81.7094 68.9323 96.7546 50.9060 84.8758 -99.3057 62.8688 50.3116 -98.2792 92.0300 -18.9629 -42.3077 97.5414 9.6104 37.4368 -25.0444 7.6042 43.3617 5.0755 56.6149 80.5116 56.4626 95.8534 -72.5018 81.8634 1
-6.8921 17.1058 32.2627 -68.1930 -67.3909 -59.5168 71.6059 -12.9353 63.2605 99.2989 94.4387 -52.5013 12.4678 77.7057 35.9228 -72.8563 2.1727 -93.5871 44.4212 12.4660 -45.9018 -55.8724 35.4353 -54.4668 -68.0678 -96.9849 -43.2481 87.7469 98.6314 92.9827 10
-21.3013 33.6224 76.0828 54.5813 83.8364 7.8051 -50.9642 -91.6827 -24.5121 30.2695 -3.7285 98.1191 -30.4679 -30.6735 -86.8919 -52.7764 -91.2263 85.3514 -95.9582 -43.6696 30.6298 40.6801 74.5148 -84.6896 -61.2609 9.9390 3.8485 82.4807 6.3645 -49.4299 5
-79.2739 -96.6591 63.5971 96.0471 -74.9747 94.4483 16.5071 58.5567 95.3820 52.8431 90.7262 -12.3538 -91.6885 -5.8817 -8.9184 -49.1748 -13.7834 -49.4110 19.1970 83.8780 53.1329 61.7597 -23.9906 -17.7806 -41.9714 -52.7081 1.7924 86.1700 -95.9104 -16.2783 2
25.9576 63.1463 -35.8090 -59.5404 12.0832 55.7125 63.3139 -82.0996 29.8541 -32.2259 -80.9105 -77.5025 11.0914 56.2319 -25.6622 76.5225 34.6651 15.4053 22.0533 30.4330 17.3782 28.5440 8.4266 47.7646 -66.6497 50.9280 53.2107 -88.9542 -56.5283 -86.9325 9
-74.6594 -61.7187 -81.6203 -32.7636 -10.3006 52.5978 -6.4098 88.2097 0.8970 10.3633 96.9459 -41.8840 -99.0865 23.5748 -92.0209 99.3778 28.0071 19.7327 46.6411 -48.5995 -67.8318 52.9910 -75.8742 -69.5993 49.6631 -2.7045 -82.9653 9.3084 -75.1325 -18.8838 9
-28.7373 -22.7508 -31.7920 -28.8272 -4.0001 13.1900 51.5207 49.4185 -22.0422 -18.6106 49.1128 53.9954 -45.7206 59.2252 51.9914 -22.3427 91.0279 -90.1730 -49.7668 20.5631 69.9129 -14.9223 -5.8226 -90.9100 89.4265 72.7117 15.7452 -10.4653 -19.2922 -40.3836 9
-47.7881 92.9680 -27.6831 13.7817 2.7112 -64.3206 -46.1841 15.9289 81.2992 85.2206 63.3907 85.8875 91.2780 -63.0794 98.9247 4.3193 89.9887 13.5814 -26.9555 -50.9900 43.5838 10.4341 55.6130 28.7040 48.6296 -63.7740 -90.5713 17.5738 -47.0403 -39.1140 6
-69.9493 -40.9831 29.5919 38.6875 39.4611 66.5183 -46.5628 80.5603 -80.8630 -33.9202 26.5729 56.7514 64.4587 -65.7380 2.8295 47.5403 21.8743 63.9345 -53.1782 -61.6005 37.9737 28.7713 -18.1735 -40.7621 86.0420 -83.2915 -24.9843 -33.2912 6.8065 -7.7549 2
98.4782 -61.0178 65.0520 -9.8067 -58.4426 31.8962 -27.5527 -64.0214 -4.2685 87.6104 -52.4200 44.3452 -44.1411 9.3524 -32.1782 47.1986 34.2035 -58.5014 -65.3367 -44.8287 -88.6469 41.1043 -82.9824 -70.5256 61.5914 9.8985 74.1795 79.4293 -75.8622 64.4848 8
14.3460 -15.7259 -61.0846 85.0669 -80.0020 -88.0075 -67.8072 -49.9450 21.5037 -73.6903 57.6273 82.4608 41.5811 46.8934 -94.8599 79.6974 -16.3350 74.3238 38.4233 63.1087 -50.6498 -41.6155 49.1562 98.3151 35.8564 -79.0340 -54.2769 -49.1512 90.5237 69.3541 2
-65.1032 39.7389 48.0016 7.3288 -33.8442 13.1027 22.3397 30.2334 6.2603 45.3264 -85.8708 98.4605 44.2764 -42.9678 -5.2565 -18.0353 43.9042 -9.5196 -18.7122 -78.6001 51.4198 22.8586 62.4597 -35.0386 -68.6285 -40.7020 61.7174 -54.4146 0.3126 -43.3611 1
-44.8696 -24.1357 4.4997 -4.1833 2.2563 26.0136 -99.6713 -33.8264 -71.7957 -23.9322 49.6014 52.4965 35.2510 73.9610 47.6166 97.6000 -76.4140 -41.0679 36.9969 83.8131 -24.5570 -94.3043 -55.1073 15.8122 -85.2266 69.4714 -59.5293 47.0628 72.0298 -60.7926 5
84.5183 -97.6651 69.3652 86.3364 -12.9223 -29.1693 -31.0949 -47.0247 -36.5279 44.9590 51.2152 -13.5782 58.8848 -17.7318 89.7695 -91.4937 -34.1856 -96.3715 4.6465 -97.6439 -89.8436 -23.0172 88.3630 14.0836 -34.4210 -93.7915 64.9593 -48.1364 -24.7674 16.5731 10
-91.2626 40.0606 -83.7003 24.7168 -94.8338 -0.3717 -6.6371 -56.5323 -8.2581 -74.1146 -20.5813 87.8213 8.7695 -58.0215 -34.9548 20.8089 -10.3388 -85.3266 28.8913 64.6342 39.6381 81.4627 35.8139 36.5024 -97.2175 -44.2578 65.8770 90.8916 6.3577 69.3839 7
87.5147 46.2558 37.7312 -9.0865 80.5982 -9.6927 -83.7077 99.9851 65.2638 33.4978 -11.9757 -93.1721 -18.8223 -2.6824 -35.1575 78.3509 -47.0971 59.4401 -32.6118 -77.3414 -5.8072 81.3514 -38.8690 69.4659 64.6276 -73.9579 -43.0341 42.7022 -59.6808 -63.3804 5
56.6572 -48.4600 92.4201 -2.4641 60.3093 -14.8347 7.3306 19.1477 -12.4813 15.8531 72.7861 4.9198 -77.0029 3.3810 -75.4609 -67.7899 11.0044 -9.6211 76.8149 -66.5130 -17.0427 -89.0098 -33.5890 -58.1028 6.7697 52.1850 -8.9858 12.7498 38.5004 -32.9764 3
13.8675 68.8531 43.1124 0.3917 91.4591 38.7626 46.5016 -24.4059 10.4900 -93.6821 -50.1435 -1.7584 -95.6602 -14.9606 -5.5419 72.6717 -76.7551 -28.9637 -95.8840 36.0395 -36.3478 -30.3131 -50.3935 13.5236 56.2949 37.3517 -87.5663 78.9459 -99.1558 43.1637 3
72.8573 -67.3374 -88.7840 13.8012 31.3917 16.6150 78.8209 -63.3822 -44.6657 12.1071 82.7829 87.9451 -6.7204 43.1655 -57.6503 -65.2337 -31.9455 32.1247 -63.3679 -20.8895 -73.7976 -80.6307 94.2208 39.4330 -10.7467 59.0946 63.0412 -42.6036 -58.8709 -12.8994 1
-13.6464 41.2424 -22.2464 32.3181 48.6703 64.4309 -30.8126 59.1445 53.9221 64.9856 88.1621 11.8345 23.6926 64.5089 21.8870 60.3587 31.0456 85.2534 47.6660 -77.3775 9.3449 -88.7986 63.9968 -29.3042 57.8740 91.5118 80.1238 47.1386 57.4361 32.3927 2
-91.6154 -50.1501 -69.8474 -81.2769 46.6160 67.0971 -2.5065 -48.9922 -57.4339 77.2551 25.2507 28.0488 14.3925 58.6723 -52.3987 -80.8429 64.9576 -62.9260 41.9051 -15.7349 35.6846 89.7868 -54.8056 -6.5750 -74.9167 -89.9626 68.7488 32.6307 -35.0215 -82.4045 5
-3.8571 -15.3414 -26.4037 -6.2275 13.5152 57.4465 -93.4884 79.1267 -30.4215 76.8294 -47.4051 53.0247 -3.6492 -97.6190 -24.7657 17.2697 -50.2446 -83.5123 -94.7619 64.8102 19.2044 -8.9618 -54.8098 -67.4583 -88.5161 69.2387 -48.4375 3.3145 12.0390 74.9647 2
52.1550 -20.7712 -42.1224 91.0077 29.4513 -89.0200 -65.5655 69.7253 5.1123 -37.1688 15.4591 -0.0536 17.9268 -70.9134 71.5582 78.7506 -66.9288 -25.1868 21.6374 73.1318 -92.0922 -90.3894 -74.0857 -13.3948 16.3073 -4.1590 2.1401 2.6055 -27.1896 -75.1477 2
86.5836 -57.9996 -79.4644 -59.1316 -12.7744 31.5985 98.7452 44.3252 20.3032 -87.6067 -91.4288 5.2482 -20.7231 -5.1090 14.3492 -65.5842 57.9043 -86.1303 -67.6304 -68.8107 -90.8024 -83.8482 15.8840 49.8183 31.4932 -95.6618 -36.6663 11.2023 76.5483 -52.2372 9
-17.5469 -67.0309 -13.3225 26.3258 -58.5267 -92.4371 49.2549 20.2110 40.0458 -35.3630 -60.6334 -5.0678 65.9048 -26.0287 31.2808 -92.4689 78.5143 41.8187 -54.1237 88.1937 7.5609 16.5661 14.5875 61.4891 68.0943 86.1558 41.3608 41.1226 -16.9391 -55.1990 5
30.6715 2.2799 23.7651 -32.3353 97.2744 79.7875 -89.7383 -26.4533 54.3864 -58.8887 79.2367 41.2754 79.1295 -48.2543 60.8508 -4.0788 -27.7478 6.8305 -96.6883 48.6098 -6.8313 61.0116 -89.5976 5.2291 -80.3698 18.6232 -21.6629 -91.4044 47.9496 39.6266 1
98.0622 -44.8470 -58.1503 -0.8223 79.5308 24.7433 -78.8116 -51.5633 86.7776 -9.4958 -22.6981 -51.5920 -44.6643 50.0441 35.4480 -87.0070 -74.1418 23.9192 18.9666 63.6225 -45.5923 -39.3256 -91.6038 -19.6385 41.1956 76.5662 96.9521 -31.7213 28.0988 15.3474 4
-90.4604 -53.1371 12.6014 -42.0219 -64.6944 22.5613 -78.2371 28.7471 -2.0283 42.1393 -73.4951 25.0997 40.7579 61.9688 17.5545 -32.3011 -30.8885 42.1832 45.8372 39.6158 -1.8905 87.4585 85.1463 -15.0359 -71.2976 44.7496 20.3632 97.0213 -86.3558 -26.5047 2
25.7282 -23.4224 78.1328 -62.1055 47.5606 66.0822 5.4432 43.1928 -79.6190 -20.6285 -90.2173 53.5130 7.6364 41.3113 74.4399 -56.9187 66.2846 -73.6429 4.4751 -15.1591 -45.4339 66.1332 18.1169 -88.9642 76.1928 25.1098 42.7230 -74.1839 -37.7868 -2.6574 2
27.5310 26.8776 73.8683 -53.1729 -66.2944 -27.8860 -26.8651 -1.6019 -6.4484 -67.3841 -78.7045 80.7460 -64.7645 58.3687 -82.1201 -31.4006 -21.3446 29.5628 -54.0163 35.4774 53.2873 -71.6203 99.0753 -60.2622 -70.3343 56.9150 -20.9979 -5.3417 -74.2117 -56.4733 3
-1.5127 -78.8670 88.6455 88.6441 28.2269 -82.6709 -87.6457 7.4140 85.9978 16.3768 -96.9091 -44.2094 26.5561 91.6950 95.0837 -4.7314 -40.1440 5.3220 -28.3345 -56.5587 32.7555 64.0164 35.3484 35.4857 43.7150 -27.0074 -85.4943 -75.4360 -23.6492 -3.3362 7
-20.9841 -83.3334 -62.1878 36.3841 26.3529 26.2121 -12.2336 36.4470 15.5078 -40.3584 59.3971 66.9361 84.5389 20.1929 97.6472 -78.3574 72.2557 46.2425 51.3984 37.9424 51.4394 76.3897 75.0755 -77.8348 -92.1863 -1.3227 10.1673 -22.6094 20.4125 84.7045 10
48.2922 80.8398 -55.3879 46.1317 -82.6525 -59.3123 34.2310 63.6213 -18.1015 77.6020 -84.9019 -41.7891 -79.4679 -34.6795 -89.5639 -62.3733 53.4355 31.3592 -46.4568 -8.3450 -58.2880 -8.9033 -20.1045 -5.8372 -89.1729 1.9487 51.2754 20.4044 -87.7022 34.0708 2
-21.3160 -60.1499 -4.3448 -66.8683 63.0950 15.4528 -23.7878 -96.9984 52.3145 -92.0089 40.9150 -62.8191 -83.5739 29.2720 88.7623 -65.5322 66.0976 44.1544 26.4267 66.1154 -59.8971 85.2364 -32.1066 -66.7635 -54.4941 -76.5998 -0.5910 49.2836 -15.3324 94.8294 3
63.3936 -4.6920 -10.2584 -35.1070 -30.5615 -27.5893 -60.3802 -87.1158 4.6752 -12.9941 -6.0206 32.2641 36.6063 -80.5673 -1.0394 65.6594 -26.2007 62.7425 5.9074 -70.2744 12.5272 -79.2591 10.3930 95.5999 -84.1929 82.3637 84.2163 -74.6949 -5.7293 47.9974 7
35.2939 -22.6093 67.0567 -3.0974 45.8696 -1.0667 -24.0139 74.1946 4.4933 -47.9597 -83.9240 -13.9705 18.0187 21.1072 -7.7768 9.9232 93.6105 -38.5918 -52.8487 -79.1142 44.5678 -53.9687 22.6600 55.8789 -67.2658 31.1309 -10.0179 -29.3965 -69.3027 -94.7273 2
47.3996 -64.7953 50.2782 12.4659 -77.3289 36.6020 -72.3032 43.7483 28.6003 -22.9829 68.9799 49.8900 -50.8219 -99.1498 -57.9514 -95.9972 73.5967 -19.2399 -39.5485 22.1787 31.6780 35.8977 -46.5349 6.3420 -80.8947 -87.2995 -83.5061 -73.2504 -33.7728 60.8989 1
-94.8162 -24.4146 -41.0260 29.7885 -30.2299 -9.2412 -75.1582 95.7172 -36.9992 44.5047 -62.2922 -36.8678 -45.5443 -23.6820 -82.2380 78.6281 -44.7832 -54.0404 38.0464 -37.6212 50.6716 -30.2394 -36.7091 -43.3049 -77.6843 -71.7203 16.1005 -79.2205 84.0017 48.2150 2
73.1976 55.4111 13.7823 -30.8368 -95.7460 -49.3139 55.4887 -30.9022 55.7531 78.0449 95.6450 -38.6390 -51.3927 -69.5594 -38.9063 5.2056 -98.8852 -66.6088 -0.1385 -78.8108 -42.4371 -69.9363 -99.8501 44.6336 -68.4022 -64.7156 -14.4970 -93.1647 -3.5632 -35.0087 10
96.8090 -2.9411 -64.1074 -66.9478 -9.7881 54.4495 -19.0129 35.8290 -61.7505 63.3728 -37.9724 32.9704 -31.8233 86.5168 74.6067 -54.8938 -84.1759 34.2052 -98.7521 -34.8514 -22.3841 53.8089 -9.8265 -7.8311 50.6697 -17.1448 26.4001 67.8823 -52.0257 36.9449 10
-23.4384 -72.3177 -61.5905 -24.6332 83.7285 -13.1196 44.8468 28.6290 -74.1644 -49.5171 -40.2636 84.2177 -30.3382 6.1873 -32.0956 -39.4979 87.5089 -81.6643 -52.3065 2.1137 78.4522 -53.0544 -59.0885 49.5035 -12.9923 -69.3939 26.9019 15.8428 -5.7033 46.0384 10
26.9275 40.2647 61.9458 24.4943 36.9713 -59.5009 -30.6879 67.4107 -97.5490 63.1172 70.9734 69.7289 -88.7460 54.4829 -59.8908 -2.4287 73.8818 84.6821 92.9952 74.0345 86.8869 -48.3757 84.3073 6.0598 18.8145 78.8841 -71.6092 -85.0662 40.4900 -96.9468 3
53.5698 0.7540 -15.5068 -34.5465 -13.9762 -85.0973 -5.3087 86.7526 -98.4809 -15.4693 45.2967 -28.1114 -86.1463 16.8537 96.2273 -97.2604 -5.7115 -68.0271 88.2222 43.1282 -20.8402 -63.2025 27.9253 50.2936 82.8198 -16.0564 59.2343 80.7642 -32.4796 74.0751 10
99.8049 -58.7710 18.6945 -67.1538 21.7918 22.5539 -0.0761 -75.4759 97.3318 81.8268 -67.0978 -15.9795 50.1925 -70.3979 42.6975 11.7246 21.8270 -12.3185 48.6070 50.0500 -30.8868 -64.3462 50.2412 -62.7126 -36.5793 -67.4700 -58.8714 -95.1890 93.0333 46.5146 1
-49.8908 -1.4204 45.0299 16.3179 73.7571 -90.7366 -69.8177 98.3526 25.1677 88.2273 -22.7245 -34.3794 4.1659 11.5683 61.0719 -3.5418 39.7121 69.1733 30.7504 9.2490 80.5160 39.2036 82.8532 -5.4849 -40.3506 68.5233 -13.1792 -26.9380 52.5836 -60.2289 5
8.1922 -10.9115 43.3678 -66.3724 -74.5452 17.3385 13.2111 76.5703 90.8705 -75.8528 -32.4363 -97.5051 -3.8255 28.0974 49.2744 39.8268 -45.6022 51.8729 60.2690 71.8039 1.1124 90.3703 -61.8491 41.5026 -16.3119 -41.6920 -77.3631 -92.2275 18.0170 -42.3133 10
-2.9175 81.9835 -94.5323 -47.5072 -1.2611 88.5405 10.1370 -27.0032 14.1941 41.1025 -51.3245 -8.2001 -76.6841 59.7024 22.0488 9.6502 -32.4270 -59.4753 -89.5736 -70.1626 96.3092 -68.0142 -88.6885 -31.2864 27.0533 85.0369 87.2897 -75.8215 -23.1066 -42.1200 3
-38.4619 -68.0629 -80.1555 59.2818 -14.9530 -83.1468 -79.2316 -5.0902 -92.1323 -39.8039 62.9429 61.1758 82.7619 97.3627 -11.4092 -71.2357 -26.7713 -77.9363 28.0207 -4.3853 -50.0516 -18.5056 -2.8767 44.6315 -96.3295 -66.4555 -28.3104 -0.5393 -12.5705 -34.6906 5
-35.7616 -65.0948 -94.7715 87.2528 -63.7143 58.3677 14.8069 -80.2159 -26.8851 56.5845 -82.6397 78.0218 -97.6989 20.2462 -41.2607 89.5041 -19.6988 99.7635 -64.7240 -4.6726 10.1860 43.4694 48.5657 -76.2267 48.2896 12.7476 13.6428 -65.6118 96.7924 22.7612 10
-7.6697 -91.9893 -64.7745 -84.7648 -14.5349 10.8084 -79.9169 -58.3552 75.7038 92.8384 24.4493 56.3185 82.0208 53.6764 -72.4979 -90.9147 -92.4937 94.3929 -14.9864 32.6908 -4.0741 -97.8431 -85.8398 -93.0179 12.8236 40.0314 46.5835 -97.3684 -16.3041 98.9458 4
-78.9385 -47.8078 52.1468 -57.0076 -77.6821 4.1879 65.5137 5.7428 84.2310 -44.8803 -89.7321 -32.1841 -44.1628 49.2133 83.5297 41.7865 -46.8015 42.8837 45.4825 22.5710 1.6702 51.4121 61.4601 52.1613 -68.3588 -53.5954 -25.9633 14.1307 -58.5265 32.0641 6
92.3934 -25.7381 39.0297 73.5226 52.7870 22.5920 8.3641 -58.5379 67.5258 -30.1971 -70.5997 -17.5043 -0.3279 -24.8321 -61.4064 -88.8681 -40.9401 69.7306 77.8959 -72.8851 19.4965 46.9660 59.1254 26.8532 -73.0788 -86.0281 84.0127 -39.8264 54.2449 -73.1226 7
-37.2598 -84.8699 -59.0648 -32.0612 82.2314 64.3835 29.2070 -25.3753 -4.8312 58.4251 -21.4995 -88.0313 88.7843 -96.4278 -24.5722 89.7015 90.7267 1.7006 46.6187 -5.7888 -39.5695 -43.1504 -46.2627 -65.4872 -33.9857 -33.5937 66.0391 -8.3487 84.7352 -40.4158 10
77.4046 98.4838 -19.0011 89.0106 26.7022 67.6440 -18.3303 27.6823 41.7869 63.3691 -66.6456 -43.8470 63.0306 74.0678 37.6678 -39.7998 62.0168 59.8836 40.6257 -54.8621 42.6724 96.9920 83.9596 84.5808 41.8965 82.4463 32.3891 7.3469 63.0253 -53.5014 10
-70.0384 46.4827 -9.8522 27.1964 36.5059 -17.4260 -16.2491 -45.6001 -57.0508 98.8910 86.1027 -42.8615 -15.4496 55.4321 88.1705 -31.4287 59.2910 8.1685 -29.2487 -91.0370 93.5813 -87.4220 26.0884 -92.2254 -28.6127 2.9886 -19.2434 -16.1868 -65.9780 -69.8009 6
-56.4452 -71.0617 6.0024 -63.8366 -93.5539 21.3764 65.7723 -78.3629 -90.8386 -44.7876 -77.2411 -45.5522 -93.8185 -55.9514 51.2288 -54.3922 60.5964 -18.8727 -44.4150 43.5937 46.0458 -95.1288 -5.9123 -29.2233 -46.6901 92.6198 62.3917 -94.4253 -51.3006 -41.5450 1
34.4043 28.1757 23.9445 -83.6870 46.4020 10.7876 -14.9293 68.2642 -53.0593 -84.1447 31.1353 -15.8606 41.3941 -86.9065 21.6706 -30.2448 -67.1721 -45.3437 22.1470 -90.6207 5.0825 -64.3787 -88.6757 -63.2334 48.7333 -87.3636 14.4490 71.5247 63.0434 -48.0520 10
-45.6556 -14.8711 34.4463 -23.6149 84.2798 -95.6271 -21.4550 79.5094 -51.5795 -96.9589 80.6896 -29.9108 5.8206 -56.4979 -12.1729 20.7072 94.4446 86.2001 91.1470 -15.1248 -17.4778 -97.6147 -91.2822 -70.8999 -66.2389 -82.7071 9.2999 -33.6293 -44.0602 -90.3985 5
89.0259 75.5587 45.0083 -21.2873 -22.8146 34.9311 52.9494 -99.0116 -95.6444 -63.5334 -69.0894 44.2042 69.8728 -97.5707 -46.1084 98.8723 -98.7442 48.9766 65.3592 70.8247 -95.2071 -23.9256 -18.6597 25.0299 96.7778 85.5035 -51.9636 19.8804 92.4933 -79.8952 10
76.6200 -99.4735 -29.2931 48.3496 52.6076 20.1776 -33.1834 -73.0013 65.4572 84.7783 42.2233 -85.3229 57.6087 33.4215 49.8966 -48.2343 -1.4348 -94.0527 69.2226 8.8257 56.6663 -14.8768 59.4426 78.2962 -80.5083 -90.8122 -54.9065 93.5900 21.6502 -36.7193 2
22.5338 -1.1649 -51.7457 67.2869 -11.8251 -54.8809 72.6962 70.9645 20.6585 31.8300 -66.1251 -58.1173 36.3832 24.5420 -2.3259 32.3503 30.7017 -55.9356 8.1577 74.3290 -84.9383 -37.6796 -46.7308 6.8949 -94.7704 90.1692 43.1649 31.0516 -18.7390 -7.1605 10
-29.1041 -19.6931 -7.5473 36.1509 -28.4201 68.2839 24.5566 77.0404 -22.8723 -37.9822 57.2555 6.6617 -82.1345 -72.3124 65.8544 49.7200 68.5908 91.1571 -81.3481 -3.1800 -86.0136 39.3454 -82.9385 69.7417 -12.2353 -95.1439 36.0873 5.1350 91.6464 32.5044 4
-32.2448 6.2864 85.2266 -83.6250 12.3643 18.7953 -57.2218 -49.7455 6.4397 -46.6462 87.8825 -46.9343 -84.8677 80.4107 -4.7824 -50.0222 -95.4793 -90.1755 16.8864 23.1716 -46.7213 -91.7313 -66.5124 -7.4255 -68.5041 -1.7397 44.1936 43.4023 -2.3209 -75.7757 1
-38.0339 43.3122 53.4437 45.9285 5.6630 82.8105 -71.4424 -12.8637 -29.5423 70.2661 58.9091 71.6776 83.6170 -35.5571 -50.8649 51.9061 -72.6096 86.2153 -20.5032 55.9163 -68.7558 43.7317 62.0527 72.7448 60.3916 22.5359 80.9434 14.6358 -72.9040 -69.6789 9
-36.9729 -46.1293 37.7294 -52.9426 88.8909 8.5607 67.9719 35.0896 99.7943 43.3832 37.8275 -3.0734 73.2208 -87.5775 -39.0125 -5.2286 -72.0657 -21.1832 -59.8675 2.0158 -91.4087 62.2904 -75.2369 -60.5394 78.1024 -6.5486 87.6007 -11.1228 41.4099 70.6604 8
-92.6681 8.3030 95.5949 65.3746 -1.1901 -27.6475 22.9826 -94.1424 -23.6556 81.5191 20.4455 -62.5631 -7.4060 -40.1677 -27.2895 -88.9874 -76.5927 58.3175 40.0947 57.3472 58.4748 39.8502 -65.5845 -9.9172 -63.3359 99.0095 92.6944 -5.2840 -52.9742 -9.2925 5
