30
20
-76.5139 31.7902 5.8423 -7.9109 17.9102 -49.4091 94.2965 89.0881 -10.4773 11.7643 96.5753 60.2729 26.9571 58.7836 -84.1871 78.5641 63.9277 68.6967 86.4474 -3.8865 56.1372 11.9032 56.3656 26.4987 -35.7275 -10.0067 -73.2425 -74.7069 32.8009 -8.4823 2
14.1938 -13.7867 -81.1462 -82.8536 -84.3569 74.6611 99.8478 -69.4014 -79.6226 33.5275 91.7881 -11.1716 -97.1705 -37.8538 51.4557 63.1351 -87.9095 -25.8399 -52.5056 -31.7171 -37.9504 30.2944 74.6571 -33.9988 27.3283 -13.4442 -96.9407 55.8679 -24.7800 -44.8355 5
-11.6703 77.8803 -39.3604 99.0719 -53.8506 78.4319 68.9961 -14.3910 -14.5410 -17.7143 89.1054 78.8380 96.7385 -69.6353 -82.5408 -44.3209 55.7947 75.1075 21.5321 -7.6915 60.4081 -78.9336 -48.7006 51.6593 -16.7734 14.0878 -55.9416 -37.7329 -25.4295 47.8492 5
72.1576 -94.2059 -14.1985 76.3660 30.7264 35.6666 -5.3367 94.9283 80.8042 40.9352 72.3915 -13.5419 30.6860 -56.7088 -63.4974 -46.2872 -68.5058 94.5114 76.6111 57.3918 49.0512 16.0516 -19.6279 52.9332 79.3541 -12.8658 71.0308 16.3438 96.5298 71.5653 3
64.9863 -82.2473 -69.5793 -36.4634 -84.5116 68.1014 2.3404 3.3234 42.0455 -65.0765 -61.0716 11.6768 71.3825 63.1647 -69.6599 -11.1559 -73.8967 84.4402 92.9239 34.0821 78.2832 -69.1134 -67.5897 39.3317 73.6841 15.9596 -87.9981 -97.0040 26.8046 7.0293 10
1.6208 -11.3988 26.4446 -6.1328 15.7166 46.7137 50.2562 84.4779 -50.0649 -95.9163 12.7099 33.2046 -7.5068 51.7840 -35.8396 59.8798 -52.9093 -43.4955 64.1622 74.8838 -72.6450 -17.5453 -14.0715 89.0133 57.1372 66.0509 17.1075 63.7090 -33.3183 82.3796 7
43.2684 98.5360 13.8295 -95.3923 -0.9268 -1.8669 -24.8028 27.2042 44.5735 -3.0146 -32.4165 -90.6461 48.9809 27.0045 2.7020 2.6020 56.4066 -51.0193 -37.9619 55.4679 81.6703 60.2549 -24.1004 -14.4072 -76.6528 31.9194 9.7129 -79.8627 -24.8000 -3.3605 5
-82.6652 32.9800 93.8198 -94.4379 75.7424 -54.8973 60.2981 -1.2281 -23.6574 49.3911 23.8138 -93.4364 12.9626 -3.3211 -69.0035 92.4694 78.7645 75.5680 -17.6952 -63.4187 4.0757 93.1969 80.9664 -46.2560 -79.1483 -90.9426 -6.4492 75.1376 75.6004 -11.6001 7
-50.4641 -34.2457 -67.1059 -53.8757 -41.7102 -47.4073 -15.5780 21.2099 69.7130 -51.0162 49.0221 66.9030 65.0671 57.1854 81.6780 -98.4612 8.8023 60.9542 -67.1394 79.5867 -9.9036 -54.7267 -27.5892 76.7431 -75.6632 -84.5623 6.1791 -78.3929 36.9418 86.1420 4
46.5269 -55.9127 6.7451 -0.6968 79.8330 -91.9828 -70.1061 -85.9023 -57.6719 72.2368 19.5360 0.2937 73.5267 97.2183 -78.7629 93.9124 -67.4577 90.8908 -92.2379 45.0241 -93.3706 92.2453 40.6575 55.2421 11.0703 -82.0087 47.1685 93.9375 89.8934 87.1399 5
30.7414 72.2652 -80.2613 -88.3701 6.3430 -41.6823 -30.6190 92.0829 -69.3311 -62.1782 -91.3435 -36.1142 -95.2195 -32.7212 97.0460 -75.0379 -90.6228 -46.9306 -81.0232 -26.9357 -88.9581 -2.6628 8.9528 4.0898 0.9317 74.2427 3.7684 75.7510 -63.6077 -45.9309 5
36.6459 -28.1675 -9.9730 -22.6435 15.9762 -15.6974 99.6096 5.7845 -46.3810 62.0775 -42.8608 89.9623 -68.6209 69.3538 -60.1831 -83.5159 -90.1582 44.0732 -76.4057 77.6854 69.0469 -15.2643 90.4587 -26.2032 -79.3922 12.0108 -10.4442 72.9556 -74.9868 9.1965 4
-68.3563 82.6199 6.9141 -39.4453 84.9368 -30.8961 7.9253 -90.6529 -12.3421 -17.1917 -40.1494 89.7064 -43.2120 67.0158 -34.1018 98.5242 -54.8198 -8.7076 89.4687 -84.1412 -40.4165 -77.3850 84.9388 -47.8406 -97.1955 -66.3318 -78.1726 47.6329 6.1567 90.2882 10
98.7018 -79.4375 -83.5663 -77.8815 -90.6098 35.9402 30.3037 -79.2419 44.4904 33.8516 91.0591 -68.1208 6.2515 82.3375 90.0836 -52.0128 -12.5865 43.3906 21.4456 -82.0630 -67.9672 49.2121 47.8294 -77.6017 73.7193 41.7983 72.0773 87.9306 32.6790 66.5243 3
60.1040 99.2751 80.0804 4.5004 -12.1068 50.6770 -37.2112 -27.7937 70.8661 66.2197 -46.1743 76.7943 -40.6051 -25.9486 20.6991 -13.0611 29.2983 62.6867 15.2561 -29.0217 31.4160 -73.5659 97.9426 -86.2076 53.5613 43.8678 -91.1498 29.2062 -28.0627 51.3437 4
10.3398 15.2263 79.1238 25.9427 57.5591 50.5298 -90.7883 -81.6487 56.4837 83.6514 35.8080 -92.7918 98.6752 -9.3109 63.9345 -84.8285 92.5673 86.5565 -21.0672 -69.6181 -5.2725 -60.6184 -29.9987 11.7657 -31.6302 -82.8872 -8.3923 -68.1880 -22.8713 64.8601 4
71.2561 -25.0143 12.0832 85.3642 89.3383 -39.1763 -4.6815 48.1463 -76.0755 60.6364 27.9571 33.0760 21.0500 -7.3531 92.7844 38.0563 43.3740 64.7683 -62.6030 22.7206 -80.0815 -1.5255 -71.1519 -74.2243 -30.0711 60.2131 13.4718 -62.1036 46.6013 65.8339 9
-83.6314 16.0910 -95.0418 49.6793 57.3162 34.4036 -22.2140 0.2701 -16.3995 83.6255 -95.8900 -64.6928 39.6606 82.8460 -78.9083 -6.1088 -85.8742 43.1521 -54.2553 -84.3939 12.1167 -52.9226 -97.3751 -47.2987 -84.3064 -75.5274 -19.2217 60.9403 -5.6429 31.0828 4
-78.1179 -3.6288 -27.3276 75.8637 18.5139 98.4983 -85.4495 -67.0674 15.8479 -26.1898 43.2780 14.8690 -69.7433 17.2814 10.0990 -50.8180 27.6074 -63.9066 51.7321 29.4923 -70.6240 3.3011 70.2731 37.5953 -33.5673 28.8427 80.7305 9.0449 61.6831 93.0743 3
-50.5429 39.7072 -2.2814 -76.0791 14.8115 17.0348 -77.2849 30.8367 70.3427 15.9832 -84.0477 -68.1299 90.8871 -28.9548 -22.9185 55.5794 -72.6697 84.7658 67.7956 -54.2330 -98.1899 92.9294 98.2318 44.1425 -3.8164 61.5158 -22.1114 62.3255 -31.1212 98.1129 7
