2
500
-27770.7022 16888.3553 17
161.5453 -18661.3977 14
-148.8705 -18222.1208 11
24569.5193 27726.2783 38
26091.5360 1083.1660 26
-13177.5497 -18709.8554 1
459.0591 -23178.4673 8
26307.9494 34925.1094 37
970.1678 -9720.9850 19
40713.5092 -6114.9832 26
36038.0755 -23510.8204 37
-9957.5806 -17137.9505 25
31385.8799 32732.8709 31
38633.3966 7933.7627 11
-10305.1564 -13723.0624 17
18236.4384 37870.3428 48
26274.1097 -600.6343 13
24957.0288 41885.8163 5
-40729.0873 26610.7237 25
-32570.5332 21943.8453 35
-35188.2242 13673.5034 33
20014.9935 31627.9928 15
-34787.8029 19078.2799 20
19693.0030 10098.1913 41
33568.8340 -17091.7817 49
28237.4661 3165.3955 9
-40449.8875 15992.0406 4
26328.4270 -1749.0617 21
13327.1697 26260.6860 22
18001.5804 43710.6238 42
26210.4198 38744.5356 18
-47739.6496 21214.3213 39
17476.7791 9291.2984 24
96.0920 -18367.5326 17
9987.4496 7444.1218 18
24378.8410 -1029.1854 8
-38964.2215 21376.9201 20
20931.5390 41775.3892 49
24114.7162 33598.3348 36
21704.1252 33489.8591 8
28819.0924 2813.0100 21
-29378.6357 26840.2196 22
-11929.8933 -11621.6426 44
5412.7315 -8151.9564 28
33554.9903 -21185.7096 28
33871.5693 -4633.2717 4
-30603.0211 24548.6875 20
38155.4973 -24072.0769 41
20110.4113 -2093.2687 40
-42417.0086 21851.9799 2
21629.9147 34841.8931 26
26020.4853 44209.8240 6
17862.5883 38708.2779 5
19510.4586 38451.5118 42
3302.3791 -17736.7192 40
21692.6231 32280.2838 5
-7257.4599 -15239.8584 38
2663.8961 -16972.5824 20
-7398.3832 -16517.2740 45
15020.3232 -1420.9899 48
-36906.0423 21845.6134 35
28176.3823 -4959.1663 28
-40333.0921 23471.4746 39
14831.1231 36256.7090 39
1983.2528 -10146.1897 21
31893.8896 1385.9763 21
-1841.4101 -15616.0115 22
-22765.2929 -9728.2210 9
33212.2438 -3920.0107 39
38217.5539 -24228.1284 21
266.8382 -16510.4298 4
30358.1535 38368.0823 32
-37346.6094 18564.2141 39
-33435.1128 21082.0702 40
34193.4834 -17492.4438 35
32876.7511 3666.4903 27
27323.8260 41833.9181 42
27774.9538 41381.0163 47
-7677.4352 -11671.4956 24
20133.1040 -1340.8241 23
35794.9532 -6314.7039 11
1865.9861 -15746.0061 5
30464.4842 -11330.8150 21
18525.7838 3357.7320 3
3820.8071 -8025.1444 24
33174.0422 -6402.8568 46
6403.1075 -10265.2468 25
20504.6496 37429.3309 40
17715.2712 2636.3611 6
18231.9574 266.5844 40
24125.1133 1002.4257 23
2857.1579 -23824.5193 44
27953.2306 24418.3524 38
12042.6450 42983.9875 29
-35084.3522 17800.8554 25
22428.0973 42577.8137 47
1602.1204 -16148.7780 30
-7422.2600 -10479.6329 18
-44404.1793 22359.9338 29
10685.1455 4264.4472 1
33482.0761 5676.1969 37
9104.5696 -10958.2809 40
17797.6927 777.7904 47
33317.8226 -14588.1688 30
28656.0192 2834.7833 41
-32754.5920 16156.3551 25
24453.6480 31936.5483 6
27876.5464 -18414.3021 22
11697.0527 28898.7056 4
14990.8681 33599.4030 19
20223.7655 28887.6861 38
25804.0982 10240.2557 45
23518.0228 -109.3595 35
3386.6026 -8208.4954 20
-34291.2953 24794.6227 44
25205.8862 27974.9832 40
-37680.6776 19474.8839 49
-6452.1127 -10484.8746 48
-32327.1916 14090.5630 23
37100.9027 -28597.8935 37
-47779.4854 20104.9541 26
19081.1465 1747.7830 4
37454.9898 -2971.3222 28
-3781.3931 -16408.4910 1
19494.7331 37897.4636 9
15373.1926 36141.3902 16
-1110.2885 -10274.0815 5
23133.1360 42761.8402 48
28014.4307 36746.7790 8
31219.5322 3290.0945 30
34945.3753 9051.3519 2
-6817.6898 -12100.4189 20
-11586.0853 -15268.7210 46
13701.7051 4267.4848 48
32600.3632 178.3879 17
15239.6431 580.7827 11
21122.2362 34367.4096 44
12566.7684 30960.5288 29
28188.2760 -18078.4529 35
33173.3575 -6762.2408 41
21034.7272 31608.6260 18
10443.1763 32854.6150 1
-44924.2816 27478.8593 17
33797.3275 -1884.2020 21
14098.9857 30959.6106 28
-44721.6777 23369.5737 23
-41737.6695 26481.0463 35
38022.4666 -12906.0881 21
31333.7082 46448.5127 29
27626.1572 41166.2749 43
16263.6184 31248.2625 41
28539.4620 -26645.5431 28
-9967.7931 -17220.9236 5
12956.5991 29012.3785 3
23954.5891 36364.4798 14
30242.5613 -2010.1611 36
-41006.1633 27368.5404 22
15311.5881 31276.2653 9
41024.6489 -17455.7999 30
6678.1986 -21724.6208 30
2593.7327 -7067.1754 29
-41953.3965 30476.0488 40
23315.6274 29412.3411 16
17181.2878 39316.3958 7
-18863.3895 -10481.7914 46
-1924.4366 -8606.5210 14
28392.5292 -13686.8596 9
20540.1648 -1099.1086 15
-18832.6514 -13093.1028 10
16686.3594 34202.0908 45
-45231.2046 19405.0538 47
-7467.1734 -17771.5826 8
19677.8725 -1049.0867 47
10672.6231 30830.7452 24
-35153.0787 22742.1786 26
-53045.6966 24724.9074 46
17372.0793 36250.5853 24
-20999.1964 -18830.2694 31
-36553.2840 19318.2102 27
28580.2934 -8420.3476 20
-10666.1045 -11682.0251 22
16847.5517 6247.9474 42
23648.4856 -18808.8491 29
33539.0600 -21841.5279 46
3547.9511 -16315.2588 2
-36768.5825 21950.2139 42
29214.8085 40210.3072 23
30913.9260 -5211.6223 37
27209.1770 -1239.7463 7
18186.2181 5302.8454 37
28163.3483 -10450.9888 36
12415.3662 25421.1424 9
30377.9832 -18302.9191 42
-35747.0653 15823.0632 8
-31711.9574 18538.0517 29
-1878.1072 -12012.6196 9
29223.9901 32634.9942 20
23588.4046 32120.0053 9
21733.0720 38220.9103 25
5432.8769 -14571.6910 14
26899.8560 33129.7280 31
24411.3541 -8679.9541 43
-2903.5342 -21938.2086 25
2439.7748 -3850.2413 38
-5196.5321 -20298.5098 11
-13985.7142 -15886.1158 37
-15595.9727 -11427.5370 31
24687.0882 -15993.0219 17
7697.1764 -11927.9962 11
7007.9198 -15656.6498 32
20856.5298 31326.3354 12
31716.7517 3183.8456 23
-28693.4028 21505.5460 2
37635.5398 -14586.6516 10
10926.3387 -7985.6050 14
32551.4287 -19612.3626 1
31301.4240 36825.8563 12
29309.9059 -17557.7537 6
-41389.7455 31808.4756 47
20615.4517 40323.1032 27
12897.4153 -17543.7965 48
20838.9839 11487.5643 19
24917.8180 34101.6825 47
-4223.1843 -7889.7683 6
34665.7295 -10417.0506 22
6787.0486 -13057.4122 26
31277.4063 -1117.6362 49
20919.4880 36306.7964 3
27556.1566 44680.7192 5
31054.2697 486.8950 5
10430.0748 -10951.9000 25
-10954.1994 -17625.6310 16
2501.5567 -12111.9522 19
6948.1479 -19583.3281 13
-35628.6451 23745.5427 39
-13813.0086 -13366.7128 22
38118.6846 -21167.2029 13
24547.0385 3393.8960 16
17570.3922 30713.6608 1
-38833.4509 10968.6511 4
36840.7589 -6420.9322 38
14904.1205 699.4864 21
-6467.1561 -17873.5567 24
-9980.2041 -11471.8696 12
-8253.3397 -15146.9739 21
23833.3977 32951.5980 8
-11055.6019 -20249.0851 2
17242.3157 36188.6130 33
-1102.7366 -5167.6873 27
19527.5895 36885.6051 20
-2010.9329 -17864.1661 14
38747.6586 972.5576 49
16324.0798 898.5983 17
25025.8214 46701.6731 5
27124.6774 31352.2859 1
19258.0486 40363.3987 27
36206.9415 -19458.8047 35
18670.9586 42542.2988 8
3786.3832 -15149.3080 2
25119.2480 37862.1077 16
6506.8946 -11442.7628 12
18102.0935 31617.9039 13
14213.2662 230.4968 8
-41642.8596 22352.9932 10
10470.2686 4679.4360 26
12571.1792 3492.8038 46
29056.7138 -5169.5030 17
30587.6254 6523.3891 44
8917.9077 -1388.6018 27
28268.8352 -5337.9789 45
-42443.0264 21891.7006 7
23364.8865 33150.5907 21
17535.5219 592.5481 6
39280.3071 -23588.9671 41
-14030.3909 -6426.4993 33
-35484.9264 25916.2061 15
22424.8562 33934.0514 43
-5827.4723 -10434.9573 1
28130.7805 37250.4742 9
-37629.6740 19018.4526 34
-8364.2237 -14733.4262 15
28612.0686 38194.8214 12
6413.1726 -16057.8444 6
26199.5866 36053.0975 45
-40554.7753 24540.9862 8
35175.2429 -18042.5591 46
16558.0782 -7541.7839 25
28998.1981 -26235.3259 21
-7697.0273 -7723.9048 2
29110.7429 -8061.8372 11
32180.2322 -11920.5987 48
11492.7675 42340.9971 5
27145.2707 34494.9601 36
34754.0049 7200.4826 45
12414.0040 -8348.9340 17
38674.4677 3331.2447 25
38090.8602 -3551.2143 44
42027.7784 -15090.9239 44
-12374.5609 -10945.6597 37
-586.9560 -16550.4145 46
29099.9619 -19225.9974 16
4969.2211 -9890.5554 42
14666.8967 1568.9549 45
32974.5825 36677.5709 21
12487.2729 698.3778 31
35223.1696 -11221.8967 1
17173.0400 35263.2940 27
35714.0244 -21502.0920 19
19988.4845 31294.2406 8
17789.2389 32444.5114 16
37303.1701 -370.0437 27
14386.9729 6550.5959 46
29838.4453 -12239.0877 24
21376.0485 5517.6137 14
9428.7677 -16990.7785 24
23129.9021 22697.7142 34
25853.6978 37186.2389 3
33446.3917 -20535.9935 49
32769.2790 -17783.8720 20
20278.3052 -5677.9466 27
6044.4865 -3822.3363 2
21229.7490 39052.5682 22
22573.5801 -17882.3919 41
26604.1322 3640.4781 41
30518.0286 -2469.6843 5
30665.3571 43939.3559 21
31929.4040 -16157.9615 35
-8702.1124 -3923.6757 40
34429.5831 453.7853 31
31728.8204 33669.8081 13
16496.7468 34009.9457 11
32371.8870 -17331.2426 24
17353.5655 -3199.3360 7
9969.7219 -3791.0153 28
9420.5540 -4669.2432 9
19492.7495 36509.7837 33
31914.0211 -2825.2692 32
4980.3330 -15120.6904 31
18877.8637 31334.9364 10
-7712.6051 -19171.3879 37
13810.5277 41795.8828 2
22477.6171 3107.0225 36
24260.2060 37347.5549 2
14220.8170 39638.4013 9
-10395.8035 -13584.4231 1
35482.9019 36860.5551 29
-12465.5050 -10307.2969 28
-6413.5368 -12170.6247 34
-4255.8356 -8196.4710 20
25355.7323 -8985.2323 25
37751.1082 -14577.3132 49
4382.7034 -15224.4546 27
24491.2040 34793.7739 28
36239.0665 -23015.5417 21
-16591.6837 -23035.7968 11
18333.7688 33809.9299 7
36337.9806 40611.5638 43
32839.0058 -13041.7263 25
20811.5744 3116.1752 49
24499.6929 4732.7382 20
18222.0184 10603.6589 29
1780.3019 -17941.8681 30
15415.8885 -3704.7179 45
-33468.5257 25572.5165 31
-39818.1964 26790.2367 14
-7561.2966 -12984.1722 7
-1801.4785 -14778.4114 30
-31311.9398 22567.4091 33
30220.9706 38762.3013 8
-34490.5213 20207.8262 30
-306.7354 -18312.7801 33
-5282.8731 -10413.1408 22
23834.1791 33521.8905 38
31493.8986 -9352.6981 17
39458.4669 -3047.1224 24
37511.4258 -15211.9155 21
20970.8413 882.8122 38
28607.6047 -10090.5367 16
19038.8587 6883.8466 34
28332.4966 37575.5392 23
29550.4051 38689.3444 5
29996.5599 -2560.9198 1
30398.6008 -6241.7544 16
29325.1255 32224.6839 23
-40538.5179 24645.7937 44
-9254.3470 -14175.7750 16
16461.3191 43653.8186 40
7221.0455 -21576.3901 5
34292.4982 -7480.0961 5
29707.8759 43051.4465 5
-14208.1713 -9171.2190 48
-6210.9017 -6798.5607 29
7096.8929 37969.5507 4
-44373.7416 24628.0356 6
-1680.3992 -9829.6593 20
-2543.8504 -6862.7638 13
27512.5149 -16789.6357 23
20116.6265 4106.1689 29
35833.5673 -5062.6020 29
-37762.5157 18117.8969 23
31214.9502 34909.9135 41
31805.1937 -13139.0077 34
33692.4566 3138.7377 49
2056.8356 -18884.1293 42
19690.3885 -5061.2480 10
-43325.9708 17971.7992 3
-47713.8901 22469.8683 24
13253.3483 8387.8416 40
36617.1461 -22937.8446 35
20812.6475 -438.3062 17
31299.2553 -7380.5530 44
30164.9736 -22191.9193 43
-2631.1759 -19458.2742 28
-34082.1402 25027.0480 3
26819.9577 37723.0384 5
-7424.8954 -19765.8147 12
-9879.3992 -7117.9768 38
-1970.3392 -12671.6561 27
-8338.3971 -16337.2544 42
19721.2196 -10149.8621 34
26717.4345 43804.3231 31
17706.3465 3586.0964 42
32243.8611 -6137.4621 17
5149.5005 -15829.4702 3
28751.0872 -7160.8962 10
-21695.2534 -17107.0091 21
38286.1462 -9724.1394 13
-40203.7659 19158.0670 35
-14426.6881 -6352.2531 31
12856.0991 383.5270 32
9359.3393 32136.3404 43
16325.9368 45981.3152 42
-2889.1472 -14412.9117 20
22903.1352 41330.0986 28
29833.0428 -21404.5316 44
-8140.5572 -17304.7826 9
-52059.5383 22956.8616 19
-41649.5707 25873.5593 35
24604.5512 45632.2350 25
-41503.6903 17930.3307 28
-12109.7370 -14964.0171 22
34749.5604 -17559.0873 7
19589.9960 36079.0581 34
13536.7803 2364.2378 48
21912.4960 35027.7695 33
32286.9746 -14405.8488 7
-12818.3243 -13724.3906 8
35339.9288 -12231.6256 12
13816.7271 29435.4076 41
34680.1730 -10531.7516 10
18239.2712 40355.3908 31
-11188.1748 -5045.1309 8
15247.5782 -2596.8905 15
35880.6066 9981.3046 44
31480.9184 -4530.8086 23
15883.1302 36293.6480 35
-35029.6630 15994.0947 20
9257.4005 41576.3273 43
15106.6279 14129.6558 41
-47044.8035 23933.1581 27
35209.1420 -16710.1056 16
15501.7442 37199.3961 15
-5673.1960 -14374.9036 31
-47859.7332 17222.4872 23
16715.0614 15185.3829 19
12617.8057 5106.2869 37
30365.8198 -5112.6305 31
24567.8252 41110.3170 4
32353.6178 -13564.7198 1
37117.0130 -21630.6258 15
20365.4880 -2285.9612 11
-3418.6210 -15789.1649 23
4829.7359 -15736.9796 9
-80.4978 -14330.6318 4
19165.1403 11214.1473 1
-1496.0017 -21296.7277 21
13103.5696 47382.7864 43
-36816.3232 18272.1827 43
-4990.4924 -15157.4898 36
-9086.9685 -7865.0345 8
16814.6278 25713.1202 41
18754.2809 36450.7660 23
29121.3900 8929.3520 18
-37630.1660 21852.1595 20
34514.5907 38691.6599 27
34040.5162 -4248.8845 29
18211.4815 -2535.0581 30
28562.3377 -903.0754 31
17204.6124 -3278.2130 21
34569.4838 2701.6904 26
7274.1998 -17627.3922 21
-39496.9788 28161.2171 19
11734.0303 8930.1889 37
-2178.4805 -12129.6415 42
33895.7740 -13945.2139 38
31841.3144 -16349.3515 19
6637.5341 -6460.9626 26
33369.4009 -1126.6997 43
10586.1243 9633.0576 24
12918.1558 11876.1598 31
