15
20
26.2286 39.5717 -84.5703 91.3555 -35.8084 96.7104 7.8576 -4.1872 -88.4038 -53.8303 85.7643 -11.2222 -43.8209 7.2450 -66.0558 9
88.7752 -27.2529 55.6292 97.4970 -81.0993 -15.0390 72.8776 -70.1304 17.5169 18.3220 -28.2910 81.5952 -88.1383 31.9334 -22.1911 9
-69.1444 40.6945 51.1739 -20.8807 -88.8636 -59.3374 -51.3502 4.6664 88.5497 -29.5410 64.1661 69.6343 91.8660 16.1645 22.9622 9
32.0547 54.1216 -72.7585 -20.4142 -55.3495 86.4987 64.9542 -45.9721 89.6248 -31.6773 17.1268 -74.7785 28.2978 -90.3623 -88.0783 6
89.2865 -15.7772 -36.7556 35.5432 22.7323 -55.3695 -71.8743 -19.9857 -99.4692 -91.6401 70.5427 -71.3938 16.9377 -64.1445 -76.4555 7
-98.3626 26.8182 81.1299 15.4447 -69.9770 -45.7624 74.3392 80.7997 74.0088 -83.7207 30.2751 78.6392 -39.0915 77.3108 -99.7326 5
65.0830 -15.4656 -52.2251 -1.4468 74.1472 -90.2997 39.5577 30.1020 72.4160 -26.1743 -23.4080 49.2263 3.3228 -73.9419 -81.7409 2
40.1015 10.3332 71.4475 28.6407 52.0563 -67.6580 -40.6353 -33.2355 55.0970 -3.4906 -91.1486 90.5446 -67.8320 -57.1853 96.8030 3
92.2563 -43.5575 -74.9140 99.9874 97.4205 -24.6185 66.6654 -56.8349 0.1906 67.7730 40.8487 37.6797 -83.7205 88.3314 3.6635 5
-64.6370 10.5822 86.0379 88.8794 68.1361 64.1933 -25.1122 11.0337 97.6017 -1.4946 80.4231 -40.5175 14.3864 44.1667 60.6381 2
72.0776 -86.4754 -6.2876 2.1413 -53.8770 -20.4436 72.0211 49.6126 -95.7772 -39.6618 -81.6166 -74.3418 -21.0832 60.2461 80.8649 2
80.0666 75.5074 55.3391 -92.3724 42.2034 52.5608 -34.0280 4.3032 -61.0687 40.3719 40.6920 40.8350 -2.4191 52.8348 81.9048 5
28.7879 72.4667 -38.3688 12.0477 14.6923 -88.8393 -0.1042 -96.4155 -36.6508 68.3873 56.1544 59.8249 -25.7130 -85.3796 -94.2722 7
-35.0849 -68.2784 57.8935 51.5434 15.9493 -96.1467 -32.8979 98.4713 13.7096 -86.2686 -99.0977 -82.2666 36.8889 27.1509 97.6525 5
-79.5394 51.2465 -45.7323 -4.0329 38.0890 -82.4368 31.0655 33.0945 -66.9772 -80.2739 -53.3392 88.5707 64.7477 59.7629 42.8720 1
-9.5005 -89.7875 -36.6174 18.4022 -43.7458 -24.7021 3.9462 -11.4458 -30.9785 -11.0311 -59.1456 68.1668 -37.6682 -68.9793 -97.6525 6
36.5968 43.2161 40.1185 71.8174 14.2749 96.1889 46.8501 -14.5736 -63.5705 3.4094 61.2895 -71.0991 55.3495 59.7764 57.5821 4
70.9865 -49.8164 67.4651 17.0626 -59.1391 32.8979 53.4970 -38.1788 -22.6917 31.0443 -29.3996 -24.3772 -50.7611 -51.3678 -12.6881 5
-5.0769 25.4999 -80.5116 3.3323 -75.8074 10.1461 23.1157 46.6722 86.0953 -17.7729 -85.4609 97.6720 -33.8094 -18.6632 94.4858 1
23.6096 83.9164 83.8310 0.4947 67.7805 99.7733 -71.2198 6.6474 -94.1900 32.6460 -80.7384 30.5526 62.5855 -58.8028 16.3447 3
