15
20
-16.0130 -72.0911 -43.8224 -22.1298 42.4838 -34.4552 57.7102 -57.1521 16.5421 5.1122 69.7977 34.6426 33.7211 34.8892 -85.1251 9
82.6567 96.8402 -48.2139 -3.5729 27.6759 -63.6970 -30.8765 82.0376 -14.7019 -47.2327 98.1933 76.6704 -49.1895 62.9220 99.9431 1
-54.4305 7.7265 76.8118 -67.8216 91.9388 70.2773 -3.7770 48.9222 -98.7695 -1.8449 74.0383 -11.3745 99.0327 1.3681 22.4427 3
-76.9436 14.3304 32.7391 77.4267 56.1527 -15.2891 62.8475 -47.6670 -95.6476 5.7385 61.3906 20.8432 -4.0801 39.3743 -77.5518 6
-80.4004 -8.4549 27.7116 0.5272 -35.0061 -42.4238 -91.0273 85.8001 -29.2747 -99.8355 -69.7769 72.6485 -11.4538 47.4574 -2.4943 8
-79.1340 -71.0355 -52.1208 -87.0517 93.4962 83.5632 -62.3131 40.9142 -56.5059 55.5173 -54.3038 82.6874 34.4776 -27.8299 43.0033 2
55.1462 -74.0805 -14.9384 15.4681 68.2516 88.3176 -5.2604 -48.3345 66.6025 -97.3410 74.2147 28.5769 -22.6237 -57.6807 86.2868 3
-88.5944 17.5603 -93.3788 -15.8055 -49.1655 -15.5604 94.6849 -33.4952 73.9492 -94.5959 77.5754 99.8433 -60.7465 19.4229 -98.7811 10
-82.4746 -81.1627 59.4391 1.8824 -62.1674 2.7474 -32.7423 56.9423 -71.8512 93.5009 -86.8282 64.6866 -35.9663 -23.0028 -3.9086 2
9.0404 -25.1654 -9.8451 34.8014 -44.1113 37.5009 61.1403 -1.4453 -54.8981 -80.4253 -68.0272 -74.8221 33.6319 30.4428 -40.8108 10
-1.8094 43.6357 18.2520 59.0811 -12.7392 96.6151 81.8730 5.5484 46.3239 -70.7950 98.7398 7.6475 -15.6903 -89.2526 -86.5339 7
2.2767 10.7745 -16.1871 -38.9086 -59.9929 -4.0185 -12.7993 43.0529 -60.2818 24.1343 -53.2807 -25.5828 -52.8967 -78.1423 -96.6740 1
58.9497 -23.5854 -36.4434 53.7146 51.8597 5.1938 -55.0909 -92.9396 73.3489 28.1924 36.5503 3.7898 -82.3011 -14.2289 46.2428 1
39.1307 -39.5095 -79.6725 66.0159 12.9121 -66.5758 27.5073 88.9167 -35.3887 -50.5296 4.4023 69.1929 -81.1797 60.0195 -1.9111 4
88.6486 -34.8963 -36.1679 -66.6368 9.0673 -46.2556 -93.6157 97.8787 -51.4168 85.9056 72.2035 -53.4270 98.2147 -41.2308 30.3322 9
24.4615 15.4470 -76.4834 -33.2184 -70.5226 -13.8552 -80.1307 -60.2681 -73.2421 97.5287 9.6876 47.0913 -17.1075 -18.7309 15.4241 3
-11.8964 -19.5691 -6.3616 -51.5475 -93.2059 -84.9145 40.2434 42.0946 -25.6132 -21.1844 -83.8886 1.2880 -48.4168 -1.4095 -63.4897 8
-7.1614 -71.5832 93.4520 -73.1674 71.3562 -75.3421 -78.4363 -95.5986 -95.5730 15.7975 12.3537 94.5498 52.4264 80.0000 15.2985 9
8.5816 59.7166 -1.3398 75.2576 -56.1186 68.7717 55.8550 -38.2449 32.1688 19.2566 -38.6527 -20.2257 -49.3423 -66.2429 51.6315 1
-25.3762 -51.2875 22.7371 36.7446 -54.2876 -39.4456 50.8343 -24.4611 9.3141 -92.2149 -50.0859 51.1995 -33.6244 41.2674 -21.6577 3
