5
100
-83.0722 -19.7233 66.3277 20.2863 29.2044 4
-81.8502 -19.1678 65.9366 20.3265 28.1725 6
-80.6282 -18.6123 65.5455 20.3668 27.1406 3
-79.4062 -18.0568 65.1544 20.4070 26.1086 3
-78.1842 -17.5013 64.7633 20.4473 25.0767 10
-76.9622 -16.9458 64.3723 20.4875 24.0448 4
-75.7402 -16.3903 63.9812 20.5277 23.0129 9
-74.5182 -15.8348 63.5901 20.5680 21.9809 3
-73.2962 -15.2793 63.1990 20.6082 20.9490 4
-72.0742 -14.7238 62.8079 20.6485 19.9171 7
-70.8522 -14.1683 62.4168 20.6887 18.8852 2
-69.6302 -13.6128 62.0257 20.7290 17.8533 3
-68.4082 -13.0573 61.6346 20.7692 16.8213 1
-67.1863 -12.5018 61.2436 20.8094 15.7894 4
-65.9643 -11.9463 60.8525 20.8497 14.7575 3
-64.7423 -11.3908 60.4614 20.8899 13.7256 3
-63.5203 -10.8353 60.0703 20.9302 12.6937 1
-62.2983 -10.2798 59.6792 20.9704 11.6617 10
-61.0763 -9.7243 59.2881 21.0107 10.6298 9
-59.8543 -9.1688 58.8970 21.0509 9.5979 1
-58.6323 -8.6133 58.5059 21.0911 8.5660 6
-57.4103 -8.0578 58.1149 21.1314 7.5341 5
-56.1883 -7.5023 57.7238 21.1716 6.5021 1
-54.9663 -6.9468 57.3327 21.2119 5.4702 1
-53.7443 -6.3913 56.9416 21.2521 4.4383 7
-52.5223 -5.8358 56.5505 21.2924 3.4064 3
-51.3003 -5.2803 56.1594 21.3326 2.3745 6
-50.0783 -4.7248 55.7683 21.3729 1.3425 5
-48.8564 -4.1693 55.3772 21.4131 0.3106 5
-47.6344 -3.6138 54.9862 21.4533 -0.7213 10
-46.4124 -3.0583 54.5951 21.4936 -1.7532 9
-45.1904 -2.5028 54.2040 21.5338 -2.7851 9
-43.9684 -1.9473 53.8129 21.5741 -3.8171 5
-42.7464 -1.3918 53.4218 21.6143 -4.8490 6
-41.5244 -0.8363 53.0307 21.6546 -5.8809 5
-40.3024 -0.2808 52.6396 21.6948 -6.9128 7
-39.0804 0.2747 52.2485 21.7350 -7.9448 5
-37.8584 0.8302 51.8575 21.7753 -8.9767 8
-36.6364 1.3857 51.4664 21.8155 -10.0086 2
-35.4144 1.9412 51.0753 21.8558 -11.0405 4
-34.1924 2.4967 50.6842 21.8960 -12.0724 5
-32.9704 3.0522 50.2931 21.9363 -13.1044 6
-31.7484 3.6077 49.9020 21.9765 -14.1363 8
-30.5265 4.1632 49.5109 22.0167 -15.1682 6
-29.3045 4.7187 49.1199 22.0570 -16.2001 2
-28.0825 5.2742 48.7288 22.0972 -17.2320 2
-26.8605 5.8297 48.3377 22.1375 -18.2640 6
-25.6385 6.3852 47.9466 22.1777 -19.2959 1
-24.4165 6.9407 47.5555 22.2180 -20.3278 9
-23.1945 7.4962 47.1644 22.2582 -21.3597 6
-21.9725 8.0517 46.7733 22.2985 -22.3916 1
-20.7505 8.6072 46.3822 22.3387 -23.4236 1
-19.5285 9.1627 45.9912 22.3789 -24.4555 5
-18.3065 9.7182 45.6001 22.4192 -25.4874 8
-17.0845 10.2737 45.2090 22.4594 -26.5193 5
-15.8625 10.8292 44.8179 22.4997 -27.5512 3
-14.6405 11.3847 44.4268 22.5399 -28.5832 6
-13.4185 11.9402 44.0357 22.5802 -29.6151 8
-12.1966 12.4957 43.6446 22.6204 -30.6470 5
-10.9746 13.0512 43.2535 22.6606 -31.6789 2
-9.7526 13.6067 42.8625 22.7009 -32.7108 8
-8.5306 14.1622 42.4714 22.7411 -33.7428 7
-7.3086 14.7177 42.0803 22.7814 -34.7747 3
-6.0866 15.2732 41.6892 22.8216 -35.8066 6
-4.8646 15.8287 41.2981 22.8619 -36.8385 8
-3.6426 16.3842 40.9070 22.9021 -37.8704 10
-2.4206 16.9397 40.5159 22.9423 -38.9024 6
-1.1986 17.4952 40.1248 22.9826 -39.9343 8
0.0234 18.0506 39.7338 23.0228 -40.9662 9
1.2454 18.6061 39.3427 23.0631 -41.9981 7
2.4674 19.1616 38.9516 23.1033 -43.0301 9
3.6894 19.7171 38.5605 23.1436 -44.0620 6
4.9114 20.2726 38.1694 23.1838 -45.0939 10
6.1333 20.8281 37.7783 23.2241 -46.1258 7
7.3553 21.3836 37.3872 23.2643 -47.1577 6
8.5773 21.9391 36.9961 23.3045 -48.1897 5
9.7993 22.4946 36.6051 23.3448 -49.2216 1
11.0213 23.0501 36.2140 23.3850 -50.2535 7
12.2433 23.6056 35.8229 23.4253 -51.2854 5
13.4653 24.1611 35.4318 23.4655 -52.3173 1
14.6873 24.7166 35.0407 23.5058 -53.3493 10
15.9093 25.2721 34.6496 23.5460 -54.3812 10
17.1313 25.8276 34.2585 23.5862 -55.4131 3
18.3533 26.3831 33.8675 23.6265 -56.4450 3
19.5753 26.9386 33.4764 23.6667 -57.4769 2
20.7973 27.4941 33.0853 23.7070 -58.5089 1
22.0193 28.0496 32.6942 23.7472 -59.5408 4
23.2413 28.6051 32.3031 23.7875 -60.5727 7
24.4632 29.1606 31.9120 23.8277 -61.6046 7
25.6852 29.7161 31.5209 23.8679 -62.6365 2
26.9072 30.2716 31.1298 23.9082 -63.6685 9
28.1292 30.8271 30.7388 23.9484 -64.7004 9
29.3512 31.3826 30.3477 23.9887 -65.7323 6
30.5732 31.9381 29.9566 24.0289 -66.7642 6
31.7952 32.4936 29.5655 24.0692 -67.7961 3
33.0172 33.0491 29.1744 24.1094 -68.8281 3
34.2392 33.6046 28.7833 24.1497 -69.8600 8
35.4612 34.1601 28.3922 24.1899 -70.8919 1
36.6832 34.7156 28.0011 24.2301 -71.9238 3
37.9052 35.2711 27.6101 24.2704 -72.9558 7
