2
100
-9.4514 0.4847 6
13.3520 13.4500 7
-1.6817 4.0516 10
2.1304 11.5533 5
-11.9272 13.9535 2
-5.9940 -0.4876 6
3.2723 3.1536 7
2.6030 -5.7815 6
2.1348 8.0968 4
-24.0804 11.6591 6
-2.4598 -2.8967 8
14.8173 5.7079 3
-2.6438 -7.1321 1
-2.5015 -11.6967 4
7.1696 -15.0438 4
-12.7556 5.6616 3
-8.3820 3.5163 8
1.9897 8.5152 3
9.5382 -1.3517 3
-8.7103 -7.1492 4
5.0657 -13.3121 3
15.3385 -3.7331 3
0.7225 -2.6922 9
6.5839 7.4167 10
-6.3038 20.5587 8
7.6438 -2.9623 7
0.3068 -1.1002 8
-24.8110 5.0710 10
7.4794 7.9893 4
-0.0402 12.3714 6
3.2124 21.8374 10
5.5091 10.6864 9
-19.9665 8.3849 2
17.8393 28.0674 6
-4.4551 -5.2433 10
9.4352 11.1804 9
-9.6856 4.6511 3
-2.1849 10.4153 4
-1.8883 15.9552 9
-8.9355 8.9462 3
-2.3147 14.3085 1
-12.1263 -3.3809 7
-6.2158 9.8319 9
-11.8008 4.5494 4
-0.8557 -0.4904 9
3.6775 10.3826 2
-7.5187 3.0257 8
-4.8872 2.3745 2
-10.2636 29.7712 1
-10.1052 6.1599 10
-4.4990 8.0744 5
-0.9401 15.4347 8
-8.7474 1.9927 2
6.0253 3.0161 9
-3.1011 -1.8496 1
-5.1745 -11.5044 10
9.1426 6.0614 2
9.0893 -1.3637 10
6.3854 11.2083 8
-3.3713 -4.2480 6
-5.0494 -18.4363 5
9.0231 16.2082 3
-15.9263 6.5996 2
12.0097 -6.2288 8
0.1258 -2.7855 7
10.1134 6.4294 9
3.2310 3.4268 1
3.8115 8.3825 7
-14.2436 -8.0261 7
10.0041 17.2815 2
9.4857 24.8656 1
-8.1783 10.1450 3
0.5365 0.6687 6
-9.6184 11.8931 1
9.8221 4.5118 8
0.6546 10.4647 9
-0.1168 12.0162 2
-9.0293 -10.9303 4
-7.8490 22.9602 1
-17.0262 1.1254 9
2.1463 11.0783 9
14.4868 1.2209 4
9.4989 -6.6095 1
-7.4947 4.8734 8
-2.7665 9.3636 1
-3.9406 5.8927 3
20.3282 16.7999 8
-2.6152 -4.0193 1
11.0783 4.6318 1
0.7231 3.2326 6
-0.9365 5.4196 9
-6.8539 6.8450 4
20.8575 13.6347 5
2.0608 -2.7307 5
6.8001 -9.9450 2
-0.6453 17.9767 8
-14.3114 27.5454 4
10.7400 -16.2647 6
2.1177 -0.9312 6
8.4433 -0.2301 4
