10
50
-70.3897 48.5684 -37.2514 71.6768 30.1271 59.8957 56.2770 -3.8758 -77.5144 -61.5459 2
-85.3541 54.6972 71.5600 -23.3542 -79.6531 5.0752 77.1124 -60.0649 -68.2025 -15.6541 5
-46.6987 -56.5743 -94.1528 -48.1922 -12.9022 -70.7409 -64.8420 -5.7658 17.3883 34.3414 4
18.4591 -83.4346 -57.1981 15.9887 -55.8669 -45.0571 -66.2393 -68.2679 -83.3714 1.7752 10
93.8953 -4.6690 1.1883 34.9569 73.5986 64.1160 69.3184 70.6541 -64.0709 -93.5339 5
-8.7861 -53.6290 -4.7456 58.4843 88.1690 83.1534 3.2609 -89.8250 77.1760 -86.2748 5
-0.8945 -47.5889 20.8586 -47.7534 66.0306 70.5910 -64.8194 -52.0796 57.4842 80.6197 6
-88.1356 -90.3323 61.0080 25.5108 99.9063 60.7969 -97.7751 20.0163 9.5819 -71.7193 10
-53.5056 -46.3053 -7.3990 -55.1173 73.4151 -65.0642 22.8705 60.1129 56.8630 51.3625 10
47.1956 -24.9853 -65.4016 -70.5419 99.6434 -59.6859 -99.4110 -31.4779 -83.0676 88.7456 10
69.2304 -73.7851 66.5743 -14.8571 39.7011 -67.7045 -65.2421 -6.4823 72.0155 73.0725 6
27.3783 -41.4613 -79.8580 -57.8254 -11.9248 -12.1786 23.5404 -6.0371 48.8481 -23.9901 3
77.9631 -89.1052 51.3510 -6.6232 -48.5898 93.0861 -87.0527 -64.2976 -59.3077 -4.9566 1
99.3245 -19.9992 -90.8270 95.0758 27.4659 63.0838 43.0119 10.0899 42.3484 26.9022 4
27.8475 88.1958 94.6719 32.3285 -68.4505 87.8051 -15.7180 97.3703 75.5107 17.9318 6
-96.8940 83.8867 -37.5845 61.8185 9.8770 71.3376 79.9377 -54.4373 69.2855 -18.9404 8
-58.6233 -1.8226 97.8691 73.8305 10.2985 -58.4117 79.2335 -30.4451 -87.6821 75.7043 2
-30.2077 -53.6090 92.7054 16.1824 95.7313 5.3824 56.7804 -40.2380 97.8404 -83.5946 3
-10.1303 71.4828 16.7207 -80.2312 20.6488 -62.1446 -14.9210 -92.9910 84.7857 28.3441 4
67.5484 -23.5832 -66.4905 -7.1578 96.6511 76.2627 58.3437 60.4322 -40.3647 -94.7914 3
65.5593 -77.6344 -24.7965 -80.1994 -47.0897 6.7137 -86.8395 -72.6050 -15.9545 87.1184 8
-75.4951 -92.5510 -83.6596 -61.7597 -32.4649 -32.1984 83.7076 -95.2317 -91.3957 39.9896 8
29.8994 -85.7534 -29.6605 -2.5240 95.1641 3.8515 14.9817 -14.7581 58.9029 -41.3474 5
41.7041 -13.9074 -86.0804 46.6419 -7.6716 -81.4162 -41.0058 -13.6359 -33.4203 -80.3156 7
38.0109 34.3055 70.7988 27.1239 22.2099 77.7437 -82.7321 74.7189 -8.8530 48.5080 10
-84.6176 -58.9506 -0.1816 -22.3431 -68.4236 49.9643 42.5018 69.4216 53.0464 10.2747 4
90.6284 -79.0437 10.1477 -99.4249 85.0713 69.2664 22.5635 -9.1675 97.9332 -75.7999 8
-62.5586 -45.1386 -0.6228 -77.0525 77.9062 -99.8852 -18.8207 22.4903 -55.9209 -93.2042 5
79.2322 49.5467 77.6624 43.7819 26.7145 10.9793 -78.0008 63.3049 40.6428 76.2376 10
77.4961 14.3347 55.8638 -44.8077 -76.4541 -13.0238 -52.1553 -14.2403 -69.0630 -40.2576 4
-12.3599 -6.1512 -60.3837 93.0194 53.5670 5.3141 17.8118 52.1636 58.5846 85.5104 8
-81.1043 -60.7634 -16.8030 -47.5335 67.3992 30.1388 2.2987 -27.8374 -29.0911 -54.6148 2
94.4092 9.3888 -31.6504 55.7201 -14.8799 -97.1584 -79.7123 -4.4975 -97.1050 -5.2906 5
58.4765 52.0151 60.6229 -61.5133 86.2638 -4.0408 61.0119 -70.9857 10.9807 30.7552 8
-39.1679 -46.2137 -57.5053 -57.9083 -24.9479 48.4389 93.7480 -67.5900 -22.8028 74.3567 5
38.9152 12.4972 16.0787 45.2620 2.1310 44.1498 36.7287 -59.6002 63.5524 41.0416 1
14.8051 -3.6925 -1.8611 -50.4898 55.7873 -41.0390 21.4355 15.8147 47.7280 48.5097 2
-37.0870 -50.0444 -83.2497 87.2524 -8.0620 -84.2392 -28.5081 -92.5459 -34.2643 88.3764 8
-1.1353 25.2159 13.0315 98.5850 31.1708 37.8702 -0.9505 32.8377 -50.7621 47.6932 10
-52.5619 -89.1507 20.8407 -64.0586 -81.8450 -74.3185 -40.3760 -21.2528 -42.7545 -28.8445 2
62.1325 39.0531 74.6289 10.4042 84.9221 -46.4454 -39.4402 -4.3798 32.6732 95.2799 9
-94.2139 -90.5073 40.1434 -82.6493 50.8831 -36.5093 -26.5558 -50.2658 -58.3998 61.6075 8
-68.3447 58.3288 -8.0281 -98.1409 -76.8424 91.5574 -43.4806 3.2711 30.1948 -77.3988 1
1.5498 0.3457 60.9514 13.8861 -66.4478 -17.5647 -22.4645 31.1703 -6.5395 94.7612 7
-77.3663 -55.4049 -48.8552 64.4295 -68.2496 -98.0297 82.6765 42.1934 -70.9122 -5.5706 4
9.2517 92.8829 -0.3118 -48.5970 1.0213 35.2727 1.7266 -44.3674 15.2143 2.9274 8
-53.7882 -83.1987 -20.1762 -90.6633 6.9444 -30.3190 30.4693 89.1709 49.4067 29.7350 4
-10.3890 0.8532 84.4542 -25.6742 -94.4240 -66.9875 -64.7683 82.8012 55.0885 -17.4445 3
76.5591 6.5328 -41.1603 83.7235 15.3097 69.1925 -39.1418 16.3892 49.4409 -32.1340 1
37.4370 49.2457 -95.0578 -66.3960 37.2757 -63.0091 82.6125 -0.0653 26.2551 69.4816 6
