2
100
96.3127 7.2587 8
95.6348 7.0643 3
94.9569 6.8698 5
94.2790 6.6754 8
93.6011 6.4810 8
92.9233 6.2866 2
92.2454 6.0922 4
91.5675 5.8977 8
90.8896 5.7033 1
90.2117 5.5089 10
89.5338 5.3145 9
88.8560 5.1200 7
88.1781 4.9256 1
87.5002 4.7312 2
86.8223 4.5368 1
86.1444 4.3423 3
85.4665 4.1479 10
84.7886 3.9535 7
84.1108 3.7591 8
83.4329 3.5647 3
82.7550 3.3702 2
82.0771 3.1758 7
81.3992 2.9814 2
80.7213 2.7870 5
80.0435 2.5925 1
79.3656 2.3981 9
78.6877 2.2037 10
78.0098 2.0093 5
77.3319 1.8149 8
76.6540 1.6204 1
75.9762 1.4260 8
75.2983 1.2316 6
74.6204 1.0372 10
73.9425 0.8427 7
73.2646 0.6483 5
72.5867 0.4539 1
71.9088 0.2595 8
71.2310 0.0650 8
70.5531 -0.1294 5
69.8752 -0.3238 9
69.1973 -0.5182 10
68.5194 -0.7126 8
67.8415 -0.9071 5
67.1637 -1.1015 2
66.4858 -1.2959 5
65.8079 -1.4903 8
65.1300 -1.6848 8
64.4521 -1.8792 4
63.7742 -2.0736 10
63.0964 -2.2680 10
62.4185 -2.4625 9
61.7406 -2.6569 9
61.0627 -2.8513 7
60.3848 -3.0457 5
59.7069 -3.2401 9
59.0290 -3.4346 7
58.3512 -3.6290 8
57.6733 -3.8234 7
56.9954 -4.0178 9
56.3175 -4.2123 8
55.6396 -4.4067 10
54.9617 -4.6011 4
54.2839 -4.7955 9
53.6060 -4.9899 4
52.9281 -5.1844 6
52.2502 -5.3788 9
51.5723 -5.5732 4
50.8944 -5.7676 10
50.2166 -5.9621 3
49.5387 -6.1565 7
48.8608 -6.3509 1
48.1829 -6.5453 4
47.5050 -6.7398 5
46.8271 -6.9342 8
46.1492 -7.1286 1
45.4714 -7.3230 1
44.7935 -7.5174 2
44.1156 -7.7119 7
43.4377 -7.9063 3
42.7598 -8.1007 5
42.0819 -8.2951 1
41.4041 -8.4896 8
40.7262 -8.6840 10
40.0483 -8.8784 2
39.3704 -9.0728 3
38.6925 -9.2673 10
38.0146 -9.4617 5
37.3368 -9.6561 7
36.6589 -9.8505 1
35.9810 -10.0449 10
35.3031 -10.2394 7
34.6252 -10.4338 4
33.9473 -10.6282 5
33.2694 -10.8226 2
32.5916 -11.0171 2
31.9137 -11.2115 3
31.2358 -11.4059 3
30.5579 -11.6003 3
29.8800 -11.7948 8
29.2021 -11.9892 7
