10
100
46.6919 -67.7605 -7.5625 10.5492 -63.2739 -66.2692 -51.4309 -77.1545 78.6033 41.2515 9
46.3861 -67.8933 -7.0038 11.0667 -62.6588 -66.6087 -50.5137 -76.7091 77.1226 40.4684 8
46.0802 -68.0261 -6.4452 11.5843 -62.0437 -66.9482 -49.5966 -76.2636 75.6419 39.6853 10
45.7744 -68.1588 -5.8865 12.1019 -61.4286 -67.2877 -48.6794 -75.8181 74.1612 38.9021 8
45.4685 -68.2916 -5.3278 12.6195 -60.8135 -67.6272 -47.7622 -75.3727 72.6804 38.1190 10
45.1627 -68.4244 -4.7691 13.1371 -60.1984 -67.9667 -46.8450 -74.9272 71.1997 37.3359 4
44.8568 -68.5571 -4.2104 13.6547 -59.5832 -68.3062 -45.9278 -74.4817 69.7190 36.5527 9
44.5510 -68.6899 -3.6517 14.1722 -58.9681 -68.6457 -45.0107 -74.0363 68.2383 35.7696 8
44.2452 -68.8227 -3.0930 14.6898 -58.3530 -68.9852 -44.0935 -73.5908 66.7575 34.9865 6
43.9393 -68.9554 -2.5343 15.2074 -57.7379 -69.3247 -43.1763 -73.1453 65.2768 34.2033 1
43.6335 -69.0882 -1.9756 15.7250 -57.1228 -69.6643 -42.2591 -72.6998 63.7961 33.4202 7
43.3276 -69.2210 -1.4169 16.2426 -56.5076 -70.0038 -41.3420 -72.2544 62.3154 32.6371 6
43.0218 -69.3537 -0.8582 16.7602 -55.8925 -70.3433 -40.4248 -71.8089 60.8346 31.8539 6
42.7159 -69.4865 -0.2995 17.2778 -55.2774 -70.6828 -39.5076 -71.3634 59.3539 31.0708 3
42.4101 -69.6193 0.2592 17.7953 -54.6623 -71.0223 -38.5904 -70.9180 57.8732 30.2877 3
42.1043 -69.7520 0.8179 18.3129 -54.0472 -71.3618 -37.6733 -70.4725 56.3925 29.5045 8
41.7984 -69.8848 1.3766 18.8305 -53.4321 -71.7013 -36.7561 -70.0270 54.9117 28.7214 2
41.4926 -70.0176 1.9353 19.3481 -52.8169 -72.0408 -35.8389 -69.5816 53.4310 27.9383 4
41.1867 -70.1503 2.4940 19.8657 -52.2018 -72.3803 -34.9217 -69.1361 51.9503 27.1551 7
40.8809 -70.2831 3.0527 20.3833 -51.5867 -72.7198 -34.0045 -68.6906 50.4695 26.3720 4
40.5751 -70.4159 3.6114 20.9008 -50.9716 -73.0593 -33.0874 -68.2452 48.9888 25.5889 8
40.2692 -70.5486 4.1701 21.4184 -50.3565 -73.3989 -32.1702 -67.7997 47.5081 24.8057 8
39.9634 -70.6814 4.7288 21.9360 -49.7414 -73.7384 -31.2530 -67.3542 46.0274 24.0226 2
39.6575 -70.8142 5.2875 22.4536 -49.1262 -74.0779 -30.3358 -66.9087 44.5466 23.2395 4
39.3517 -70.9469 5.8462 22.9712 -48.5111 -74.4174 -29.4187 -66.4633 43.0659 22.4563 2
39.0458 -71.0797 6.4049 23.4888 -47.8960 -74.7569 -28.5015 -66.0178 41.5852 21.6732 6
38.7400 -71.2124 6.9636 24.0064 -47.2809 -75.0964 -27.5843 -65.5723 40.1045 20.8901 8
38.4342 -71.3452 7.5223 24.5239 -46.6658 -75.4359 -26.6671 -65.1269 38.6237 20.1069 5
38.1283 -71.4780 8.0810 25.0415 -46.0507 -75.7754 -25.7500 -64.6814 37.1430 19.3238 4
37.8225 -71.6107 8.6397 25.5591 -45.4355 -76.1149 -24.8328 -64.2359 35.6623 18.5407 9
37.5166 -71.7435 9.1984 26.0767 -44.8204 -76.4544 -23.9156 -63.7905 34.1816 17.7575 3
37.2108 -71.8763 9.7571 26.5943 -44.2053 -76.7940 -22.9984 -63.3450 32.7008 16.9744 10
36.9049 -72.0090 10.3158 27.1119 -43.5902 -77.1335 -22.0812 -62.8995 31.2201 16.1913 10
36.5991 -72.1418 10.8745 27.6294 -42.9751 -77.4730 -21.1641 -62.4541 29.7394 15.4082 5
36.2933 -72.2746 11.4332 28.1470 -42.3599 -77.8125 -20.2469 -62.0086 28.2587 14.6250 3
35.9874 -72.4073 11.9919 28.6646 -41.7448 -78.1520 -19.3297 -61.5631 26.7779 13.8419 5
35.6816 -72.5401 12.5506 29.1822 -41.1297 -78.4915 -18.4125 -61.1176 25.2972 13.0588 3
35.3757 -72.6729 13.1093 29.6998 -40.5146 -78.8310 -17.4954 -60.6722 23.8165 12.2756 2
35.0699 -72.8056 13.6680 30.2174 -39.8995 -79.1705 -16.5782 -60.2267 22.3357 11.4925 7
34.7641 -72.9384 14.2267 30.7349 -39.2844 -79.5100 -15.6610 -59.7812 20.8550 10.7094 6
34.4582 -73.0712 14.7854 31.2525 -38.6692 -79.8495 -14.7438 -59.3358 19.3743 9.9262 1
34.1524 -73.2039 15.3441 31.7701 -38.0541 -80.1890 -13.8267 -58.8903 17.8936 9.1431 9
33.8465 -73.3367 15.9028 32.2877 -37.4390 -80.5286 -12.9095 -58.4448 16.4128 8.3600 7
33.5407 -73.4695 16.4615 32.8053 -36.8239 -80.8681 -11.9923 -57.9994 14.9321 7.5768 5
33.2348 -73.6022 17.0202 33.3229 -36.2088 -81.2076 -11.0751 -57.5539 13.4514 6.7937 6
32.9290 -73.7350 17.5789 33.8405 -35.5937 -81.5471 -10.1579 -57.1084 11.9707 6.0106 8
32.6232 -73.8678 18.1376 34.3580 -34.9785 -81.8866 -9.2408 -56.6630 10.4899 5.2274 9
32.3173 -74.0005 18.6963 34.8756 -34.3634 -82.2261 -8.3236 -56.2175 9.0092 4.4443 3
32.0115 -74.1333 19.2550 35.3932 -33.7483 -82.5656 -7.4064 -55.7720 7.5285 3.6612 7
31.7056 -74.2661 19.8136 35.9108 -33.1332 -82.9051 -6.4892 -55.3265 6.0478 2.8780 10
31.3998 -74.3988 20.3723 36.4284 -32.5181 -83.2446 -5.5721 -54.8811 4.5670 2.0949 3
31.0939 -74.5316 20.9310 36.9460 -31.9029 -83.5841 -4.6549 -54.4356 3.0863 1.3118 8
30.7881 -74.6643 21.4897 37.4635 -31.2878 -83.9236 -3.7377 -53.9901 1.6056 0.5286 1
30.4823 -74.7971 22.0484 37.9811 -30.6727 -84.2632 -2.8205 -53.5447 0.1249 -0.2545 6
30.1764 -74.9299 22.6071 38.4987 -30.0576 -84.6027 -1.9034 -53.0992 -1.3559 -1.0376 4
29.8706 -75.0626 23.1658 39.0163 -29.4425 -84.9422 -0.9862 -52.6537 -2.8366 -1.8208 7
29.5647 -75.1954 23.7245 39.5339 -28.8274 -85.2817 -0.0690 -52.2083 -4.3173 -2.6039 8
29.2589 -75.3282 24.2832 40.0515 -28.2122 -85.6212 0.8482 -51.7628 -5.7981 -3.3870 3
28.9531 -75.4609 24.8419 40.5691 -27.5971 -85.9607 1.7654 -51.3173 -7.2788 -4.1702 10
28.6472 -75.5937 25.4006 41.0866 -26.9820 -86.3002 2.6825 -50.8718 -8.7595 -4.9533 9
28.3414 -75.7265 25.9593 41.6042 -26.3669 -86.6397 3.5997 -50.4264 -10.2402 -5.7364 7
28.0355 -75.8592 26.5180 42.1218 -25.7518 -86.9792 4.5169 -49.9809 -11.7210 -6.5196 9
27.7297 -75.9920 27.0767 42.6394 -25.1367 -87.3187 5.4341 -49.5354 -13.2017 -7.3027 5
27.4238 -76.1248 27.6354 43.1570 -24.5215 -87.6582 6.3512 -49.0900 -14.6824 -8.0858 3
27.1180 -76.2575 28.1941 43.6746 -23.9064 -87.9978 7.2684 -48.6445 -16.1631 -8.8690 10
26.8122 -76.3903 28.7528 44.1921 -23.2913 -88.3373 8.1856 -48.1990 -17.6439 -9.6521 6
26.5063 -76.5231 29.3115 44.7097 -22.6762 -88.6768 9.1028 -47.7536 -19.1246 -10.4352 8
26.2005 -76.6558 29.8702 45.2273 -22.0611 -89.0163 10.0199 -47.3081 -20.6053 -11.2183 5
25.8946 -76.7886 30.4289 45.7449 -21.4460 -89.3558 10.9371 -46.8626 -22.0860 -12.0015 5
25.5888 -76.9214 30.9876 46.2625 -20.8308 -89.6953 11.8543 -46.4172 -23.5668 -12.7846 6
25.2829 -77.0541 31.5463 46.7801 -20.2157 -90.0348 12.7715 -45.9717 -25.0475 -13.5677 8
24.9771 -77.1869 32.1050 47.2977 -19.6006 -90.3743 13.6887 -45.5262 -26.5282 -14.3509 4
24.6713 -77.3197 32.6637 47.8152 -18.9855 -90.7138 14.6058 -45.0807 -28.0090 -15.1340 9
24.3654 -77.4524 33.2224 48.3328 -18.3704 -91.0533 15.5230 -44.6353 -29.4897 -15.9171 5
24.0596 -77.5852 33.7811 48.8504 -17.7552 -91.3928 16.4402 -44.1898 -30.9704 -16.7003 7
23.7537 -77.7180 34.3398 49.3680 -17.1401 -91.7324 17.3574 -43.7443 -32.4511 -17.4834 1
23.4479 -77.8507 34.8985 49.8856 -16.5250 -92.0719 18.2745 -43.2989 -33.9319 -18.2665 8
23.1421 -77.9835 35.4572 50.4032 -15.9099 -92.4114 19.1917 -42.8534 -35.4126 -19.0497 9
22.8362 -78.1162 36.0159 50.9207 -15.2948 -92.7509 20.1089 -42.4079 -36.8933 -19.8328 2
22.5304 -78.2490 36.5746 51.4383 -14.6797 -93.0904 21.0261 -41.9625 -38.3740 -20.6159 5
22.2245 -78.3818 37.1333 51.9559 -14.0645 -93.4299 21.9433 -41.5170 -39.8548 -21.3991 6
21.9187 -78.5145 37.6920 52.4735 -13.4494 -93.7694 22.8604 -41.0715 -41.3355 -22.1822 1
21.6128 -78.6473 38.2507 52.9911 -12.8343 -94.1089 23.7776 -40.6261 -42.8162 -22.9653 1
21.3070 -78.7801 38.8094 53.5087 -12.2192 -94.4484 24.6948 -40.1806 -44.2969 -23.7485 4
21.0012 -78.9128 39.3681 54.0263 -11.6041 -94.7879 25.6120 -39.7351 -45.7777 -24.5316 2
20.6953 -79.0456 39.9268 54.5438 -10.9890 -95.1274 26.5291 -39.2896 -47.2584 -25.3147 1
20.3895 -79.1784 40.4855 55.0614 -10.3738 -95.4670 27.4463 -38.8442 -48.7391 -26.0979 7
20.0836 -79.3111 41.0442 55.5790 -9.7587 -95.8065 28.3635 -38.3987 -50.2198 -26.8810 2
19.7778 -79.4439 41.6029 56.0966 -9.1436 -96.1460 29.2807 -37.9532 -51.7006 -27.6641 5
19.4719 -79.5767 42.1616 56.6142 -8.5285 -96.4855 30.1978 -37.5078 -53.1813 -28.4473 4
19.1661 -79.7094 42.7203 57.1318 -7.9134 -96.8250 31.1150 -37.0623 -54.6620 -29.2304 2
18.8603 -79.8422 43.2790 57.6493 -7.2982 -97.1645 32.0322 -36.6168 -56.1428 -30.0135 9
18.5544 -79.9750 43.8377 58.1669 -6.6831 -97.5040 32.9494 -36.1714 -57.6235 -30.7967 3
18.2486 -80.1077 44.3964 58.6845 -6.0680 -97.8435 33.8666 -35.7259 -59.1042 -31.5798 3
17.9427 -80.2405 44.9551 59.2021 -5.4529 -98.1830 34.7837 -35.2804 -60.5849 -32.3629 6
17.6369 -80.3733 45.5138 59.7197 -4.8378 -98.5225 35.7009 -34.8350 -62.0657 -33.1461 9
17.3311 -80.5060 46.0725 60.2373 -4.2227 -98.8620 36.6181 -34.3895 -63.5464 -33.9292 4
17.0252 -80.6388 46.6311 60.7549 -3.6075 -99.2016 37.5353 -33.9440 -65.0271 -34.7123 10
16.7194 -80.7716 47.1898 61.2724 -2.9924 -99.5411 38.4524 -33.4985 -66.5078 -35.4955 6
16.4135 -80.9043 47.7485 61.7900 -2.3773 -99.8806 39.3696 -33.0531 -67.9886 -36.2786 4
