5
50
30.2429 -16.8847 24.1461 -36.1128 2.3505 10
29.0113 -16.6759 25.4726 -36.0829 2.7267 10
27.7797 -16.4672 26.7990 -36.0530 3.1029 10
26.5482 -16.2584 28.1255 -36.0231 3.4791 6
25.3166 -16.0497 29.4519 -35.9932 3.8553 6
24.0850 -15.8409 30.7784 -35.9633 4.2315 8
22.8534 -15.6322 32.1048 -35.9334 4.6077 7
21.6218 -15.4234 33.4313 -35.9035 4.9839 7
20.3902 -15.2147 34.7578 -35.8736 5.3601 2
19.1587 -15.0059 36.0842 -35.8437 5.7363 7
17.9271 -14.7972 37.4107 -35.8137 6.1125 4
16.6955 -14.5884 38.7371 -35.7838 6.4887 5
15.4639 -14.3797 40.0636 -35.7539 6.8649 5
14.2323 -14.1709 41.3900 -35.7240 7.2411 1
13.0008 -13.9622 42.7165 -35.6941 7.6173 3
11.7692 -13.7534 44.0429 -35.6642 7.9935 6
10.5376 -13.5446 45.3694 -35.6343 8.3697 8
9.3060 -13.3359 46.6959 -35.6044 8.7459 3
8.0744 -13.1271 48.0223 -35.5745 9.1221 3
6.8428 -12.9184 49.3488 -35.5446 9.4983 9
5.6113 -12.7096 50.6752 -35.5146 9.8745 9
4.3797 -12.5009 52.0017 -35.4847 10.2507 6
3.1481 -12.2921 53.3281 -35.4548 10.6269 3
1.9165 -12.0834 54.6546 -35.4249 11.0031 3
0.6849 -11.8746 55.9810 -35.3950 11.3793 2
-0.5467 -11.6659 57.3075 -35.3651 11.7555 4
-1.7782 -11.4571 58.6340 -35.3352 12.1317 9
-3.0098 -11.2484 59.9604 -35.3053 12.5079 5
-4.2414 -11.0396 61.2869 -35.2754 12.8841 10
-5.4730 -10.8309 62.6133 -35.2455 13.2603 4
-6.7046 -10.6221 63.9398 -35.2155 13.6365 1
-7.9362 -10.4134 65.2662 -35.1856 14.0127 9
-9.1677 -10.2046 66.5927 -35.1557 14.3889 5
-10.3993 -9.9959 67.9192 -35.1258 14.7651 2
-11.6309 -9.7871 69.2456 -35.0959 15.1413 6
-12.8625 -9.5784 70.5721 -35.0660 15.5175 5
-14.0941 -9.3696 71.8985 -35.0361 15.8937 2
-15.3257 -9.1609 73.2250 -35.0062 16.2699 9
-16.5572 -8.9521 74.5514 -34.9763 16.6461 2
-17.7888 -8.7434 75.8779 -34.9464 17.0223 2
-19.0204 -8.5346 77.2043 -34.9164 17.3985 9
-20.2520 -8.3259 78.5308 -34.8865 17.7747 1
-21.4836 -8.1171 79.8573 -34.8566 18.1509 2
-22.7152 -7.9084 81.1837 -34.8267 18.5271 2
-23.9467 -7.6996 82.5102 -34.7968 18.9033 1
-25.1783 -7.4909 83.8366 -34.7669 19.2795 6
-26.4099 -7.2821 85.1631 -34.7370 19.6557 2
-27.6415 -7.0734 86.4895 -34.7071 20.0319 8
-28.8731 -6.8646 87.8160 -34.6772 20.4081 9
-30.1047 -6.6559 89.1424 -34.6473 20.7843 8
