2
50
-10.5193 18.6584 5
-7.2976 -7.0330 10
-13.6893 5.1871 8
-3.4481 2.3811 4
4.6840 13.4513 3
10.2441 -19.9090 10
4.1604 -0.5219 7
22.4662 -3.1239 8
7.0632 -6.5809 7
-2.3305 -0.4593 10
15.0555 -12.6923 7
0.9844 16.8692 3
-5.5584 13.3371 4
-8.2463 12.0445 4
-0.9920 -20.6130 10
-5.4822 -9.8691 4
4.3586 -2.0779 3
-1.4153 2.5189 4
17.5542 -11.2451 4
1.8457 0.4044 8
9.7517 -9.7557 7
5.7179 5.5916 4
-13.5536 7.0406 9
9.9975 -19.8170 6
5.6961 15.5567 6
7.6139 -34.0911 6
-12.8782 -6.1279 8
15.6802 -10.1720 3
12.1197 8.2746 8
-2.8726 -2.6043 3
-0.5638 -9.5378 10
4.1906 -12.2552 2
-19.3714 -5.5752 6
-13.5038 -7.7237 10
7.3340 -13.1620 10
-16.7423 -20.1433 5
-4.5746 19.7913 9
4.9332 3.5260 1
6.2197 1.6462 1
5.3527 -4.1141 1
-19.9615 6.3044 9
-13.7658 12.7403 1
6.5424 -7.0944 6
5.1717 -11.3846 7
1.6459 13.7939 4
-14.2846 12.8103 4
17.9469 -17.3271 9
-14.5400 4.4195 6
5.6365 -9.4280 7
-3.3123 10.0171 5
