2
500
-14773.9606 3495.9585 8
-14559.8670 6522.7394 29
-27600.0975 10984.5470 43
-15002.1910 20774.4801 46
-30289.0183 -24949.5228 45
667.1375 -33583.0284 31
12124.4468 -15494.0302 33
-20554.6457 22656.7134 5
-28249.5963 12466.9189 36
6139.6161 -36299.3905 36
-21220.1012 17405.5520 43
10300.3983 -17667.9619 9
-15525.3080 13502.2855 39
-11061.1627 22913.8465 36
13794.0562 -18258.0348 2
14912.7466 -18529.3886 17
-38560.6825 -33973.1392 21
-37638.3365 -22490.4231 41
-30502.3354 -35216.0511 5
-19587.9733 7869.2725 47
9239.5545 -30987.2005 15
-21639.9738 13292.7924 23
-29407.6760 8745.1469 17
-28204.6171 14133.0176 48
6269.5323 -33683.5661 26
-31478.3385 11465.7974 49
-24187.3159 10258.0135 19
8992.3883 28755.1007 23
18695.8994 -16277.1579 39
-17834.7945 7303.0877 44
6125.1655 -38116.5018 34
-19474.9940 22303.3125 28
-1358.1159 -39467.3475 20
-19291.3374 11261.9200 40
18100.1766 -47713.2771 35
16185.1508 -20076.6917 31
-9547.4713 6539.4949 43
-25965.8809 2619.9435 32
-20323.6269 15500.8003 10
-29656.1181 -23807.1544 49
-465.7129 27868.2401 20
-27954.4586 5021.0118 40
-2533.3433 -38840.9495 2
8973.1799 27354.1701 46
19810.0847 -30201.8943 33
-25019.0145 7914.6128 28
5342.8398 35839.1106 44
-16346.0748 20123.2018 16
10137.4359 23635.0849 27
15936.1589 -17320.4233 33
-28323.3066 17379.7125 45
8090.9843 -33456.8842 17
93.0974 37975.3895 32
-18587.9012 12988.9288 37
-19010.0821 13749.1003 46
5577.0545 -38450.0585 11
4421.0240 -21096.6809 26
19198.6227 -22796.7559 12
-28341.4484 3446.1330 2
-2031.8087 22380.2375 44
-38843.1292 -25582.9952 29
-13956.3588 15602.1643 21
-26448.9776 11019.8327 24
-24903.9392 11635.9412 18
10920.7451 -26920.6027 18
7999.0243 18636.5849 40
8748.0101 -24140.1487 49
20984.7925 -22844.3972 25
-17251.5797 -2196.1598 4
-27410.8867 9512.9388 27
13072.7287 -15976.6703 4
-38211.9885 -31542.0850 2
16645.9238 -22032.5342 41
-33316.6579 9482.7986 15
12991.6308 -21217.6435 39
-31951.4587 15031.1277 11
-12776.5161 21547.7849 48
11749.4271 -29623.7456 6
-19757.4158 7577.0727 8
-25320.5028 9051.8074 19
-34155.0068 -19847.7901 22
-41794.5787 -29173.3938 22
-26533.6094 16020.8263 35
14364.9721 -14583.2106 34
11896.4331 28029.6070 14
-39186.4100 -33535.2728 33
23252.8016 -25820.2337 25
4594.7951 -32526.5172 1
-7535.5237 -32088.4039 17
8547.7967 -19823.1383 20
-19743.8392 5004.8904 42
-16100.0085 9600.1713 38
7027.7622 -21744.3174 28
-32376.1150 22225.6880 31
20716.4428 -20578.2980 29
4332.7021 -34467.3881 31
18065.7729 -25566.7422 32
-25973.1279 10565.5986 9
8012.6223 -41654.7949 16
-18082.2490 21460.9628 18
-42763.2665 -28325.6584 20
3191.5759 30617.6045 27
14826.9791 25864.8372 49
-1819.1181 40683.1456 44
-31070.7783 11083.7896 3
-35831.5665 -22933.4358 15
5623.2554 23581.7669 42
18121.4448 -17849.7205 15
-22837.6194 5662.9761 47
-23251.2630 11369.3062 32
-39790.8421 -29108.5432 41
10235.4379 -23224.1745 9
-19458.7771 15534.4489 30
11957.9043 -24922.8791 33
23465.1893 -12043.5023 17
13568.4032 -36299.3056 48
-4257.5944 34035.3776 9
-28474.6224 14467.3573 25
-39124.1260 -35675.2327 13
-22385.4203 28424.2358 13
6260.8749 38049.1068 39
16921.2018 -19253.7704 13
-25018.8353 4636.0913 7
-14645.8185 17968.4803 8
-7654.5745 32536.5099 42
-27446.5538 -4855.2697 45
-38129.6496 -19899.5229 27
5326.1761 25143.7092 15
11042.6870 -18741.2531 3
25630.0729 -26867.8124 37
2741.9453 -22867.3843 10
9145.0643 19079.3073 8
18273.8715 -19961.7641 19
10379.6386 -36929.5364 20
-17901.4924 3401.2714 28
11554.0198 -21707.4112 13
24523.1678 -28060.5018 32
-22893.7507 9077.6333 13
-357.5350 -36135.4293 2
19231.4283 -15071.7927 15
17910.5501 -29352.0839 10
-2028.0480 25869.5310 23
20345.4102 -19886.0145 16
9082.1552 -33252.2154 8
18226.9315 -27552.5765 22
-19154.2777 2569.6955 18
-13865.4802 12389.5526 15
12939.6126 -18685.7466 26
-31629.6334 -27828.6038 12
-19699.5690 17592.1822 43
-25723.7482 12441.4584 43
9982.3546 -25356.6156 6
-13873.6905 8518.6656 20
-11442.2664 2397.7863 15
-24560.6878 5762.5874 4
12382.7121 -24665.5302 17
-21252.0540 4092.7103 41
18303.6152 -18648.2458 23
-47370.2004 -36685.9882 5
12442.2018 -20745.6232 49
-5155.4365 27165.3110 11
878.2809 22553.8413 27
-1397.7557 29182.7320 9
1177.5149 -30122.1887 43
18922.0356 -35603.5510 7
-46480.4656 -24127.4352 5
-17444.9733 12663.0468 47
12264.5307 -18617.2291 11
6328.0158 -18779.1776 49
10383.3236 -40953.7656 17
-28516.2918 16480.7451 36
-39418.2801 -35663.7000 23
2899.2726 32295.6315 32
-24605.4993 18252.6475 43
-11531.9020 14979.0159 19
4263.0661 26510.9817 13
-28365.6082 9663.4782 7
-26611.9457 18506.4504 42
-1015.8490 24131.3186 22
-40938.1957 -30763.0997 34
-37376.7183 -19407.3806 2
19698.1077 -16690.7497 1
7732.2349 36213.3431 17
-28257.5629 -34288.8360 27
-38369.8282 -29163.1750 24
-15146.4211 17447.1116 1
4080.0531 -37269.3610 39
-12873.6741 15376.5363 4
-23001.3723 14779.0488 25
-41541.2719 -32953.9030 40
-34989.2095 -29019.9303 22
-34093.2679 -22688.9222 29
-23056.7926 8859.0542 37
-14927.9434 5387.8795 19
1687.9637 -32328.4757 6
9273.0521 -35700.1646 3
-17893.0361 17988.9600 44
-28364.2529 12198.1307 10
4362.6841 31519.7721 20
5014.9250 34261.2690 25
3520.9182 20715.7099 32
-11657.1166 7832.6344 4
7949.6964 -40558.1970 16
9302.4020 28541.4657 46
-38485.5003 20574.1543 21
-1316.6087 -30163.6698 8
-19480.3911 4952.9722 5
-18366.6249 9884.3328 12
12030.9376 -41375.3898 44
1855.4728 -28107.9346 47
-17813.4533 12987.2491 39
12041.6483 -25117.1501 30
4646.0934 29424.5044 28
17332.7512 -32034.1125 26
17901.3824 -14415.9354 30
3655.0495 -26599.0001 17
22888.6113 -22204.4102 41
-28196.2659 13225.7403 8
-15674.5929 22493.8486 33
-3696.8005 22472.0490 43
-15425.6814 15921.1846 29
-39645.9230 -21406.5796 36
7868.8579 -22789.7368 5
8666.8806 -30443.8370 46
-37824.6039 -29192.9244 17
-25728.1722 14721.5037 46
-23279.0455 8473.7702 19
6949.0732 29223.7607 3
-23037.4383 9781.3770 29
16337.5405 -9564.9144 18
6438.1315 -27451.7370 36
14531.3261 -21327.0982 10
-39491.6132 -37371.0935 43
-11266.4514 -923.7692 39
5546.0938 -44607.4096 7
12154.1114 -20854.1310 23
5270.6133 29903.5706 36
15858.2780 -28339.8702 13
9414.0398 -19419.2616 1
-22092.0433 17299.1920 5
-15676.3796 3355.4197 44
-19091.7975 16385.5798 7
13069.3200 -23925.9089 35
-20592.7879 16157.7429 30
-19200.4742 14155.8825 11
5962.0252 36821.3796 25
-12313.6707 2166.1275 21
-31271.2531 7974.8584 21
17766.1365 -21392.5238 4
-22879.9906 10673.1215 29
-40694.6052 -25248.9708 30
-17420.1044 4837.3521 13
-33656.0029 -33038.6301 49
-36285.1435 -25313.7358 40
7476.8462 27902.5092 1
-27056.8304 11423.6686 3
-11529.6891 9870.6953 40
12360.4297 -29599.0626 27
-23957.9062 10903.5154 48
11737.6386 38980.6304 13
13274.1879 -21621.4060 27
18458.6566 -32032.6202 27
-19504.8743 803.5680 24
-2245.7366 -50484.2252 15
10174.7805 -24885.5022 32
-630.2170 25871.1757 33
-30606.4582 -31747.5981 37
2459.1045 -37769.9343 17
6397.5662 26089.6479 20
-41965.5366 -32160.8096 21
8851.6559 -27010.8338 25
19392.0062 -14239.8011 19
-24480.1517 16578.1256 27
-1225.5419 27119.7290 11
22477.1232 -21948.9891 39
-22652.3049 16030.6147 24
9703.5831 -24622.4849 23
-31620.1612 11499.7051 32
7086.4261 -29137.9244 6
-17778.8793 4287.4511 4
-22281.7982 5641.6000 49
16343.5795 -28894.3222 27
-24548.3116 12209.8024 19
-18111.0782 20460.6513 15
18537.8107 -27348.8617 4
-20814.0186 5496.9374 22
-36488.7005 -21300.8170 28
-19328.4261 16235.7296 28
-30716.6774 10361.4709 39
-19403.9007 9355.5037 24
-22158.6733 20484.9730 5
12216.3368 32095.7033 15
-19302.5617 15755.1134 12
1476.6702 -40411.9353 41
2132.1866 -33110.9042 12
11588.4535 24217.3282 16
15173.1217 -11695.6141 17
7500.0094 -30729.6402 13
17771.3952 -22187.0718 29
-32501.7914 -31138.5956 27
-25241.7479 20571.6208 36
-18181.0773 5105.3185 48
-20974.2159 6689.6465 49
16214.1364 -20652.5603 34
6706.8105 26186.8568 20
-22070.4916 26323.0017 30
-14913.4677 9042.5878 21
8241.0337 -33567.2806 33
-11737.7127 15772.5257 3
-17809.5813 19305.9484 10
-19357.1671 11329.3564 27
13682.3694 -23417.1910 21
-11083.4755 14707.5457 13
1829.9365 26303.2876 14
2312.0236 35167.5067 43
6379.0573 -20003.9536 48
14329.0838 -44031.2711 21
-15643.5552 25371.8566 18
-42752.2820 -26493.0598 17
-32844.8571 -21438.4934 22
12122.0222 -19883.6409 10
14811.4829 -22616.0644 5
-37193.4370 -18165.8606 10
-18966.6333 24160.0994 21
13568.9937 -22608.2990 39
-14002.7724 21438.7011 34
-38565.2944 -32957.5954 28
-13077.5610 6268.3534 23
3082.7234 -37508.9736 21
-19614.5752 15618.6114 35
25848.5146 -27290.8405 30
-45008.7145 -33239.5350 4
-22584.5328 18163.8757 5
-46544.5272 -37563.2866 2
-44320.3504 -30350.8179 30
-34735.6370 -31626.2180 32
77.7762 32637.9908 44
13574.4228 -18246.7669 23
-18438.1606 4227.5715 4
-34814.4130 18951.5815 42
13783.6169 -23548.0506 20
18324.9544 -24360.8259 47
-30560.3391 22099.3733 46
10342.9003 -14163.1929 4
-16431.1754 254.6838 20
-19804.7594 9428.2249 13
-35819.7795 -27523.6027 39
-37919.5013 -29121.4462 6
15973.1154 -13716.3504 45
16589.6185 -33684.3674 11
-23292.9648 14248.5517 40
-2944.6990 28629.6287 49
-17807.3410 10186.0948 4
14437.2435 -20189.5959 42
-18466.7509 17725.9311 23
-40915.6921 -35497.3532 42
10834.9524 -29939.5054 36
8290.8042 -15199.0862 16
18756.8467 -24033.7533 8
274.5435 -32648.7897 44
-33599.5948 3208.3886 34
-44350.0531 -27161.3767 5
1869.3379 -20544.2889 30
12817.1877 -36329.4670 30
-16995.1921 4847.9770 2
-47426.7947 -19618.8306 37
-45238.6114 -29567.9220 29
-25259.8755 12577.4468 46
-22767.0460 14852.9746 34
-12932.0250 1280.7290 39
-934.5127 24200.9604 33
-17745.2639 16913.2377 11
16941.4567 -33817.7317 29
-26123.5838 17559.2734 8
-34031.9898 7571.2784 15
21379.7934 -16111.0232 21
-31532.1724 26133.2595 7
3041.3688 21567.4232 45
-27947.9233 8532.7360 10
-31735.9832 -33087.0883 7
9071.6726 -20598.6248 20
-29384.8497 14943.3995 33
-24458.3038 12392.7844 42
6287.0358 32795.6346 33
-26316.6244 10082.1530 6
17251.9046 -20311.8309 17
11053.4388 -15213.3128 13
-22666.2281 11442.8246 42
11883.3961 -37101.2004 34
-22967.3340 15053.1617 2
-19166.6683 1909.0529 27
-35006.0779 12245.4495 8
-19776.7231 2134.2903 47
-32225.8130 -31288.5882 5
-32686.6604 23074.9027 18
13659.2535 -25934.5719 14
8948.8738 32559.5462 31
-43204.5810 -28139.3177 44
18149.2722 -20079.2955 19
5480.0391 -16126.2619 21
-16035.3701 34029.2435 1
18456.9181 -25999.5776 13
5970.8720 -25484.1489 44
-242.4815 -42712.9152 21
14481.6446 -18473.4950 38
-19607.1529 10067.6297 38
15900.5256 -24933.5370 42
14838.0477 -19649.6541 14
-27637.9882 13449.4050 28
278.9601 -43429.8604 48
2244.5234 -45144.3947 47
18136.1369 -28567.1004 6
11212.5468 -44541.6964 10
9967.2239 -33924.2179 34
-24749.5408 9869.9244 30
-33525.4651 11154.0726 1
17532.6455 -30843.8915 32
-25797.6288 5498.0039 22
-21080.7229 22190.0685 5
13215.6695 -28153.4858 38
-15067.0016 16030.1320 3
-3602.7221 -28755.6119 18
-23666.3209 17499.6806 20
-43336.3467 -32383.5602 15
-38358.0328 -32740.6381 6
-21175.7522 11707.4118 10
18782.7519 -30070.0044 20
-29802.9989 3418.9385 8
5284.1003 29470.4364 8
-22896.7102 11647.7929 4
-41727.4990 -31135.1769 40
23277.7894 -24900.1698 37
4809.5201 -45760.0871 18
-4784.7645 -33054.0756 29
739.0953 22364.8719 38
9470.3147 -29037.2375 44
11604.6133 24489.0166 3
2528.1781 -36867.5400 23
15706.1085 -21872.4442 2
7492.6736 -42246.8100 21
-25912.6521 16773.2317 6
-16230.2016 16032.0506 19
-12625.7495 13970.3143 28
19441.4937 -21002.0266 17
-39064.3668 -28462.8597 12
-8084.6860 22421.9485 6
-37121.5158 -37340.5218 38
-20767.8494 13541.6475 36
5346.9460 31844.8805 47
-29693.9382 16666.4458 26
18800.3883 -20702.0110 16
7138.5924 21587.2868 2
10851.6746 -16883.2993 43
5382.2439 -35822.5555 25
-33349.2764 16342.6156 14
6386.6529 -26556.3323 27
3127.1043 -34725.3927 19
12895.8008 26236.5313 1
14456.3338 -20678.0350 49
19125.4282 -17583.1728 18
-23856.3062 2334.1273 4
11970.6367 -24513.1154 2
6465.5748 -38976.1988 37
-24515.6879 15934.1295 5
-13977.8108 11197.8349 20
19948.3540 -17776.9518 49
-38301.1807 9400.4414 20
10985.4983 -25237.2716 6
-6152.7929 23715.7583 6
-23888.2835 12157.3926 26
15154.1286 -28683.8289 32
-21823.9947 25600.9149 5
830.5817 27303.5843 5
1587.2533 -39027.7626 23
7749.7123 -35770.5308 3
17237.6129 -23358.9166 46
-19203.0882 6524.0297 1
14131.7307 -25032.1986 39
3209.1981 -21883.9033 3
-22754.4469 16562.1387 23
-23337.8420 9299.2203 24
-17314.2209 15123.1891 27
-31191.0329 -31030.4531 5
-25263.9040 10101.3308 4
-44138.0704 -22693.8916 45
11237.7377 -18637.1956 8
5915.4865 -40366.3993 6
11314.3913 -17801.0783 8
5495.5596 -37945.9453 32
-31874.1333 -19834.4765 45
-26691.2125 11689.9378 37
-27512.3883 3447.6616 13
11327.0302 -42854.4258 14
-36512.6653 -24589.4609 17
3132.3818 23336.7580 16
-36263.3310 -20104.3112 13
-22168.2696 10978.3886 33
-23296.2088 14370.4001 11
9443.0910 -28523.6470 33
16300.8990 -18218.8087 12
