2
2000
6381.1685 -2014.3018 25
4340.3310 4525.5835 6
-375.5786 6507.0647 9
3163.3739 -4838.7743 33
4237.5515 -5224.5930 46
1597.3063 -5291.1173 48
2320.3487 -5764.6289 42
6042.3833 -5165.0656 6
3096.4806 -5547.2403 45
3956.6429 -6164.2929 23
2815.2186 -3713.8327 42
-4345.0110 4.9876 24
7656.8197 -3151.0951 25
2216.9485 -3331.9625 17
-7355.1135 132.0943 32
3310.5607 4390.6643 26
5120.0520 3698.3347 42
-367.8877 2794.4521 46
7329.4326 -5914.4388 13
5119.1882 3730.6335 16
4208.0611 -6021.2660 46
7703.0178 -3214.0366 5
3415.0597 2731.3774 46
6205.9438 -5312.2195 30
4509.5233 3785.2260 31
-7540.0159 191.4500 33
-6905.9567 -629.5183 7
7703.4806 -5284.6118 12
1762.9308 5211.1672 34
4326.6309 5024.4686 14
-6276.6533 -1688.0268 32
113.3255 -4463.5330 21
-710.2643 3540.6293 18
-5129.3307 -1415.2053 6
1491.7545 3827.5725 4
7095.6181 -6673.3363 11
-7003.5024 -922.0580 13
5871.8258 -6931.3988 9
-274.8848 4825.3744 8
5074.5215 3534.3449 49
1547.1187 -3474.0071 23
-4495.6690 195.5239 38
2757.2399 -5063.6613 32
4996.7109 -6181.6529 23
3356.6172 -5914.4664 27
2272.3154 -5300.1668 16
-5555.7803 -2049.7493 23
-5877.0496 -1909.4510 8
6984.2007 -3818.9990 33
5662.4542 5849.9537 23
1391.6502 3662.8094 8
679.1104 5791.7431 34
3492.8882 -3831.4958 41
5322.5778 -5757.8316 8
4192.8944 -6108.0401 2
6290.8867 3086.6642 44
-491.8930 6171.7810 5
-5491.3774 -303.4918 39
2942.7707 -3727.3164 19
-290.8945 6406.9030 3
-5790.6171 766.3194 2
285.7777 6352.6800 1
7343.2274 -5163.0331 36
5060.5334 3413.1087 21
6876.4622 -3717.8109 25
6984.1705 -6139.5456 22
4492.5798 3359.5515 24
4576.5033 3117.3543 36
-7496.2533 -172.0821 2
6771.7526 -3117.7400 6
4139.9752 2835.2752 43
3347.1358 2727.5918 11
-5237.3469 1441.6102 42
4942.4063 2985.3384 7
579.3316 4361.0955 37
7625.2341 -2366.7126 17
3982.1149 -6764.4120 38
5088.2918 -3803.0840 4
3865.9572 -3725.0994 15
-6013.1241 -2257.0262 8
962.0599 4417.0774 49
5044.1201 -6759.3436 12
-4454.4208 -3804.3843 11
5083.9292 -5827.6637 33
1998.4590 -5044.8709 48
-5471.5606 -643.6644 24
6094.3963 -5745.7252 27
1306.0413 3282.5067 27
5898.1615 -4471.9586 21
6713.0275 -4931.3879 4
3851.4885 -4597.2351 30
-4864.5067 -504.4918 13
5580.9948 -4907.9544 35
6509.1610 -4063.5304 35
751.4724 4856.2654 31
4931.2980 3446.7500 42
2611.5044 -3904.6809 25
6710.7198 -2798.7274 43
2413.1389 -4663.8111 27
6782.4652 -5946.0464 15
4827.4101 2035.0282 36
-6121.7232 -296.1399 29
1360.8416 4289.6599 10
4355.5146 -3420.2924 19
526.2165 5532.0778 35
1661.8980 4657.7827 33
-6101.3824 740.0008 38
4755.2691 -6891.2831 7
-7902.2616 -11.9407 30
4189.7834 -5892.6169 25
6465.3860 4036.5626 27
-6601.3151 -925.5477 27
3248.8054 -6277.9699 20
3242.5804 -5075.9273 40
5953.9742 5060.3629 36
-140.1632 3909.7802 15
7399.2050 -5020.7132 4
-8653.4658 -684.4116 30
5641.0408 3663.2159 15
4222.9794 1175.9793 20
591.6666 5002.9544 2
1267.9450 3711.2517 2
7499.1392 -5203.7793 6
-6268.7645 269.8796 13
5937.1178 -7899.6078 30
3866.5043 -4299.8830 12
7771.7120 -3707.2829 31
4449.6952 -6905.8193 20
5149.6974 4378.2636 40
-3791.9564 -1312.3003 18
392.8406 -5263.7921 6
3573.2216 -7402.4009 39
5563.0816 2746.0610 10
-1133.5960 4898.8344 40
5110.0047 3285.6918 11
1419.2009 -4426.3350 21
5386.9560 3580.3423 16
77.1767 4106.7153 36
7196.6464 3526.1062 8
506.8350 4267.0163 17
2476.2626 -5024.5964 18
-13.7221 6128.3762 33
822.6727 5076.3592 6
5508.2003 -4461.6779 33
-0.5345 3941.3923 40
6065.0856 -4589.6448 26
3642.7017 -5242.2946 18
5776.4997 3724.9053 49
1029.8324 -4156.1499 7
1771.6698 4811.0557 41
1932.0892 -4824.4269 42
2584.8722 -3906.2824 27
4785.2349 -6407.6575 25
6107.5605 -2928.8927 9
5717.6005 -7482.3832 18
6098.9944 -5843.7085 45
5178.7171 -5562.4223 9
3910.8175 -4411.4849 47
5450.5395 -5831.3930 28
-4816.8543 -727.6850 47
2288.3666 -5084.0984 45
4508.0396 -32.5428 47
6264.4373 -5704.6925 7
5016.2136 -7642.2801 43
2703.4082 -4208.9731 32
-5317.6009 490.4785 33
5711.2560 3634.7764 21
69.4463 5569.4731 3
-7375.4645 -1516.3072 42
4809.3292 4723.6956 17
4752.9741 5114.6959 39
4438.6577 -6053.9064 40
2244.5925 -7187.2739 46
1450.2557 5216.7342 9
3602.2817 -4336.8230 47
9755.2135 -4934.5875 6
840.6022 3187.6990 30
1558.7003 5973.6765 5
4537.2087 -6330.9874 31
1925.9785 -4694.8388 21
1886.5332 -4736.4834 23
-6536.0551 1361.4104 16
2933.8080 -4126.8674 19
3953.0490 -7023.4708 13
3144.1511 -5884.9526 16
2117.7597 -5602.9884 14
2614.1696 -6416.3802 26
5171.2614 -7870.0091 14
4062.5901 -7401.1754 33
2980.1480 -4710.7147 22
2141.2353 -5518.0907 9
6253.9582 1421.4528 25
1809.1711 -4231.1851 23
4985.8824 3237.6662 39
3198.2234 3432.0783 15
7477.7813 -4554.4711 8
4369.0895 -8077.3986 30
4967.4316 -5282.7527 20
4064.9409 3581.1709 21
8971.8949 -3139.9594 12
-6318.1649 -1236.1431 12
1755.3372 -4076.2100 8
-4746.8912 -988.9105 39
5457.9577 -3575.3492 2
5857.3702 -4815.6960 15
-71.2136 4528.3789 43
1819.0257 6407.9478 22
3848.7130 -6895.0951 21
7737.7940 -4491.5539 29
6493.7576 -4699.6062 48
4860.5377 3536.0514 30
6326.8838 -4347.6878 13
2097.1952 4644.5575 25
3275.0488 -4182.5291 11
-6141.6087 -588.4025 1
4677.6028 1798.9909 21
5445.4679 3246.9935 30
-6661.9865 -1149.4090 49
4983.6702 -6231.0571 11
6037.7790 3915.7075 1
6715.9638 4549.8181 3
5664.2236 2837.4591 29
7317.8533 -5670.7748 9
2496.2199 4562.0114 8
1293.7206 4043.3445 14
-6171.4782 -441.2784 14
1835.2317 -6488.9913 41
5752.2628 4488.9125 3
5758.7003 -4908.0264 23
6033.9255 4693.0338 13
5201.2650 -8341.6945 22
6774.3189 -4855.8567 9
6131.8814 -5909.0292 17
7642.4883 -3012.9083 16
3691.0160 -7244.1228 39
3944.4517 -4477.1917 45
-6526.0640 45.1935 47
5342.8140 2509.3644 39
1164.4604 -5528.3172 34
-392.6375 4113.7627 1
2641.2938 -3462.4801 29
9152.5264 -4367.7132 35
4610.0356 -6289.3374 33
1231.4077 5041.5548 11
4950.4823 -6510.8945 40
5959.9205 -7318.0173 4
-6404.8851 -1654.1676 26
4681.8976 -5269.3067 20
643.9207 5336.9672 47
5501.7701 -5671.1159 24
5669.9835 -8262.2381 1
6738.3159 -3458.2029 49
8599.9896 -6548.8787 13
-5863.6648 -930.8468 1
4523.3799 -4580.9549 26
4100.9426 2130.3003 41
4974.2596 3959.8063 40
-103.6691 4195.2909 7
3004.5109 -5533.9704 40
5767.6926 -6945.0936 46
879.7027 5105.6569 20
2319.8823 -6948.2058 4
4441.4940 3292.3506 32
785.5178 4240.5864 30
-5750.9430 -1263.7890 22
4621.0417 3099.4781 32
-725.4876 4024.8832 37
4659.7033 -4731.3760 16
6461.2023 2580.1078 34
5768.8286 -6182.4309 30
6346.6148 2579.1378 36
1425.0174 -3478.7760 14
451.7679 4307.5081 24
5227.5285 3540.7259 8
335.9079 3962.7300 48
913.9794 3026.9348 31
793.5726 4744.8739 40
4463.2369 -5647.4894 24
2535.0404 -4311.5589 42
6271.1784 -3650.7282 19
-574.1024 3859.2563 18
5179.2033 -5163.3882 42
6064.4760 2213.6245 42
6115.2352 1720.7637 4
2746.6289 -3782.7288 48
3897.2205 -8197.1971 44
4750.7163 4740.7582 36
5807.8935 -5099.8550 29
6818.5308 -3697.3365 35
-6201.7700 -1464.9653 26
885.5598 4231.5663 13
587.3923 3082.6673 39
5801.9991 3361.1351 16
1227.6030 -5531.2764 20
1999.5798 -3914.3769 46
7225.7929 -2159.9346 20
-6409.3175 -1437.9808 18
28.2297 5839.0214 24
5975.3807 -6828.6347 30
-5738.5452 -332.4649 47
7828.8719 -4326.6177 39
-5417.8261 -658.2354 14
2153.7155 -4325.8789 27
1863.2215 -4087.6385 26
-365.6562 4320.9765 17
4190.6448 -5496.6009 15
240.4327 5821.0781 1
543.1763 4219.6349 21
-683.0838 5147.0868 10
-5795.1269 -3070.9803 14
-4382.7385 -741.5466 40
1380.6249 6135.5687 48
6556.6943 -3813.9308 11
-571.1639 4516.4035 40
6731.8656 -3559.9498 29
7126.7622 -3617.2045 10
2735.3127 -4295.9120 4
1298.3338 5282.6479 10
4767.2591 3636.5368 44
3661.6704 4212.3378 7
6981.9790 -2843.0589 38
7037.1129 -4650.0268 4
2189.5747 -4580.9187 7
4481.2060 -7988.3798 3
1238.3241 3465.2251 40
-5368.6666 -87.4972 32
7225.2572 -4302.5444 7
-25.5445 -4153.1950 28
4271.2927 4947.6360 22
1812.0083 -4352.9502 23
2857.7964 -3930.8177 4
2663.8993 -3596.9467 29
5123.7805 -3882.3816 26
1287.0022 4861.9810 27
-1074.7649 4669.7176 21
1230.0897 -3876.4880 15
6600.3640 4592.6057 2
5748.4950 2453.3993 29
-5723.6588 111.0955 12
-5924.7696 127.9951 36
-6523.9319 -62.1746 29
6929.0883 -4022.1446 28
-6345.2718 -2583.7814 39
7257.2231 -3461.2348 1
-7101.9964 -706.9598 20
-7156.4422 -1706.8615 49
783.3715 -2837.8068 6
1119.2095 5814.5918 1
-1944.7674 3465.9119 6
1645.2960 5033.4956 9
8385.1015 -4878.1578 35
3135.0384 4590.1871 28
5179.1218 3219.0605 36
1586.8114 -4150.5959 43
6402.2295 -4504.9904 29
2959.3441 3488.2773 48
1739.6511 -2883.4361 48
6874.3796 -5353.3526 1
5435.0827 904.3525 46
-5993.4020 -1035.6577 28
1659.7773 -3592.5321 6
6776.9475 -4390.8357 11
5326.4196 5457.1997 7
-9.5179 3633.4678 36
3552.7747 -5566.8312 20
4066.6413 -7122.9350 11
2368.7064 -4220.9687 20
4713.1480 -6624.4187 48
3326.9455 -3347.5467 47
3882.0267 -7600.5702 14
-4770.5050 -440.8521 15
8418.6911 -3249.3156 20
1036.8962 -3493.0993 43
5307.9543 3941.2417 46
752.5741 -4536.2993 2
-5802.0742 1138.6426 45
5289.1886 -4514.8629 34
6633.6598 -6488.3389 19
-8962.2470 -720.6700 19
388.1693 4287.1640 28
6981.1960 -4709.5812 3
-1710.6678 3308.2436 4
2772.6068 -5686.7753 4
6664.3548 -3770.9912 4
-6405.4316 -499.4275 18
1592.5233 5636.5229 30
3046.7752 -6526.2315 41
3984.4903 -7586.2888 32
5777.2514 -6237.3365 28
2145.2416 5153.1767 23
617.5380 4872.7771 22
-4904.1753 -696.2653 21
5052.2309 -4108.4683 27
-735.3721 4295.0632 6
4551.8167 -5638.5289 42
2419.1956 -3697.6363 17
7662.3075 -2740.4770 31
4035.6876 -7029.7522 40
-6412.3328 -113.6777 9
5805.6662 2020.1984 42
6235.1765 -3648.2150 22
3846.9303 -6330.1302 25
1796.7590 -4655.0280 18
6157.6066 3820.6219 34
6252.1653 -5503.0416 10
-6122.9449 -305.6320 42
6052.9385 -4100.4077 30
-6792.8879 1705.4979 29
5104.8120 -5586.3458 28
7564.7405 -5142.6060 20
684.6335 4598.3251 27
1989.5803 -5466.7244 41
3875.3124 5310.4913 40
5339.2729 -8367.7179 32
2476.3111 4068.5478 26
732.8534 4028.5144 41
1804.6083 -3859.2645 22
-7486.4247 -30.8934 14
-474.1579 4638.3357 11
3660.4645 -7274.6626 9
-307.8661 4830.3154 46
7714.2015 -5281.0898 3
4212.5235 -3329.2522 19
2108.9831 4090.2822 40
1626.4721 -3159.9442 31
3680.4987 -3383.3755 24
-313.2801 6102.3544 24
6958.4740 -5181.0988 15
6276.9711 -3624.0437 42
-6977.3487 72.4774 22
6376.5892 2579.2178 4
-5838.2429 292.5472 40
4721.0412 3398.3381 40
5157.6841 -3192.2214 9
3704.3468 2234.8654 27
-5750.0986 -151.2490 14
4734.3765 1911.3887 19
2372.2699 -4653.6757 13
3492.3823 -4850.1798 34
-3962.2448 -1189.5953 18
8796.1912 -3739.7092 15
-7203.4935 963.4360 15
5914.0855 2728.5481 38
3690.5136 -7702.2645 7
675.6378 -4832.2852 4
5304.6774 2707.9788 1
3534.2948 -6557.0792 18
-6096.3982 -1261.4659 17
-6323.1373 -531.8366 12
5006.9968 -7221.2093 25
4973.3434 -6476.8182 45
-5247.2446 -1079.0148 21
3353.6705 -7291.9202 46
5135.0308 -7651.8529 7
5804.7629 3454.5965 5
5212.6870 -5959.6694 30
4332.3408 -4200.2189 13
136.7359 3829.5404 7
4763.0046 -4820.4028 26
3192.6022 3167.7080 6
3393.1275 -4544.7342 5
1629.0617 6733.3437 16
6853.6739 -4812.7433 23
6466.3913 -5132.4140 48
-6624.5991 -1162.5254 49
-6245.5473 -297.6025 23
3808.5378 -4430.8433 7
9319.4949 -2748.2416 43
4715.6340 -7412.4012 42
4836.4049 2695.9610 34
3670.1482 -3706.2581 14
5517.2249 3525.5969 4
337.7135 4311.4449 47
5663.7766 -7554.3596 47
8836.7684 -2512.8846 17
-6026.2557 384.0061 19
7340.9106 -4943.4192 4
5022.1908 -4187.6573 31
6684.5196 -5033.8766 19
7307.3318 -4320.2879 40
5768.2682 -5012.4434 40
4847.7507 -7092.5797 47
6948.4112 -3995.5349 14
7741.6336 -3602.6969 5
-8612.1642 -964.4365 22
238.4655 5300.7766 17
1977.8767 -5229.2934 46
-91.2839 4187.3586 42
6914.6522 -2999.2732 15
-5793.7754 -1743.1339 22
-6887.4706 1386.5395 4
-6657.3180 -2379.0742 39
-6074.9291 -814.4956 34
5682.6168 3889.5571 9
-6103.3089 1700.4232 34
7034.0411 -5648.2293 10
6018.0916 3692.0852 7
359.1847 3481.6577 3
3257.5372 -7985.2498 32
4608.6932 -6208.3869 35
3614.3641 -4567.4532 14
3921.6868 2398.0194 8
2817.2434 -4195.6032 40
3201.1460 -6159.0831 40
2816.8699 -4312.8292 3
4286.4692 3479.8942 27
1070.8561 4391.0914 12
6591.7879 -4067.9469 1
-811.6717 3956.3585 2
1286.2330 -4320.1825 8
6658.1707 -5700.9566 6
1177.3155 4565.8829 17
2457.5646 -7237.1282 10
1374.9743 4938.1233 19
2914.6138 -6570.9036 48
5243.1198 3264.9492 3
-278.4162 3599.1311 7
6925.3016 -4335.0123 40
3964.0090 3597.8263 33
2860.9703 -5051.2800 32
6896.3285 -6248.3380 33
-5604.7756 722.8314 17
220.0767 5242.3822 37
5241.7764 3405.9047 31
6179.8814 4101.1825 26
5243.4022 -4959.1467 27
-6857.1782 -904.7695 21
-5003.1293 -993.8615 47
-5270.9277 -1177.0903 45
5893.2021 1660.1145 38
7573.8520 -5466.6174 31
5703.8207 -5631.0975 12
4152.2003 3992.3222 29
6734.4594 -4475.4309 24
1275.2155 -4957.7375 41
7369.7433 -6298.1168 48
1299.3063 4520.2518 12
7328.6235 -2653.0813 13
2461.5602 -6167.6737 43
2549.3336 -5522.6728 15
6244.7226 -4336.1117 18
-5081.9197 -194.2972 16
355.4605 5708.3834 13
4873.3277 3194.5752 7
4107.1396 3827.9937 39
-6989.4314 -1029.9352 17
3652.4273 -5360.8801 34
-225.9219 4222.5713 42
5832.3806 -5742.3613 15
8305.5423 -3210.6394 47
3302.6112 -5579.4031 13
1902.1371 -5328.8065 41
-362.4702 4291.4628 34
1954.2667 3204.0268 42
4723.8911 3592.5806 34
5394.5634 -7895.5447 7
2744.3680 -6524.7501 17
1796.8711 4138.0865 23
6822.2496 3453.7263 34
1569.0085 3562.2801 44
4156.3969 4591.4984 19
-5786.7544 -1028.1944 29
8277.6692 -4483.2675 8
4864.1072 -5782.5623 26
5178.8084 -6796.0777 5
3493.5020 -4362.1428 33
1963.7498 -2265.2703 5
6459.8276 443.4368 20
-8273.0815 483.5780 23
673.5531 -6065.5839 32
8209.1477 -4743.3250 29
-5348.3813 -723.6156 23
3337.5836 -6963.9766 12
6905.9348 -4468.6684 48
-7323.8254 -678.3093 38
3288.3059 4284.6158 17
2990.0050 -7239.6035 33
6753.0207 -5339.4454 4
2606.6747 4413.1894 49
204.2044 2919.7509 31
3343.6358 -4530.6794 27
-7637.5477 -987.8850 33
7738.2372 -7123.4236 46
1083.6553 3856.6022 18
2725.4713 -4150.5197 30
6075.7669 -6886.2434 49
1148.3460 -4793.7967 41
5427.4871 -7173.3609 25
-888.3558 3659.6185 30
1784.2610 4897.5998 32
6815.4985 -3976.4530 25
-8354.7098 -463.5579 20
5198.6473 2711.6722 31
7799.3622 -5015.6150 2
5091.6648 4095.9145 36
2554.1827 -5967.8925 32
-5648.1523 -79.0224 43
5079.7213 1439.2727 2
-1112.3056 3132.7334 11
-5440.6808 -1310.2962 15
-463.5783 4693.8177 29
4860.4899 -7285.9238 21
6220.9950 -4241.4728 34
6846.2187 -5059.1022 12
5449.5153 3015.3331 40
3912.9058 3464.5666 13
-6627.9296 481.8016 19
6922.3647 5000.1874 5
2030.8985 -5567.6047 44
5213.4020 -5856.0059 40
1157.0499 4621.2434 29
3353.8691 -3379.2676 15
4339.1927 4385.6916 16
1880.3417 -6380.8069 16
537.3395 -1930.2667 15
3577.3662 -5528.5054 2
6753.0457 -4773.8479 19
6045.8779 -1879.3086 44
99.4959 3474.5876 9
-5435.4937 546.4780 44
1957.8692 5233.4149 49
2315.0130 -5619.3510 37
2631.4735 -4126.1307 21
1594.8499 -3877.4621 46
7845.1298 -6797.9264 11
-5443.6264 374.0909 36
3451.6527 -5611.5780 43
6219.8251 -5981.4498 21
1592.3519 4500.0207 2
5681.0519 4734.7774 37
1044.6414 3413.2333 21
-5838.3794 -819.0949 46
5068.1746 -4637.3620 2
2848.4342 -3585.0854 47
6866.8870 -2733.5836 20
672.4155 4199.5027 32
6339.9235 -5149.1065 35
-6102.3462 2508.2168 39
3424.7483 -4947.5454 40
961.6993 4505.5069 16
2146.6270 4317.8723 16
4691.7051 -4088.3503 23
-160.5818 4673.8260 30
1672.6159 -4323.5395 16
8590.1918 -4480.6306 11
2318.1043 3830.8216 5
5639.6677 4646.1671 28
-6163.8599 -31.3310 43
5222.6049 4255.2290 1
6361.2037 3682.2565 25
5626.8013 4568.8540 18
5651.4729 -3747.1323 12
-5368.7917 -805.2729 25
1423.4631 -2432.6975 47
5186.9613 -5452.3082 18
4601.5435 -6486.0438 40
6403.3146 1526.9825 28
5116.7928 -7238.5911 16
-37.7516 4456.1828 10
4254.4811 2009.8252 43
6617.0212 -3481.1872 32
1494.0173 3614.2514 18
2727.1915 -3907.6642 16
6525.8621 -3361.7637 18
5383.5109 -7140.8691 27
4625.4659 3550.6662 24
6995.4830 -3539.0805 20
3353.4000 -6612.8523 24
-3382.8194 -1013.6893 6
7269.8616 -5457.4697 43
2402.9942 -3102.5639 19
4472.4681 3031.2240 11
-7141.7246 315.8159 49
-5398.7488 402.8812 12
-620.1509 4512.5660 32
6385.7704 -4046.8631 41
8111.3343 -6169.7033 25
1284.1584 -5059.9246 35
4722.3460 -8481.5868 14
1835.0767 -5857.0169 21
9025.8522 -4187.9131 13
-7549.9037 -1061.9628 43
7187.0008 -4082.2207 33
3375.3493 -2954.3108 4
3223.7135 -5980.0019 14
4559.0307 3619.6461 3
6912.0202 2806.2085 17
-4519.6668 -785.4650 25
5301.6970 -7413.8353 9
-7332.3074 -245.1090 26
6416.4629 -6410.8043 24
3110.1161 3866.0923 7
-5541.6689 -2091.6855 44
-5883.6199 -1546.8544 28
-147.8351 3470.5852 16
-6137.8654 80.2424 18
5094.4981 3472.7686 26
4196.7357 3896.3200 41
5479.8786 -3802.3213 5
4097.1924 -3827.4728 40
6743.6219 1087.9688 19
146.6168 2508.7987 18
6005.8448 2976.4311 44
-6908.1101 -1479.1981 12
1367.0236 3963.7900 21
-1431.0458 5043.1208 12
1244.6645 -4721.5843 46
6644.8477 -5322.7167 8
7003.6325 -3165.1356 27
473.9529 -3859.4315 9
3794.9100 -3812.1694 23
6640.8538 -3301.5733 5
1949.7845 -4884.1883 7
4412.3152 -6567.3030 36
7779.9923 -5204.1996 27
5640.6995 4882.8372 20
-6287.5710 -544.3645 10
1034.5763 3692.9509 32
-5558.3949 -1724.6923 33
5913.6565 -7361.8850 15
-4548.1923 -198.2963 6
3262.4310 -4755.0319 43
4550.1204 -7519.3173 20
6005.4825 3383.1812 20
-5674.2508 -69.2489 7
-6107.4046 -843.9564 12
8243.4219 -5185.2952 18
6180.5945 3443.9499 5
7063.6796 2561.7682 23
2032.8210 -4254.1722 34
3308.9887 -3942.6589 5
5344.0429 3305.9977 29
5057.4673 2388.2838 22
6345.0263 5367.9616 11
3946.9024 -4413.6067 15
4930.6607 2828.5977 40
5727.3118 -4500.5822 12
4310.9757 -5921.8361 38
1217.7831 4460.4378 40
2879.5121 -4612.9397 41
6011.8425 3489.5117 46
4329.1769 -5095.1339 14
758.2163 4396.0564 21
4775.2182 -4057.9306 23
5207.7714 2348.1654 29
4350.0258 -7167.9707 17
1463.3669 -5247.9701 21
-8139.8792 -206.1627 38
5848.8146 -2816.8737 24
5237.0026 4411.1852 20
-6387.2857 1185.5956 5
-6544.2828 94.3253 47
5071.8377 2057.5009 30
6732.3806 -5363.3316 43
4381.9237 -6522.2684 19
2873.6486 -6311.1127 19
7837.0375 -4197.1828 30
1463.6769 3930.9140 11
-6110.4028 -988.5663 3
4736.4517 5632.7074 2
-19.3574 5611.7192 10
4645.3281 -4523.3111 41
5153.5021 -5189.3272 18
1440.0572 -7293.8695 37
2493.7649 -6184.2846 5
5131.2395 2169.6173 46
2180.5944 -3872.4782 4
3008.4708 -5013.9965 12
901.8116 -4849.2593 48
7818.2562 -6555.1795 11
3894.9262 -6588.0891 48
5069.7559 -7182.8679 47
-4919.1095 -836.9098 32
-7212.1698 -1399.1786 48
4787.3585 2726.2492 17
2787.5334 -8320.7202 44
7184.5362 -6726.7281 12
-5929.4123 -812.6707 12
4452.7355 -4589.5555 27
7450.7815 -2878.5168 18
-7064.9757 177.4446 44
5345.3516 -6534.1770 48
4045.0529 -6230.5293 2
3713.6047 -3619.6922 15
-8195.9620 -420.0506 16
3392.0892 -4047.8460 42
4878.2982 -5206.0908 40
6257.7921 3158.9003 3
6876.3243 -4153.7271 7
1167.8772 -4247.3100 28
7366.7852 -5060.5172 26
5503.9351 3406.3651 31
4943.2251 3693.7367 8
4880.6580 3866.2632 20
2573.2365 5497.3699 1
4130.2358 -6845.0585 25
5030.7516 -4548.5606 48
7137.8834 -4323.4997 29
6638.7627 -5719.5650 30
5001.4222 -7945.8194 24
3608.1692 -7992.5484 28
7727.4352 -4254.1033 26
800.1710 3830.3373 9
3524.7609 -6748.7644 29
7452.4846 -4772.7123 4
4728.6078 3505.3412 24
4664.4315 3744.2107 14
7956.4380 -3777.2139 44
-6284.6804 -1234.2037 43
5151.1955 4005.2978 25
-4274.2933 -402.2474 40
4133.1947 -6609.0524 1
-4081.7465 -1012.0643 38
3229.7597 -5169.1088 18
4593.6454 4874.1739 4
4670.3954 3988.1290 15
5983.4961 -6913.4302 18
3955.1356 -5596.0697 12
6223.4665 -6471.6322 20
5841.1770 -5003.0450 3
4616.0080 2079.5098 28
7767.1750 -5121.9900 24
-6795.0256 -1522.0363 36
1474.6851 -6424.2770 16
6345.2036 2636.9920 48
-641.1444 4240.4427 5
1458.3833 4638.4042 19
1565.3628 -3525.7022 15
5680.2019 2718.6194 16
-5603.3167 -1440.6114 28
6273.6988 1728.3226 3
99.6491 5380.3955 42
3846.0589 3787.5885 29
-76.3033 -3236.3782 40
5934.8369 -6285.0267 13
7589.9534 -4493.7415 34
1363.7252 5884.6733 8
6782.2154 -4429.5794 31
-6115.4382 -2258.3439 1
6843.5282 -5285.2274 20
6839.4026 -6081.9235 22
446.2762 5515.5388 22
3520.0163 -2976.7913 43
5490.3439 -6580.1430 42
3017.8579 -5166.5548 42
6464.1968 1911.2216 34
2418.3217 -3903.6372 16
4450.9409 -7231.8373 6
5674.8482 -2973.3785 25
7456.9826 -4864.4480 10
4044.7228 -6060.3746 38
4246.1510 -4944.3885 1
4012.2517 -5437.0758 15
4222.0890 4238.7168 11
466.0497 4451.0556 17
5274.5711 -7100.8487 37
-5458.9482 -771.2367 13
2015.9964 -6786.0429 33
2443.2696 -5600.8784 21
1049.3476 3509.3123 38
5234.7839 -6348.2521 30
1036.3810 4465.6189 12
5661.5037 3361.2418 7
600.1919 -3652.1034 16
4423.4133 -7264.3362 3
3492.1606 2744.4443 5
1580.6277 1604.1816 21
3493.4558 -6429.3245 43
313.2900 6039.7043 24
-1267.5101 4307.2104 45
26.9253 3004.8780 23
8665.8127 -2727.6941 38
5046.0432 -4306.8738 1
6492.8729 3407.1999 5
1958.9523 -4412.0962 39
3754.5515 3629.8998 40
304.7842 -4536.3138 38
6006.6013 4784.4854 37
6211.3055 4773.4929 31
2932.3898 -3864.5812 32
2545.1247 -6185.1724 5
2868.2664 -7703.0931 37
7068.2192 -7205.4492 1
2383.5536 -5821.9487 31
-6451.9379 346.0883 31
3571.0228 -6285.7732 41
5749.0665 -3836.8837 19
1966.8366 4724.2569 29
-18.5749 4376.5886 46
1852.8237 -3938.7009 36
5872.1218 3834.4523 34
3669.3453 -7015.1471 29
4659.7702 1881.7496 6
5861.3205 3121.5819 29
-5907.8874 -1300.9112 14
687.4803 5367.4788 27
2554.4051 3250.8322 25
4208.5081 -5310.2323 23
6904.1324 3921.4223 24
5443.3726 715.2721 34
5450.8697 -4368.5122 27
-5525.7198 -784.9241 8
5018.0071 -7087.2479 12
-555.0813 4906.9301 1
8546.7917 -4005.1966 24
1170.4712 -5338.9618 45
6545.3189 -4953.1122 14
4705.0459 -4479.7619 7
1931.7262 -5233.1823 14
5746.0089 -8361.7533 16
109.3085 3562.4379 42
3296.9808 2986.3314 40
5677.3370 3863.2504 2
6025.2747 5464.0571 15
5829.0076 2642.9204 19
6447.7381 3809.4954 11
4251.9131 6289.6889 48
5284.9530 -6203.0479 49
4760.7890 -5273.4866 36
5064.6015 -6329.3452 33
2004.6116 -5317.3423 18
-4931.3298 -563.2254 48
3202.4308 -6327.5884 42
4139.4796 4293.2309 16
-7601.4747 -3261.8070 5
669.2507 3853.1887 23
7288.6719 -3776.9811 42
-5812.1872 -702.7406 45
901.4381 5791.1115 49
216.5964 5030.7743 19
7432.3042 -5914.5943 44
6090.4363 3927.0522 12
-7925.3614 -803.5694 2
501.5116 4427.5360 41
-139.0366 6319.0696 24
7170.2480 -5488.9221 37
6866.8088 -3580.5246 25
4842.2186 -5773.5140 7
-5915.0492 610.5657 18
5790.2092 3240.6240 47
8158.4650 -7114.5573 41
4201.1987 -6023.8081 25
1299.5318 -3239.3474 37
3307.6883 -5387.5403 19
-660.7478 3820.7706 23
3301.2106 33.8569 23
-5012.1812 -96.9943 33
5827.1071 1936.9876 45
67.3943 5442.1031 21
672.4102 2515.6642 16
-5949.2969 -1336.1932 49
5702.0067 -4828.2249 44
3403.5247 -5200.9327 15
6815.2267 -4888.5763 3
4149.7197 4515.8226 38
9498.3280 -3052.9823 31
-4469.2095 -1800.2549 42
4313.1552 -5700.7167 25
650.9179 4863.1542 9
5354.6770 -6183.3148 30
4895.6791 -6905.3160 1
-6211.2286 -13.1185 46
4642.0208 2949.0923 24
1189.9390 4400.3770 18
-7090.2983 1048.7532 32
-81.7551 4674.8124 24
4213.4077 -7363.8082 10
4046.6770 -9025.7874 23
5507.7508 -7453.2020 20
-6376.7062 1070.6085 15
-8268.6186 -429.4131 10
5486.3595 -4024.6156 26
2389.9854 -6109.7209 22
3841.8327 -6664.4622 46
6638.8276 -6130.5103 14
3794.6917 -7780.0111 38
2571.9158 -4130.4570 7
-5764.9468 2275.3848 38
6395.2368 -5554.7984 39
-5587.1038 -58.3706 15
-6346.4242 1438.2004 25
-5833.7246 -2461.4020 41
4342.7423 3075.5489 23
7969.7862 -4024.1819 18
2317.5006 -4499.4327 9
2988.0990 -5159.1509 23
-4336.9253 -598.6982 18
2414.4753 -3348.2981 34
4652.2978 -4877.0276 1
3012.9086 -3882.3837 42
3111.2218 -5009.0490 13
4233.5838 -4882.3016 32
1337.9456 4670.2483 5
380.6967 4702.4381 42
5722.5740 3687.0350 18
6364.3805 -2246.7756 30
1330.1792 -3891.7379 6
-551.3519 5240.6313 10
-7228.5166 -1995.3927 21
7180.1216 -5004.3707 7
4210.4341 -7731.5408 34
-5329.9561 -1085.4141 26
-5472.1449 27.3603 19
1451.6427 -3019.9686 36
1884.5799 -4767.9932 38
5863.2693 4474.1648 19
5320.2099 -6314.5461 36
6005.5162 3266.8625 49
3297.1290 -4336.8477 15
146.7899 6058.2828 14
8027.7960 -5141.8892 29
185.9936 4928.2969 26
5940.3706 -4530.0830 14
-564.2362 6298.9384 24
-689.3323 4966.5146 19
8035.6455 -4894.6292 5
4932.9441 -4156.8026 3
4983.2600 4179.3896 29
1627.6500 4168.9541 33
4564.9680 -4934.8532 35
1555.3616 -6112.0736 30
5187.4021 -4718.1310 5
5502.4192 -3419.5703 39
8158.9035 -4789.7138 3
3606.5005 -5432.3651 11
3511.1887 -5245.9274 25
-5969.8104 636.0694 24
6926.7922 -3747.4247 41
3049.5554 -6.7318 47
478.0647 1672.2006 4
7909.8974 -4634.4959 17
-234.8693 4592.1377 15
2178.0681 -2770.1735 43
4480.7619 -6571.0487 28
2488.0272 -3276.8427 2
-673.4099 3065.7504 31
3080.7257 -3691.4445 44
2760.7269 -4232.4372 11
3553.8634 -5578.1336 3
5210.8474 4118.4071 35
2341.4662 -5893.6964 2
6115.5546 -2602.1122 45
-6747.1727 0.3557 37
30.0520 6963.5185 29
6546.5389 3980.7020 32
4297.2369 4539.8843 1
2613.3810 -4216.4185 15
-1155.3030 4450.1367 38
7558.7107 -4461.8522 19
6468.6689 -4233.4890 34
6203.6657 3825.0767 8
3949.0225 -7183.8127 45
7051.1738 -6056.5454 5
-480.4002 4830.1497 44
6441.5943 -4422.0295 28
5972.7689 -7275.3977 12
5567.8800 3509.0134 38
3746.7696 -5398.1237 39
-5706.4553 -1145.2482 30
5529.9781 -6294.8484 1
-1178.4246 4161.9413 6
-6180.7043 -615.3285 49
2132.0411 4146.6293 13
6055.3135 -5992.3662 3
6924.8507 -5598.6629 48
-5562.2079 1344.5136 33
386.0139 -5395.6633 3
5578.6271 2959.9988 43
-6508.7074 -1346.3123 16
7071.6396 -4828.8775 4
3473.8637 -5018.6899 1
2169.9592 -4086.0221 12
2243.5633 -4324.9145 49
-7281.4967 -214.3719 3
1891.8259 -4877.1676 27
5443.5049 -6135.0140 19
3141.2544 -5376.5763 1
5012.6063 -5207.4977 18
2287.6824 2869.8958 15
6955.2767 -4824.8754 31
4100.4964 -5586.8069 45
-8070.1383 -2110.6443 36
5272.1223 -5699.2715 42
1998.1736 -5880.0245 32
5071.5882 6106.9472 11
3952.0363 4411.4664 2
4346.9998 3119.8280 18
1671.3143 4472.3444 22
6316.9011 4612.8860 27
6242.5813 -4289.3555 7
3429.9897 -3398.8071 18
6063.5902 2740.2013 22
6681.7099 -5163.2309 47
5873.3838 -4157.5030 17
7087.6680 3324.9649 30
1703.3131 -5409.2062 26
1543.9263 -4555.9935 48
4693.5573 -6466.7648 25
-5552.2627 -2267.4080 31
4513.4967 -2976.5682 4
6217.4542 3852.2053 30
4342.3059 -7696.6854 22
-541.8712 3320.0972 5
1764.9411 -3893.7496 6
-5624.4708 -1810.3596 24
-5660.3869 -2525.3399 5
4595.6757 -7141.9639 41
6543.9449 3516.9556 37
6364.5670 -3780.9839 7
1505.8714 3950.4451 4
-7139.7894 50.7271 39
1712.6926 -3086.0154 33
7085.1487 3793.8425 31
6111.3785 3462.7151 32
4894.3514 4982.3157 34
-7815.7038 -17.9095 46
8352.4401 -3197.2080 48
311.1150 3066.1713 40
96.6735 5282.2673 11
-6380.0473 278.5841 35
-2303.8874 4706.8227 26
-7226.5861 -3245.3363 42
-6369.1612 824.9988 13
3403.8382 -6405.9860 9
4930.7089 -7660.5147 41
4240.0542 -7498.8156 9
4938.2032 5391.8188 35
-6036.6144 -2674.0455 5
6598.1247 -4890.2146 24
-6882.5963 377.4015 6
1953.0418 -4135.7691 24
5027.8684 1887.5967 42
1269.8953 -4067.9054 23
3499.6841 -7749.2629 27
366.4005 -4337.6394 22
5720.6299 -3586.9980 11
4234.5431 -8209.3010 4
4582.0765 -6446.2076 46
6527.9293 -2490.2354 3
6688.1752 2947.8036 47
-7102.4800 -1557.2300 34
-6056.2204 656.9486 2
-4688.7876 -2578.8946 5
4169.5543 3323.3728 45
5019.2169 3747.0105 37
3588.3348 -6546.8024 46
5538.4893 -4590.3910 10
-716.7624 5875.5632 1
6181.9638 -2832.3420 4
4756.1715 -6567.5601 22
872.2189 4120.6877 44
1435.4539 -5834.7487 42
1384.4720 3119.0253 48
6479.4196 4075.3867 34
2805.8570 1077.5720 46
6712.6537 4530.6520 5
7522.4043 -4182.1628 20
6031.2798 -4481.3146 23
5998.5569 3206.9086 35
5854.6493 4700.8639 42
5483.7601 3865.2971 27
-5699.1839 -410.2978 47
5959.5638 -5280.4919 3
5128.3372 -5387.0877 48
6156.0612 4126.6768 20
-166.3035 5752.5764 35
-4949.2616 -1.4522 12
1683.6928 4588.3422 42
5205.0208 -3936.3288 29
4750.6386 -7428.4952 18
-6039.0063 -124.1079 47
6509.3763 -3348.8535 49
2375.1215 -3437.7819 27
-6666.5062 -1386.6064 37
1415.3480 -3766.3269 46
7150.1343 -3539.2660 12
-5756.0748 -749.2678 8
4434.0975 3247.7762 41
-1682.4015 3750.5469 4
1154.4093 -3964.8869 23
-6147.2111 -1295.1032 27
-7264.0805 -480.7374 49
5208.9446 -5926.7817 13
-6135.4508 345.1910 12
7257.0409 -4504.7517 34
1808.1579 -6087.1009 36
-193.9937 4849.7312 28
5051.0906 3519.4588 10
5648.3775 2173.5754 5
3062.7949 -5770.8988 12
2750.7008 4648.6805 43
1379.7145 4401.5514 5
-3529.7682 -1556.5506 26
-465.2633 2810.9879 41
-873.5099 3571.7465 6
18.8379 2564.3103 29
554.2644 4620.6276 12
1234.9834 4507.7199 28
2032.1111 -4634.9493 36
2673.1396 -5530.7930 19
6712.7600 -4472.6741 33
5096.6221 4269.7181 47
-6156.3041 -720.2373 17
4913.5151 4499.1934 21
-543.5882 3094.0190 14
5497.4285 -2171.6297 38
1737.8853 -4575.3639 46
3396.2798 -6915.6490 46
2504.5791 -3560.8014 40
9552.8824 -2804.8638 42
-6638.2163 1026.0420 37
4657.0919 4301.3086 31
5635.9619 -5278.2747 19
-7045.3798 -302.1271 17
4655.6382 -7248.2750 4
7396.0025 -4669.0481 1
2650.7080 -4210.3480 48
6388.5822 2182.1443 45
6704.8367 -3648.5989 13
5305.5389 3199.8064 7
-5961.6610 -147.8142 49
802.1478 -1732.5279 25
-5490.0180 672.7944 25
873.9785 3841.7544 43
5089.3956 -6594.6490 2
4592.4055 2561.9465 26
2139.1014 5147.0786 17
5996.9861 -4096.2740 12
4313.5912 -5341.4027 8
4764.6444 -8007.7441 43
-5143.2791 -667.2061 1
5096.9170 -7138.8648 38
2204.9057 -5923.1720 41
4569.9557 -5581.9849 30
6994.0696 2318.4828 39
2379.2354 -4983.4772 23
7782.3257 -4749.6499 29
4170.9849 -5390.6728 24
6260.1790 -3861.8697 38
6205.3792 -7658.0840 40
990.4556 3699.3708 11
4867.1708 3546.1908 38
-530.6298 5052.1017 34
-669.6070 4178.6938 5
-6515.9700 290.8365 13
2912.7815 -3944.3692 24
4785.8687 -6423.2591 8
-725.1700 4499.6654 46
6699.6767 -4931.9439 19
4697.3844 -6888.0786 43
5906.8712 -3545.5735 7
-6495.9950 153.8622 45
6344.2134 3731.2587 40
4388.1170 4633.6347 15
2103.9740 -3658.8199 31
-6403.6950 2154.4943 40
-4843.3301 -613.4522 8
3053.8251 -4387.8226 21
3528.8363 -5997.9534 7
4375.8888 -2885.9653 3
4733.1351 -6186.5513 25
2013.1594 3338.4827 29
5549.9141 3388.2769 48
8010.3369 -3646.5654 9
7649.9222 -5491.4731 9
7504.7734 -5856.1102 46
-402.4445 4303.9800 3
1015.3870 4188.4612 10
3891.2217 -7205.6174 27
4332.3842 -6429.5841 38
5547.7097 3697.0221 34
5133.6324 -6230.8918 40
534.8577 3208.0621 48
2372.7362 -2501.0064 4
4417.5493 -5687.4169 39
4149.9760 3008.3641 8
-1577.5665 4214.9109 11
-4815.5302 374.9608 14
6775.3587 -3919.7215 40
5873.9031 -5232.4922 40
2483.4464 -4984.5804 41
7213.3355 -4779.2909 35
712.8448 3888.1118 30
4465.8485 -4939.9349 4
201.0603 3046.9516 42
1797.7744 -2590.6285 41
-5719.5978 134.4166 35
3653.4279 -5967.1583 48
7216.2591 -5153.7345 5
5262.4212 -6155.1607 38
5586.1134 3027.3633 49
4669.1968 -7884.3441 11
5024.2528 2627.5676 28
3905.0208 -3288.9067 46
3995.0159 -5970.3945 19
3227.7278 -4587.9408 12
1418.9039 4442.6123 17
-7329.4440 -1509.9686 48
-6362.5536 -676.6512 6
4013.1016 -6321.1414 5
107.2406 3240.7861 46
3218.6180 -4915.4974 5
4032.2494 -4756.6176 25
5858.0989 3472.6151 42
4937.8554 -5585.5569 15
-6547.4839 -501.5777 10
9116.4269 -3375.5099 27
-5462.0449 -635.3448 3
4788.0126 -4004.3368 21
7761.3969 -3333.4274 29
6228.9007 -3990.0324 38
4669.6630 5220.8664 27
3524.1366 -4022.0652 25
7192.0064 -3036.8394 37
5037.8527 -4246.1464 34
-5813.0501 -460.7909 4
7308.3118 -5403.5220 26
1729.1088 5028.6636 6
7079.5650 -3640.5714 34
-5639.3348 -1584.5874 2
4799.9289 3007.3518 13
1455.6214 3345.6914 15
5125.5163 -5086.0782 45
5970.5146 -4004.6255 37
3875.1403 -7685.2388 3
7233.0100 -5260.1598 44
-7462.4478 -625.8931 42
2611.1680 -4063.4050 10
-1324.3705 4140.5434 7
1165.4900 -3642.9272 47
-5059.5964 -1546.2632 34
6557.4439 -6711.6585 43
3774.2470 -3990.9816 29
6638.3994 -6796.1201 19
6069.7465 -7000.7101 28
3028.9542 -6560.2555 28
-5002.3370 42.5910 14
3500.4120 -7129.7216 10
4978.6965 -5839.7394 21
5532.6972 2327.0124 41
2878.3312 3067.4685 17
2368.1186 7015.7302 26
4849.6786 -6331.1989 40
-6869.9872 1065.9650 26
4200.3653 4361.5187 45
1110.5080 -4730.5462 6
5367.1176 4267.8045 7
2354.0367 -4671.0535 42
4513.2620 1769.8994 21
4908.3416 -6131.1232 39
1688.1555 2381.5360 22
-6042.0463 -1798.0774 2
4709.0832 -6827.5948 19
2138.1799 -4523.7743 37
6764.6901 -3874.3699 36
4113.1146 -9006.7842 41
833.0812 5117.3839 39
2571.3748 -5317.4021 11
6548.7087 5937.4809 2
-5203.3055 488.5149 49
2137.2393 -2680.9816 16
3501.1207 -5275.4839 10
9818.5702 -3481.6795 6
1099.6539 -3857.3203 21
4032.1497 -5875.9768 10
55.9849 5390.2849 12
5618.8633 -6309.8454 28
3799.3220 4483.0372 16
4850.5744 2460.9302 25
5265.5691 2417.2188 31
5079.7286 -7094.5407 36
6296.1029 3484.5481 27
3952.9345 -6319.2258 10
-7317.1817 1781.4753 16
6612.3005 -3911.8414 5
6597.8381 -2497.7142 5
6010.9796 3282.3624 14
-283.9837 3951.8338 13
-6687.0684 -858.0250 48
2022.7569 -4279.5530 19
5145.7073 3606.0195 13
-1681.2065 6239.4622 36
2210.5818 -4261.3153 5
4643.9105 2423.4584 10
2481.5487 -5553.2257 4
1960.3029 5480.0965 7
5511.4385 4885.4371 29
4991.3269 1182.3284 11
4017.4295 -5654.0879 35
3349.8369 -4911.1527 21
6310.6627 2182.6844 10
4493.9591 4045.2954 37
-6342.2012 103.6719 43
1243.8571 4323.1761 34
-5865.5896 120.6271 4
5918.7348 -4857.1313 5
-6347.6196 766.1645 21
6437.2296 3247.8089 10
4714.7539 3831.9005 20
5446.8265 -5919.3403 7
1640.6257 1834.1982 17
7234.3066 -5859.2453 49
4625.5887 3389.0981 23
-5947.2304 -340.0525 41
-5940.6402 -575.5342 8
2299.8938 -5859.0149 44
5621.3895 -6372.4693 23
4915.9510 -5523.2455 11
1034.4509 4728.2862 23
-721.8257 3757.7599 2
4838.7738 -6111.0251 15
-5859.3131 -2029.2797 48
5571.0111 2746.5141 24
-156.4441 6422.5116 3
4895.2291 -4856.5771 33
1397.4380 3109.7219 39
-413.7511 4894.8568 42
7885.5691 -5247.5640 1
7028.1033 -5082.3205 47
7442.7969 -4262.3085 38
-374.8320 4126.4890 18
7115.5771 4399.1801 7
2719.4309 -5836.7476 16
4161.6651 3221.8906 11
5390.1947 3713.9844 3
2063.7051 -4222.8249 10
2914.3467 -3757.4526 37
1040.2125 5668.3686 10
6302.6184 4026.4762 29
7811.3912 -3514.1630 1
-5237.5726 -970.8788 45
-1149.1270 6080.8485 44
3402.0637 2977.1958 44
-5286.9112 -224.1679 25
4959.4039 -5355.1182 13
-5045.7640 -1669.0989 24
4716.0322 5264.6900 27
-5063.0622 40.4703 43
245.6736 3086.7814 43
7430.9671 3952.4830 7
-6320.8814 -72.4284 24
-5015.6685 -998.7135 30
3025.7737 -3448.2200 11
7642.3030 -4872.3040 11
326.8673 3694.5563 15
4674.9262 -6134.7384 24
-52.7028 5503.5268 40
-7923.9252 -1465.9142 4
4168.5220 4400.0058 6
4931.9729 -6236.4750 5
-4545.3687 -1511.0271 22
1975.7118 -4451.2083 19
3222.2058 -6317.6790 43
3610.5359 -5130.4095 32
7707.4737 -2641.0196 36
3127.0745 -7598.4545 25
2616.4577 -5277.2667 29
-6582.6936 -469.6964 30
6674.2917 -3074.8635 41
-357.5396 3719.6460 27
5061.7349 -4894.1949 37
-5226.8404 -2018.8301 19
1265.4080 4414.8717 21
-4293.8099 -1497.6447 18
290.2359 3728.8166 28
1167.9808 3105.4535 21
7990.6525 -2854.0560 10
4416.3653 -5011.8460 7
3709.9212 -5251.7976 20
2055.0364 4102.8000 33
-6137.9492 -688.3266 33
4362.3635 -6536.4926 42
-4729.3997 491.6385 18
4738.0625 -6286.5929 22
4553.7347 -8248.0508 33
-814.5260 4041.9672 24
2890.4808 -4336.0186 42
5127.5857 3779.5213 14
3383.5046 -5174.2138 9
4335.0817 -6102.8422 14
4217.6338 -7163.0201 47
6276.4687 -5670.2092 27
4000.1604 -5948.9655 29
571.8822 4879.9121 45
1037.7994 4708.9925 48
5860.5455 -4250.2595 6
486.0743 5549.9674 45
5515.1900 5222.2989 25
-4619.0715 -880.2714 20
-6682.1899 143.9470 30
3737.2300 -6618.0167 8
3674.8156 -5111.3643 44
5117.4639 -6587.6928 19
4533.0259 -4825.6737 12
2500.3103 -4955.5782 28
7094.2636 -4251.1313 1
2252.9648 4417.0398 6
-7261.6359 359.5808 9
-5793.3172 -318.5867 28
8305.3553 -4543.9492 6
4985.7864 4196.4643 18
4179.9410 2688.9486 15
3740.9991 5382.5119 49
5683.9247 -5430.0788 37
5293.4846 1485.7987 16
1167.7506 5496.8544 22
-4786.6784 -585.2091 12
-1273.2955 6795.2312 32
6081.3331 -3971.8095 5
8856.1373 -4924.1457 18
6364.0109 -2259.2198 24
4338.2700 -5639.7317 29
1729.6697 -4511.2712 31
1188.0111 3011.2833 27
-6499.2184 -774.7699 8
-5032.9483 423.0022 49
-3684.2428 523.5148 21
-1539.0601 4285.7779 46
5188.7009 -5578.6935 9
7916.8456 -1676.7329 13
893.3379 5122.3090 34
-4558.1697 -780.4166 48
1702.9764 -5998.3030 26
519.3055 6239.9684 6
2858.8457 -6410.8806 26
-5420.8460 -787.3502 8
-7996.4154 -871.1740 33
332.8673 3756.0894 49
-5301.7118 450.6009 26
4566.1907 -6655.2765 19
1553.1329 -5794.7871 23
5297.5592 -7623.9454 10
569.3383 6411.5324 30
4472.9612 -3750.8991 35
2072.0870 -3984.2536 44
3224.3660 -5086.3046 31
2072.0560 -3526.5541 18
930.0949 4712.6698 5
-7032.5099 203.2234 28
6817.6569 3926.0028 34
6720.2835 3462.5486 13
-5486.3834 -1475.1674 15
373.9634 2701.2852 10
1218.6469 7024.8535 8
-6864.1850 -227.2847 10
3951.3697 3432.7497 45
-6202.6178 -1503.4966 22
-5933.9925 -451.1899 34
8400.7566 -4096.7611 32
5275.7125 2033.7100 29
2453.4797 -5609.9341 26
-7214.5554 -1234.3854 10
4206.0530 -5064.2020 22
-8250.7556 -953.2525 3
-5652.4439 -660.0232 34
5813.4803 2638.9021 12
378.2608 4187.9445 22
2968.4592 -5218.0477 10
-1210.8558 7234.4159 16
-315.3748 4822.6910 25
-7252.9966 -961.8633 5
-224.3652 3311.2882 20
4305.7445 -5758.0223 42
-456.6828 5568.2906 30
3235.6538 -5518.2387 23
5744.5736 -4416.9650 3
-5224.9066 -370.0773 10
-6515.7316 1655.7671 30
5530.8037 3468.3861 22
5443.0564 -5897.6225 39
1872.8783 -6229.6577 27
2808.2182 -4283.4486 22
5303.5285 -5951.1094 34
6110.0325 -5245.1066 13
5896.1089 -6261.6377 45
4786.2491 4781.2591 24
4398.6999 3958.0689 4
-5365.6308 370.9320 25
6631.1143 -4850.8911 45
1005.3250 3179.9361 7
4843.8980 3627.4708 36
4053.5867 -2843.2631 23
22.5708 3691.5973 43
6295.3870 2832.1392 4
-5931.3421 -779.1969 45
5173.7128 -5972.7765 18
2390.8962 -3735.3554 41
6343.1218 2499.2353 22
2509.5322 -3910.8915 49
1037.7517 -4200.4370 20
6413.0059 3130.2754 29
6364.2149 2171.7389 14
3424.9799 -6701.3298 19
-5505.0308 56.7691 1
3077.1339 -5339.2019 10
3509.7723 -5191.7430 47
-5296.7576 -1398.4210 27
6320.6403 -4007.9296 40
4.9132 4754.5259 26
-1725.1150 5954.1944 3
-5724.6739 -577.7237 22
6091.5685 -6809.8186 38
876.9594 5700.1629 41
6605.3437 3589.1279 10
-5295.0742 -665.1463 48
3340.2334 -5481.0685 41
648.9497 6543.2256 30
4279.1721 2481.9934 21
7334.9638 -6564.7428 19
2192.2078 -5492.0345 44
5178.8788 2845.9716 2
7020.4037 -4462.3551 1
6196.3658 5563.8751 23
-5480.3698 2026.1648 44
5550.3344 -7959.4790 6
4990.9021 -1991.8971 33
4343.7307 -3565.2855 44
-6135.4804 -1711.2681 29
4898.6526 3075.3589 38
5548.4164 2495.2857 4
1372.2966 -5102.9763 26
3732.0808 -4505.9636 4
4059.5613 -6386.8386 35
5618.5486 -6799.8508 16
4054.2857 2993.5247 47
2654.9743 -2978.5686 35
528.9044 6444.0001 12
-3744.3108 -1526.5084 2
7344.0736 -3838.0595 47
3862.5333 4669.9802 23
5923.3242 -5154.7921 10
4733.7630 -5890.0225 14
4305.6762 3873.7369 5
-5874.5907 46.0697 46
685.0673 -4781.1569 25
6350.0353 -4867.8284 15
4486.7987 2867.4874 9
5133.2019 -6441.0086 43
7285.0149 -5030.3475 48
-6270.6024 -22.7163 46
4237.5628 -5273.7395 21
4306.3385 -2184.0576 17
-5598.6823 -481.5935 5
4490.4093 -7066.4693 30
2510.1699 -5085.6263 35
5192.2692 -6755.8067 35
-6171.4724 222.2963 47
403.5963 4934.7863 10
-1127.4403 4936.8077 35
4775.5417 3217.2309 7
962.8176 4609.4868 25
-210.6958 3431.1992 28
4281.7823 -2597.7278 23
424.9771 4928.0228 43
7788.7303 -4175.4918 7
6623.2195 -4874.4621 8
7481.1059 -5908.6875 16
6631.7570 4125.9407 31
8313.1391 -4894.5097 42
-6393.7183 -1091.9076 22
1277.9734 -4074.5390 32
-6409.1511 -1286.9434 22
5093.3263 -3265.8754 36
221.2996 3940.7636 5
4724.4563 -8098.3294 7
6766.1456 4624.0128 27
-5311.5488 -1319.9510 36
4950.8661 -7189.1572 2
3638.8673 -3679.3876 26
5745.6483 -6413.7859 4
129.5061 5526.1335 19
4936.9247 -7740.8680 3
5541.7712 2283.9998 27
5807.6565 -4356.4760 21
-202.2515 4070.4353 33
3632.6520 -7105.9791 11
3388.5197 -6101.8293 27
7315.6156 -5805.3293 22
7386.5373 -4522.9272 28
3824.2411 -5835.7138 33
-849.9002 3378.5291 38
5659.9999 -6462.7835 38
6606.1715 -5584.7204 46
3349.0679 -4901.9309 10
1276.0221 2567.5569 44
-6141.6182 -667.7704 14
1154.5793 5807.1074 21
5378.6678 5375.9784 33
-6899.4772 299.3396 30
7694.9918 -5320.9027 17
5441.0583 -4727.3970 17
3369.6701 4142.3902 40
4651.5764 -6723.7018 44
7892.4277 -4641.4957 46
4241.7432 5167.8977 19
5238.7531 -7109.9196 30
-6196.5942 -987.9732 24
6561.5333 -3811.0671 5
-3533.8609 -1148.1811 45
5289.5798 3130.8335 4
-7188.3823 -622.2085 28
1648.9030 -3339.3870 23
-6436.9294 -1566.0114 5
-5572.5937 280.2533 2
4853.2890 2921.9371 1
2400.1452 -4130.9958 5
1794.9070 2275.8941 23
-5759.9227 -1355.7015 9
3811.2608 -4280.9570 45
-7192.4499 -1049.2832 5
-6521.2641 -785.1965 48
4527.9079 3346.0192 1
4962.2403 2278.9062 9
4861.0602 -5213.8205 26
953.1209 4296.7546 29
5001.9705 -5590.2564 41
2476.1198 7018.8303 5
-249.1708 5214.4173 36
2223.4412 -5282.7014 21
1232.0981 -5519.3092 31
5773.4269 3398.8493 11
-6416.5738 316.4529 9
6749.7074 2910.5165 23
-5832.4722 -568.9377 46
3528.9589 -2420.8802 37
6172.6196 -6646.9937 25
6997.8013 -5081.9351 31
5508.6919 -4812.4221 38
3025.6786 -5181.9113 33
-168.9152 3976.5565 14
7014.1792 -3380.3114 43
1376.1678 -5537.9302 8
23.5926 5097.3195 40
6011.0768 -3503.3199 48
4701.4379 -4935.4232 43
-6145.8491 -1182.6413 27
3547.5454 -3242.1805 27
5583.4887 -7805.9263 38
5905.1848 -4558.8417 33
4704.7441 -6680.1086 21
-123.5930 4439.3885 40
611.9853 4718.1029 28
-5180.4440 -307.4808 49
3639.2282 -4945.1886 15
1441.5770 -4950.1175 15
3467.9287 -5317.0640 19
5815.5569 -3530.0203 20
4613.1541 2300.4868 35
9225.7801 3422.5288 48
-6409.1882 -1362.0213 8
-6277.0359 -3053.4009 16
6209.9511 -6220.5733 20
-351.8644 4135.1376 13
2142.7241 -5425.6789 40
3904.4456 -6598.3809 18
91.5136 4734.1228 22
3825.5783 3371.3193 45
-6104.8536 -1278.0499 21
5223.1321 3584.2195 36
-4507.0346 -108.7112 4
-4567.2415 -1622.9761 43
4483.2792 2837.5176 26
3826.7579 -5361.4531 38
1788.9614 4665.3433 25
5406.3110 -4263.4907 1
3712.4297 -2642.0563 4
4670.0079 -5619.6864 38
3617.4256 -4142.3136 10
20.9401 -4362.7321 7
8041.9614 -3898.2485 16
-6646.9432 -1646.5965 47
6670.9967 3811.7119 29
163.7594 4985.9941 19
-117.5953 4017.3236 27
-6398.6152 -2826.1346 18
2356.7893 -5022.1368 41
-5878.4717 1552.1266 39
6628.0190 -6065.8542 39
1675.4621 -5283.1215 15
4842.1013 2789.1482 42
4604.0612 -7325.0647 23
3710.6760 -4556.8002 18
3277.4061 -7618.7142 48
-5799.4309 -139.9241 21
3024.6873 4547.0823 6
-6562.2489 -1553.7008 16
1488.1774 4461.3280 9
-6631.9409 523.7165 29
563.2178 3516.3330 5
4491.9075 -6866.3174 33
3868.8232 -4396.0399 43
1812.8197 6860.7422 35
7463.6172 -5009.3050 34
9340.1298 -5011.7334 35
5228.7431 3316.5854 13
-306.1854 4913.7553 12
-5409.4847 772.3244 42
1031.4564 3687.4974 21
7673.2957 -1702.5857 46
8297.9255 -5159.7585 34
8048.0099 -2992.5751 42
-5061.0307 -475.4505 31
-223.0548 4295.1281 14
663.9966 4951.5304 41
6175.7121 -1689.5079 28
-6810.4187 -2616.1321 5
4619.1331 2471.6406 31
-7581.2762 -1084.1228 11
6151.6881 -3656.7718 28
-1548.5729 3496.6354 32
4523.2452 3285.8347 46
4440.0856 -7396.2880 5
5550.9796 -3187.9870 15
4398.4090 2960.1963 31
1113.7711 5173.6708 32
5265.6297 -4880.7493 15
3162.4425 -2402.8321 16
5171.9393 4925.0648 36
5531.6440 5162.7068 38
2458.6185 -5504.9250 3
-6756.0074 -135.5435 23
-6818.4709 -1628.4837 21
-6040.2128 -635.4844 4
3265.6853 -3303.6185 10
1115.8279 -4722.9668 10
4501.7830 -3718.8759 20
4839.3681 -6413.6498 25
312.2608 3730.6373 8
7124.9612 -6208.8925 42
5131.9493 -5889.0649 44
5218.0480 -6071.1367 24
1121.7004 -4937.7164 7
1982.9510 -7155.0178 5
4905.4901 3541.3824 8
6394.0400 -4184.0109 22
7531.0012 -4855.5836 48
6685.5930 1934.6669 28
2234.9698 4718.2030 22
5178.1438 6231.7390 37
2447.4370 -5318.1472 11
3570.4070 -4615.3980 27
-7934.4420 -733.6258 48
-5650.7149 -1456.1394 41
7096.7272 -5206.2665 29
-5672.8177 -2066.6146 43
3819.8544 -4893.6342 20
1146.2680 5813.8309 4
490.3475 5536.0284 20
-2844.8154 5007.1957 7
-44.3851 5016.8766 28
5369.4777 3361.3227 7
3544.4096 -6735.3197 22
7020.0730 -4908.9693 48
2823.7722 -3724.9485 46
-6058.2189 830.8997 45
-6550.5896 -301.6742 19
5079.6309 3874.5449 43
4825.1323 -5625.1833 13
2241.8440 -5086.5152 34
-6338.5699 -625.6518 45
-6346.1559 96.1121 4
3473.8701 -6053.9891 38
-7226.5466 -1233.6145 20
-6191.2516 -2146.6520 26
4360.5551 -4681.0085 40
2163.3007 -5367.8220 40
6382.0785 3748.2389 45
4821.1127 -8228.4476 47
4476.9777 -8810.6075 12
-620.9540 3752.1370 21
5144.8157 -6286.0538 47
-485.5130 5236.3010 32
663.6175 4215.7428 46
2307.1575 -3853.3363 35
3745.8559 4530.6913 2
3744.7605 -6184.9455 43
7278.5803 -5506.3896 46
3525.1594 -4179.2075 18
4814.0846 3892.7038 33
-6508.3690 -1190.1975 38
-4623.2111 -759.8842 22
5586.9262 -4027.2150 47
8678.4223 -2754.7625 38
7033.4475 -5447.5209 29
620.0349 7361.5349 33
2638.2552 -3350.6571 37
-5540.2255 -1647.0377 12
-565.5085 4474.7448 42
-6937.1947 -1060.7168 7
-6944.4893 -607.6711 36
-6303.5021 191.2505 46
6148.8301 -3723.4964 13
6823.4762 -3318.9212 28
7954.2958 -7613.2281 10
3376.4933 -6125.4741 4
5667.7709 -3421.2822 20
2090.7374 -3182.7747 42
5529.6309 -3655.3432 8
5159.4967 -6657.2363 11
7236.8631 -3684.0838 9
2382.4963 -2692.2727 35
-304.7821 4834.9174 41
4518.8018 -6835.9441 26
-4482.8708 -199.1044 34
1924.9054 -4529.3068 40
1701.6833 -4966.0607 45
4448.7733 -7185.8347 13
424.8953 3781.5846 13
-8.2610 4032.1212 41
51.3158 3155.5620 8
7745.5692 -5715.6475 16
117.3395 4902.8282 30
4265.2222 3517.6859 30
5576.4105 2057.1756 38
-6282.2139 -1791.1300 30
4087.7770 -2939.1757 32
4749.1743 3946.1802 10
7558.1730 -5543.3109 39
1590.0268 -4678.2117 26
-8404.0157 77.0893 19
5404.4519 -5841.6958 4
-3974.3497 425.6089 22
8013.3098 -2392.7549 27
676.5725 4023.7918 16
2072.1117 3858.9999 43
1354.6985 -5255.1451 38
-7474.1591 -1521.8258 41
6667.9085 -5247.3148 2
2973.4668 -3235.5539 19
4643.6540 -6179.9911 49
5330.4976 -6235.8656 4
6197.3248 -4829.6682 46
3343.9846 -6899.1880 26
7471.1950 -3320.6211 4
-5598.3475 563.6882 24
3227.9958 -6219.3984 29
444.1445 3988.3448 35
-997.7994 4576.6460 17
3107.0253 -7431.5734 16
4688.9015 4917.7066 37
-4128.0964 -1741.3389 7
4784.9583 -9055.6000 39
-396.7022 2211.8598 43
3377.9168 -2904.7485 28
5492.2872 -4273.2056 27
4239.5670 -6323.7230 29
6535.8222 3200.8877 1
-6050.9844 -1782.7823 28
-7486.8879 715.7554 6
-7449.3892 -248.9899 14
1238.0298 3860.7485 29
-7346.4729 -691.5543 35
5361.1072 4093.1781 32
5242.2454 -6967.9058 25
-1288.0654 6886.3536 16
5909.2062 3224.9361 37
-7442.0471 385.6783 14
6025.8535 3746.6821 40
3807.1788 -6380.7863 1
3638.0514 -5358.9135 30
6782.1834 5121.8437 14
3308.1001 -3856.0556 44
3802.9845 -5590.6330 10
-6078.8813 -450.6304 3
2855.3748 -3616.5650 5
1911.1129 4041.5369 33
1995.9873 -4602.7039 42
633.2829 -5057.9030 42
4467.1502 -4197.5774 1
7367.8373 -5612.9003 4
4670.4936 -6444.7192 49
6550.3459 -5675.6995 23
1069.2226 -3758.6290 46
6505.0333 -7195.0442 15
1969.3986 -5370.6005 6
2322.3414 -5051.7209 37
-6788.6229 362.3136 12
-5715.8831 -2434.7799 17
1388.3396 4941.3556 37
-6298.8308 759.5184 32
4464.3402 3946.9262 44
5043.2941 -4916.1063 22
713.0327 -3767.2468 45
-5735.6842 -189.4844 49
-486.5903 4564.1582 6
5636.4771 5414.5522 3
4116.6298 -6877.1443 32
-6815.5136 300.8189 2
4030.6176 3525.0456 8
4302.7919 -6024.9250 38
-6815.1725 1104.4889 1
3094.4094 -7924.3422 11
1195.7228 5683.8412 45
3527.9896 -5287.1351 27
2353.4624 -4384.8218 33
-6211.3920 -333.4041 1
4925.8251 3970.5675 45
196.6124 4079.4972 12
4537.2478 3422.3304 32
-559.7185 3779.1025 34
