5
100
-8.9512 5.8378 -7.6424 -7.4724 -23.1377 3
29.8818 4.9981 -8.5594 -12.3846 16.8758 4
-4.4255 6.3611 -6.4434 12.6136 -6.5646 4
5.8896 9.4236 11.8284 10.2676 17.8228 8
-11.0597 -7.4775 6.4112 5.4433 -18.0330 7
6.2349 5.4748 5.9226 20.6910 -11.9019 2
27.8343 10.2692 4.0774 2.5122 -14.8365 2
5.0365 13.0419 -12.9152 -4.7258 -0.2134 10
4.6989 -8.9356 12.1080 7.7611 14.9038 6
2.0423 13.2061 -7.2737 19.0843 2.0651 2
2.2355 17.0325 7.5385 -4.1698 4.7842 5
19.1468 21.8943 1.8607 12.1404 4.9776 5
-5.5917 6.1881 8.3356 12.2393 15.8762 3
8.1348 -5.5037 -3.6988 -7.6285 -9.7855 9
-9.9515 4.3309 0.7120 15.5335 10.6366 8
12.8815 -8.2269 2.5759 -2.2587 7.1095 7
17.9787 9.3110 -14.4788 25.9242 -5.2668 9
0.7843 18.3093 12.5235 -5.8036 -17.7739 3
1.4256 -13.0167 7.6866 9.2092 -5.0739 3
7.6054 6.4468 0.9897 -0.2523 6.1912 9
33.7903 -2.0707 13.9326 -14.3337 -9.5502 1
5.3115 -5.8527 9.4407 5.9613 20.6268 3
12.1109 1.4753 -2.2381 4.8697 21.1272 10
-5.1610 0.5204 5.3464 -2.0411 12.6264 7
-19.2996 6.3906 -4.8792 14.7121 27.2514 4
-2.5905 15.7284 21.5342 13.1805 8.9524 2
-2.3148 12.5048 -24.7664 3.1976 -4.2322 8
-3.3704 -11.3874 0.5911 22.9952 31.9894 4
-0.5473 -16.2039 -14.6256 -0.2318 0.5123 3
-9.6875 -1.8690 -5.0423 -3.3242 0.5799 7
3.1779 -4.5495 -7.9969 16.5742 14.3135 4
14.4673 2.5870 8.1443 -1.8658 -6.9401 9
-9.2503 8.7393 -9.5201 -14.7594 -1.1773 5
27.5802 -1.4092 -0.9470 -6.4594 4.6724 5
0.1533 -1.2956 -4.5479 6.9315 20.9096 5
9.3130 3.5565 -15.4754 6.4232 4.7656 9
11.8222 18.7539 1.9646 1.2008 19.3065 8
-1.7915 -4.0766 -6.8697 8.5072 -15.8061 4
9.2210 -3.5141 -1.4862 20.3987 -9.7280 10
18.1459 -4.4132 -4.6023 5.9038 -22.6403 1
6.9288 1.3852 -13.0343 17.4777 33.1241 8
-3.7998 -3.2975 -1.3103 12.8722 -2.4449 5
0.6707 12.6954 12.0125 11.5998 -8.6963 3
1.4347 18.2055 -9.8893 4.9694 -2.5893 8
13.0127 10.0769 -6.3542 -4.2714 2.4971 2
2.9596 18.0939 6.1415 7.9679 2.9340 10
-0.2452 12.6997 9.5641 14.1963 -7.7100 6
-5.3884 -13.0238 -6.3405 5.0752 7.4808 5
18.5793 -6.5621 -6.4802 -4.0033 -21.9081 5
13.1554 -7.8481 -11.6400 1.0459 10.4232 8
6.1640 -10.5039 -8.0888 -3.5214 0.2165 4
-14.6318 22.8775 -1.8430 -0.0686 4.3238 10
32.1078 10.7630 8.6946 -9.7793 -6.2200 8
16.4169 -7.2718 15.9288 6.0504 -17.4360 5
-3.6923 9.5220 3.5666 18.1239 15.4484 7
12.6295 22.4876 2.8590 14.3184 4.2740 3
-0.3860 3.2695 6.4514 6.5360 -4.8969 1
-0.3996 24.8520 -16.3155 25.2119 -16.2269 8
15.0107 -0.0714 2.9758 5.8162 3.8866 3
-1.5159 1.0343 19.2787 9.8913 20.0979 4
9.7030 13.6354 1.3716 13.3829 -10.4236 8
7.6382 -0.3612 12.6853 -20.0082 -8.4061 8
5.2766 -10.2248 11.3272 -2.5103 -4.5811 8
7.2946 3.5263 -17.4806 21.0849 -5.2680 4
11.3222 7.5621 -14.7703 -0.5874 -11.3422 2
14.0690 9.8419 8.7877 7.3118 -5.2729 4
-1.9136 -2.1345 -0.4862 -0.3958 -3.9963 9
7.0735 -1.0199 1.9910 12.0815 -6.2542 7
18.6475 16.6537 3.6188 9.3267 7.0514 8
4.7361 -16.8524 -9.3809 2.5438 6.8387 5
24.2620 0.7921 16.9966 23.1012 16.1118 1
1.4033 -5.2761 -9.3694 1.3304 5.7008 7
-1.3928 12.7582 2.0283 9.1349 -7.3746 6
4.4374 26.8277 -15.6255 -10.1183 -14.7369 8
-9.4700 -4.3688 18.4744 10.4072 14.3192 8
5.1973 10.8047 -6.2702 7.5584 5.2790 4
10.4464 11.8895 -0.4032 4.8479 -9.2688 5
-6.4757 -16.9724 -11.3016 14.6170 4.0537 4
-4.6516 -6.4447 -15.7642 -4.5035 7.2428 7
17.6868 14.3437 9.6140 10.3080 1.8092 7
10.7593 5.3148 16.7398 3.8736 -7.4876 3
11.7963 4.2298 5.5033 0.3059 3.2914 5
0.4837 -7.4008 -2.7553 10.3563 3.3294 5
2.4594 14.5173 -16.7960 8.5583 19.1462 5
-9.5213 20.9029 -1.0567 12.3213 -8.8016 2
13.6637 -15.6281 7.7296 15.6429 -14.2734 4
24.3909 2.0965 0.4685 -5.1777 -20.5826 8
8.7524 12.0850 -9.7786 23.5008 2.4604 4
7.9806 -4.7536 -2.8024 6.8438 -28.2919 9
-2.3908 15.0698 20.8975 6.0382 -6.1600 4
10.0540 4.8390 -17.6491 -2.6872 -0.6585 4
-0.8945 7.2767 1.4572 19.2571 12.4646 6
-2.4091 -3.8657 15.9572 9.4371 2.1658 10
11.9642 1.3526 21.3931 -16.2497 -12.7725 2
7.3152 -6.2602 8.1893 -10.1658 -11.3330 5
23.6474 20.5243 8.7273 -2.7253 0.6286 5
-7.7604 14.1545 -4.3190 30.2194 -0.6906 8
4.2337 -3.7424 6.8172 1.8006 21.6782 6
11.1439 -3.1754 -1.1934 23.9190 4.1443 4
0.9247 -9.2726 -13.1190 -15.2914 -8.0776 7
