5
20
-4.0787 -4.5408 -2.8589 -19.8824 1.0999 8
7.9658 -17.1424 -17.1230 -3.0423 -12.4204 1
11.0235 6.1874 -2.9285 10.4575 -7.1220 4
-1.7979 3.4988 -1.3267 -4.3574 -3.4510 6
-5.6890 -10.5380 7.6365 -2.0189 -11.2049 4
5.6835 -9.4801 -21.8842 13.3967 -12.9733 8
-7.3138 0.7759 -8.4509 3.4761 3.3251 10
4.8062 -32.6693 -18.9549 -0.3620 -9.2336 6
24.7956 -5.7812 -23.2444 6.4469 -23.2753 2
-0.1543 12.9278 -7.0199 -15.8919 -18.3547 7
27.0252 9.4488 15.8243 -23.2991 -12.8859 8
28.7491 17.0062 -4.4157 -4.4063 10.5239 9
-1.9079 -14.6068 -16.0513 9.6888 -5.1808 1
14.3364 -10.8129 4.0790 -14.3343 1.2922 10
14.0860 -9.5209 8.9089 -3.8234 -7.4831 3
13.8740 -1.6104 13.8959 -13.6423 5.2533 6
3.8982 5.7114 -1.0442 4.8880 -18.7736 4
23.0054 -1.0050 3.4046 -18.0369 6.6977 1
5.6887 3.7821 -7.9696 -7.4196 3.2919 4
18.8844 -14.4679 -0.1655 2.6292 -22.0044 7
