5
20
45.3742 73.2001 -69.3906 -33.7783 -68.0900 7
-14.4693 -88.8529 -46.2152 -23.5552 95.6416 1
86.7582 19.5722 -77.5356 13.9510 30.5782 4
84.1290 4.0014 -56.7803 47.0196 77.6697 9
-50.6003 76.8589 45.7774 70.8399 64.4896 1
13.8077 -97.3121 -34.7647 -22.9892 -3.9572 5
21.8821 99.0929 -70.1182 -85.8674 23.8550 9
68.0608 -96.8593 -53.7819 -49.9115 -92.6649 8
64.6383 -63.8182 -37.6380 50.2002 22.5361 10
-79.0178 -32.9873 20.1247 61.9686 38.5010 4
0.7534 68.3340 63.8989 71.6949 -8.2201 2
3.6165 26.4574 15.0609 30.1377 -2.0893 5
-90.9179 -36.2747 43.9551 -93.1679 -33.4729 8
71.5474 75.1531 10.9503 57.3215 31.3597 9
-85.6701 0.4963 -77.5756 -82.5362 12.4441 1
-94.1972 46.0245 -34.6813 84.9137 69.4768 4
-86.8677 -28.5542 -91.9282 36.2966 98.3426 4
43.3304 90.3769 22.8421 -22.7512 -59.0314 7
95.2701 -45.9236 -16.4887 61.6505 -38.1003 9
-30.5576 -27.2800 96.6256 57.5884 -10.5924 10
