2
100
-33.2283 57.8860 1
34.9773 -31.4248 8
-60.8021 -37.1878 5
7.8595 97.8007 8
75.8878 -97.7245 8
-70.0475 70.9583 7
7.6443 89.4086 9
7.6696 -63.8407 8
16.0270 -15.1959 5
-40.8470 89.6010 4
81.8289 55.8909 9
7.1923 48.1666 3
49.7203 13.3151 6
62.9188 -35.8660 10
85.1950 6.1507 10
81.0605 27.7346 9
63.8176 35.0826 5
98.1976 -40.5216 8
29.1297 95.7315 9
-72.9894 8.1070 8
-3.1838 -67.2587 8
-88.9413 68.0874 5
-65.6965 -33.8967 1
-66.7670 -2.0105 3
0.8302 96.8564 3
52.5870 -21.7330 1
29.8532 -11.3023 6
-48.7269 -97.8995 9
-29.5164 17.6483 5
-49.4751 81.7733 4
-90.9687 -68.8563 8
8.1114 96.0857 4
1.4335 -33.8996 6
5.0372 -81.1675 8
97.4760 -6.3750 4
72.5921 -70.7720 5
65.8321 41.1250 10
-71.4640 48.5607 10
-62.7218 80.8927 8
-72.2128 65.2024 10
-92.5094 35.1755 1
-91.0137 37.3373 9
-14.5030 -55.0660 7
92.4270 -76.5578 4
2.8902 54.4085 6
-25.3437 -32.2225 2
-80.5311 -21.2487 2
15.1030 95.3825 4
64.3498 39.4963 4
7.1033 -93.9138 7
39.5959 -26.2244 6
-99.0949 -84.7484 7
-6.0940 -19.3767 3
-26.1460 23.6551 9
-38.3050 78.5952 6
-48.3230 -39.8813 6
-36.5363 -77.1844 6
85.3285 -97.4176 2
-71.7820 -39.7969 5
14.4838 55.9611 8
9.4524 -64.2613 9
84.6159 -18.6542 3
15.7728 -46.5300 2
-36.7566 -88.4745 10
9.1466 91.0116 3
-40.4752 52.3007 7
-43.6463 20.2584 4
-49.1968 -70.7052 3
90.4139 -48.5922 9
85.4878 43.7348 3
85.9105 -19.6797 4
-6.2691 -10.7500 9
-73.2666 19.9263 5
20.5464 -39.4178 4
-52.3203 65.8884 2
63.5053 50.6470 2
-60.2091 59.2838 8
40.0827 96.9419 1
6.4876 93.9854 7
-81.1596 -1.8817 8
-97.0323 73.9886 1
-73.9968 48.1769 2
-34.3422 -91.8405 3
-88.0467 90.7493 1
16.4557 -93.6750 3
-36.1953 67.2466 6
6.9182 -74.3033 1
-92.3508 -8.6286 3
-25.0973 -89.9363 7
-22.3984 0.2854 6
-2.3684 -10.7895 8
-32.7357 -45.2627 1
58.6764 -37.9510 7
-99.5329 -94.7828 5
-44.3377 77.1539 2
5.3111 95.8486 9
2.2128 -11.7671 2
-37.8320 -47.5022 7
-77.0125 5.8869 6
9.0221 -14.7543 1
