10
100
96.7475 -66.4057 20.0523 68.8551 76.7822 14.3484 -57.9093 -86.9811 51.4808 -21.0249 8
55.6444 28.4039 45.5092 2.7864 91.2237 31.6939 -92.1750 53.5339 -2.3152 59.5520 7
39.0781 -94.2357 -97.3090 45.4901 72.1114 -81.9445 -2.3089 -90.0395 83.2787 90.0090 7
70.0045 54.5150 -27.4815 5.5015 47.4027 -99.4072 -1.6514 57.4835 92.8148 39.2011 1
-32.0759 -91.4200 49.0986 -78.1099 -15.5951 -14.8493 -77.4696 -45.5334 -7.2959 -93.8657 9
60.2148 70.4401 -87.0367 -10.1615 51.3889 66.4442 28.1976 32.4635 -48.6571 -13.4775 6
-8.7605 -23.0969 -25.7948 -19.0675 61.6127 30.5714 95.5969 -25.8897 46.8471 -38.9949 2
14.4732 25.5853 -28.4284 69.5686 -84.0984 84.1739 -63.5281 64.4466 26.9849 -67.5178 1
-61.4342 -65.3785 72.9172 83.7937 -78.4241 -78.2689 -21.6529 23.8292 -48.9668 -83.0242 4
84.2174 -57.3627 53.9512 26.6643 -93.7027 -85.5086 -4.8525 -93.5968 -59.6674 26.1324 3
40.5217 47.9398 -72.6669 92.2278 -6.0564 -31.2589 2.1991 48.2617 -92.8422 -3.2364 5
6.4560 -17.3593 -9.4622 -67.6443 -98.5548 -8.3704 -92.3010 -93.6090 70.6197 -34.7255 4
-86.6951 23.0912 81.0112 13.9658 39.3331 59.8821 21.0654 -15.2495 22.2360 -77.4976 5
71.6759 -65.4479 2.3042 -38.8301 -21.1181 76.8653 8.4491 -20.6747 45.4509 -21.4437 7
10.1240 97.2855 -53.3753 54.5501 53.5312 10.1896 -57.9708 -25.8210 11.7344 4.4070 3
95.1534 13.0209 -70.7683 -52.7899 -87.5360 44.5309 3.3418 -4.9430 62.2145 -92.0137 5
-32.7049 -95.3435 67.7229 57.3190 43.5464 -30.3569 33.4990 -53.1103 -31.8411 -73.6652 4
25.0839 84.4126 5.4893 -1.5124 2.4714 14.9536 60.8410 -89.5142 83.6235 74.9646 3
-27.7292 50.6451 90.6380 85.7981 55.4612 40.8135 5.7073 35.4756 86.6205 -65.5038 8
-96.0926 92.2812 7.4814 42.9762 76.9978 -72.3826 -67.1121 87.4138 47.7286 -38.7530 4
90.7762 -11.3261 -96.8147 59.5682 51.0199 22.3333 -54.9210 -12.0370 60.7857 -23.1998 8
36.9866 -76.4638 7.1722 -9.8586 -78.3629 34.0311 79.4980 -39.4971 -53.7263 -27.5799 3
93.3606 -27.8155 65.7994 -40.6230 4.0330 -50.7918 36.3938 5.1303 -94.6257 70.7308 8
72.7805 -51.1785 65.4099 -63.6605 64.0820 -95.9056 -72.3163 1.5507 -55.0411 -92.8611 1
-63.2426 74.9181 -38.5571 65.0793 65.9147 -30.0071 52.3119 -55.0088 76.0312 -49.6220 6
63.0071 -69.9255 -44.4564 20.4696 25.1297 61.2405 -86.8650 -97.9792 90.1469 -84.1847 6
-3.6127 -11.7825 -88.5425 59.4130 -97.3012 80.9960 -46.9489 -28.1884 -67.6370 7.3826 9
1.8218 -31.3311 23.7948 -16.6004 -71.9366 -5.4854 65.4746 95.3907 -16.6607 50.4932 5
-15.0298 15.8760 -24.3460 -95.0171 70.2106 -6.1729 65.7159 32.4951 28.7216 49.2293 9
-46.0026 -10.9130 -68.5539 -94.8395 -58.5647 -76.1968 41.6541 3.7666 -81.5211 14.2209 1
-67.6470 84.5034 15.0817 52.9105 70.2184 -12.3856 -31.1163 3.4288 -25.5494 96.6833 3
-37.3197 99.4093 8.8937 -54.1211 -32.8779 41.1591 54.5731 -50.4996 73.9988 -36.2045 4
2.6241 -49.6723 76.8586 -12.6691 -95.0183 43.5469 -70.3703 12.5246 87.5427 -65.4198 6
-13.0429 -71.7704 -43.4078 -17.6412 -20.9054 60.7903 5.1243 60.2827 92.7050 66.0369 4
44.3366 -83.6591 -52.0705 22.7699 69.1208 -84.5379 -74.0413 -45.7651 -49.5331 95.2245 7
39.7394 -92.8304 42.5721 -70.5161 37.7181 -48.4950 93.6055 6.8260 79.6916 -11.5817 4
8.7306 -96.6447 72.3429 -72.4226 -55.8349 33.7333 99.0874 19.5403 -45.0776 42.0973 1
14.3117 92.1130 15.1065 -46.9650 4.4790 2.9220 12.3602 96.1674 46.6560 -54.9157 4
84.1600 71.5885 -49.3830 -59.2768 -29.4995 78.9321 -9.8008 25.0659 89.7688 46.2346 6
-96.9266 71.0733 31.1653 72.8982 67.0673 3.5480 14.6310 37.8689 -62.9914 -44.5836 8
-63.5230 17.5779 -81.5777 -53.2028 60.9375 -25.2345 -2.7347 8.3584 -81.7550 99.7548 3
-67.1488 10.9825 15.6555 -67.4761 -48.2595 -93.5543 52.6760 90.7200 17.6306 -56.8207 1
-25.1506 -75.3872 -18.9680 42.1681 -85.5758 68.0097 21.1594 13.8673 -67.0014 -8.4199 3
-1.1501 89.1312 -73.1323 3.4318 64.2005 27.4787 50.1196 -75.6403 -97.4402 16.2284 10
-61.0430 -28.1166 -75.2781 -16.8713 -5.5871 -19.1475 -36.3483 -16.9451 72.2774 92.9797 9
95.4294 -36.3209 57.4931 -57.5276 35.4308 -95.8267 -64.2803 -76.7488 6.5723 49.8921 6
48.3079 -42.5693 4.6352 -85.8650 -3.4881 -3.2771 75.1201 53.6713 -61.5435 49.7464 2
95.1213 -68.5483 83.2073 89.8365 72.7313 -73.8638 -36.1433 -31.1916 -45.0098 22.8862 6
24.1423 -83.3642 -30.2531 56.6466 49.4500 -20.7282 -61.8750 -27.6394 -91.4387 88.6785 5
-47.9277 7.3064 34.1804 -37.3998 46.4720 -49.8841 52.9933 -5.2215 -59.3896 55.3615 6
-82.9781 57.5465 15.1165 -49.0039 64.3990 -42.9034 12.1502 31.8229 21.2345 -52.8666 1
70.1474 18.2383 -23.4381 -5.3141 14.8588 58.2563 68.0176 -37.3389 19.5268 10.4751 6
41.1074 52.3497 -38.6143 -35.9124 2.0309 -5.1960 39.0636 19.8350 -53.8501 59.4330 3
-27.9024 45.8899 48.6197 96.4990 -51.0797 -2.9780 75.0051 -83.9698 -6.2959 -50.1356 1
-40.0523 -99.0152 7.4867 50.4992 94.9575 87.5939 81.9110 -3.3745 76.5066 -86.4434 3
29.0377 -3.8089 -49.6829 -10.8329 3.1069 79.3368 87.7136 59.5350 55.2557 19.0742 8
46.4287 31.1310 -14.8417 56.4991 -56.0573 46.6569 41.8737 -0.4845 -19.7377 -80.2121 1
-67.9774 -98.6668 20.7963 -32.3518 96.7232 52.4462 -63.5116 -74.8603 -17.0133 69.9309 1
-33.3594 -65.8031 76.6399 -0.5944 -96.8516 -61.3851 -46.4771 93.5474 22.9369 11.5334 4
-81.5882 -48.0411 -33.8048 -99.2499 -61.0453 -24.5556 1.6319 -87.2385 -83.3798 -21.0330 9
73.2942 -15.7288 -43.6466 24.4042 14.0018 -20.9221 -82.3846 96.2177 80.2084 -96.4384 1
11.3554 -8.6604 14.0276 2.3206 -65.1503 -64.3833 44.7396 -44.4544 -7.2587 -69.1016 8
-69.3159 91.5749 -22.1104 30.3202 12.3008 4.8886 -62.0872 -8.7075 -95.9375 66.6483 1
79.0707 -10.6307 -91.1938 -27.4765 -24.8174 -69.4012 96.9863 25.6152 65.8258 -88.9808 8
-98.2528 9.4511 -75.5710 -38.2616 -84.4181 -44.4629 36.0415 47.9511 -67.8224 78.4536 6
44.2638 -19.4260 72.6859 -34.0625 63.9850 -47.1655 81.2574 21.9283 18.6106 -9.0065 5
8.5529 31.0059 67.8404 -48.8232 77.6086 75.6508 1.1835 -27.7503 -38.7702 -24.3289 9
0.2778 -12.3147 58.0352 -96.9082 -49.7403 -52.3434 94.5635 -37.0387 -52.2749 34.1108 9
-80.6008 36.4928 -11.6838 -78.3984 -41.5213 -67.5412 -0.6518 83.9388 65.5407 -27.9268 5
40.8932 88.9093 -51.0446 35.6297 38.1048 -45.6060 -74.2348 -30.1427 -62.2959 84.0379 1
-49.3449 10.8805 -75.0474 71.3829 -61.0731 43.9108 80.0908 -86.4655 -49.6710 -89.4699 5
99.0553 -61.4716 42.8598 -22.8863 52.0456 -12.7156 -48.1565 94.1314 -91.3254 -90.9394 2
2.3869 -74.5206 48.9633 0.4228 55.5499 -85.6147 -77.3556 21.6028 -68.5388 -62.6932 6
-63.4707 71.9463 -32.8611 30.0611 18.7769 7.0269 -11.5319 -5.8399 22.4321 -65.5152 6
-73.0441 -43.2895 71.4481 -20.7964 83.4193 -93.1502 -96.9138 -35.7153 -86.7787 -99.4118 5
-66.8925 58.9078 -70.5838 -48.7272 77.7423 42.2928 -30.3783 25.1992 -21.9029 -20.3035 5
-81.3027 56.1412 -55.3340 -67.6786 -27.4020 63.1840 87.0011 -86.0978 90.4526 43.8841 3
73.4076 94.4562 24.2488 13.9181 -26.8287 90.5839 2.3803 -99.0077 -27.7029 15.4299 2
1.5356 -92.9550 51.9980 78.2454 53.8325 35.1622 16.2086 84.8439 87.6906 15.3442 4
10.5738 56.8896 -62.8672 31.1668 87.1706 -43.8493 32.6367 -96.7610 -97.0928 -48.9849 8
76.5614 -21.8281 -10.4396 -27.0983 28.8544 33.4442 8.9460 96.8286 63.3125 -89.9057 3
75.9613 59.4177 -20.6104 42.7935 38.9898 -3.7160 -93.8051 29.8077 20.2484 -21.2877 3
-1.0049 -55.8859 -35.2045 -53.4478 -3.5254 -69.3163 -36.9355 -3.0725 20.5707 31.1778 9
13.6450 32.4722 53.3384 22.0160 -49.2424 66.7165 -71.6923 13.1599 -61.8609 -28.2416 6
-28.1046 84.4849 94.3084 -59.9414 54.0682 -91.5790 3.3395 -65.9241 -30.6753 7.9985 8
-30.7659 75.4896 -14.4033 -29.3331 -86.9902 -67.9379 5.3388 72.9903 24.4797 -66.8357 1
68.2662 -26.4007 -46.8618 -24.7783 62.0647 -39.1929 40.0747 85.1053 19.0419 -22.4990 3
58.7738 63.9839 51.4249 -52.0067 -99.0950 -89.3140 -87.0076 14.6704 -90.6694 63.0566 6
3.3443 -75.2556 19.6897 -8.4493 13.8563 39.3274 16.5573 -32.7722 -40.2441 -29.3900 6
-5.9935 -36.4187 -36.7471 -57.5926 16.9929 66.2357 15.6335 -15.1449 -55.3754 29.9691 9
18.0040 7.0185 46.1106 13.4782 76.3485 83.6301 -39.0254 -40.0557 -51.6393 60.5391 8
-88.8901 14.1470 -26.9033 35.0775 -32.9294 26.9276 31.2947 -81.1013 -24.8585 -96.7546 8
-62.3815 -54.9954 -86.3465 52.7707 -28.8259 -86.0001 -3.5481 -45.6470 88.1114 81.4444 4
-69.9205 11.6489 -61.1610 -31.4137 -61.1313 -96.6322 50.8493 54.6481 -98.8789 -93.7223 9
94.2901 19.9340 -24.4993 68.1176 -45.8838 -53.9765 73.6648 59.7427 -46.4537 74.3860 10
78.1299 -59.3290 21.1416 -27.0404 -24.3022 -58.6969 -99.4035 -72.5463 6.7153 11.0639 7
-4.1844 57.6850 32.5788 63.9996 85.1933 53.8047 70.7278 -80.8036 21.1692 98.8371 2
65.3411 -67.5594 -29.6278 24.7620 77.3717 -64.3523 96.9979 21.5700 -19.3526 96.2084 10
98.8108 47.4907 14.9970 -24.5002 7.2131 54.4522 54.5720 69.5628 12.4947 -47.5140 1
-80.1959 -34.8938 -4.8659 -62.8936 -4.3609 -57.6940 -3.6886 6.3249 -34.5886 24.4587 1
