10
100
1.2677 -4.0710 15.1864 -29.9827 1.1685 -5.6609 -5.1869 23.2931 19.9841 -3.5969 3
4.8791 -13.9490 -9.6783 8.6485 -0.8472 -4.8845 17.3531 13.0554 4.9416 -9.4387 8
-13.3296 8.5589 -10.6750 -0.9559 -11.0314 -2.2455 -9.7371 -24.7314 16.4806 7.9836 1
-5.6972 -9.4692 5.3377 11.4314 20.8562 -5.2605 7.3732 8.4927 -4.8176 -7.4123 8
1.3703 12.9456 -0.2434 -4.8028 13.5801 2.6619 0.2948 -12.2027 10.4662 3.5467 7
6.1339 7.5272 -18.0684 14.6505 4.0107 -8.6046 -7.5657 7.8065 -5.1911 -18.4578 1
-22.0927 -6.5475 27.3136 3.7797 5.6144 7.5182 -1.2041 24.0912 17.2571 -17.3865 8
-15.3932 0.0057 21.9960 -5.1660 -14.5839 3.0890 8.9182 -1.4747 19.9374 -17.0248 5
-6.2581 -4.0437 20.4104 -4.5196 1.5333 -7.6799 13.7478 -5.8254 17.5176 1.6912 8
5.7050 -11.4958 9.9651 -14.6366 -17.7212 -1.2454 -0.0377 -3.4213 27.2808 -18.9299 4
-4.9474 -12.1237 -8.0986 -4.6994 -5.9251 14.4092 -17.6032 1.5766 6.4475 -19.3515 5
0.7031 7.2894 -8.0395 -2.9331 -20.8789 3.6628 -17.1874 0.0467 5.9719 -13.2823 1
11.4267 -5.1442 14.5898 -19.0935 -14.2205 3.7600 -9.0442 -22.1397 -4.3889 -8.4924 4
-11.2720 -12.0523 -4.0506 -0.2510 -2.5531 4.4503 3.6964 -0.0127 -3.1599 3.2137 10
-9.5566 8.0990 21.2072 4.1359 11.0856 14.6730 -1.4880 5.9744 -9.2747 1.0368 8
-5.4591 -14.9258 2.5966 16.7218 10.7294 0.2372 -2.2334 -24.4326 10.0517 -6.0381 9
-2.7456 -15.3575 9.7677 -3.0743 13.5567 1.3578 -1.5580 -16.5821 -15.2201 14.4754 6
-15.4375 -27.8099 8.3442 -11.0012 -8.3126 -19.1122 17.0735 4.2366 8.7303 -5.2945 5
-6.8573 20.0700 8.7274 -13.4022 -2.8804 -16.1511 1.7174 -8.5541 3.7776 -12.2978 7
-12.8980 14.4577 4.8787 -2.8553 6.2398 12.6191 2.8862 -2.1358 7.7293 3.6375 8
20.2408 1.7611 13.1424 -21.0771 -12.6979 -3.6737 10.2537 12.3732 5.2223 -14.7618 4
-11.9507 -10.4607 -1.5412 -18.9509 -4.0567 4.1202 3.8378 -16.3361 2.1528 2.9256 1
-20.2241 -9.9813 -8.7168 -3.9452 10.8124 6.5602 -0.5985 8.4742 3.2945 -16.6376 10
3.3278 -10.9092 -0.2635 -23.4345 11.6423 -3.3592 -1.5686 15.0490 7.9987 -10.2184 4
-12.2332 -3.4703 7.2930 -4.8342 -0.1364 -9.3702 6.4638 -14.2533 -10.0411 -6.3007 4
-24.5819 -13.1990 1.3587 -13.0384 -10.2886 -0.8846 10.6725 -5.5838 -11.1554 -2.9423 2
-20.8323 -15.6322 -1.7694 1.8464 11.1359 2.4358 -16.0616 -24.3989 -11.4986 -5.4188 3
-7.0973 -12.0528 26.7491 -10.1687 -4.6880 8.1102 16.2447 2.6699 33.5058 1.9748 2
4.0714 -7.1993 -9.9023 0.2901 3.7880 -4.4718 -0.3482 26.3682 6.8962 1.9361 7
-6.1691 -4.9401 12.1489 12.3910 13.6953 10.4288 -1.3572 -3.6679 2.2132 -17.3264 3
-6.8237 1.8567 11.8826 15.2248 -5.4018 -3.0273 -16.2463 -0.0266 10.0449 -2.6713 2
2.9202 -11.0489 -2.4649 -9.0292 -21.1786 -11.9426 -0.6708 5.7383 17.4441 -4.4985 2
-8.3440 -1.0727 20.0743 -9.9599 -1.3634 9.7136 -20.7030 -3.9920 18.2141 -17.9866 9
-0.6735 -2.6346 -11.2898 -9.7693 -9.6769 8.3425 -7.3153 -26.7422 6.0260 -6.0685 3
0.4938 -20.7733 12.4863 7.1110 -11.6703 -7.9403 5.5827 28.4138 4.6930 -5.4820 8
-10.9117 3.3000 -9.9409 -0.5371 1.3689 -19.9696 -24.0732 3.3512 -8.1249 -3.3368 2
10.3119 -18.9550 7.6848 -6.5097 -16.7446 8.8539 -13.4133 13.6930 10.1749 -12.7334 3
3.4736 4.7087 9.1707 -10.6247 13.0235 9.9540 -5.8883 18.0241 -4.9207 -3.9099 10
-13.6783 5.2004 10.3759 0.4264 13.8185 2.0120 -14.1462 -6.0761 -7.2589 -9.2103 6
-0.2042 -8.0934 11.2764 6.3065 -1.9357 13.6755 2.3189 12.8352 13.3333 6.6976 10
16.3305 4.3241 9.2638 -6.8024 13.5423 16.9227 -20.0135 -13.9623 0.9365 5.6068 5
-16.4629 -5.7502 8.7530 5.1324 19.8099 27.5915 -19.2436 -28.2127 0.0101 6.5629 6
-23.1394 -3.4928 -2.9325 -13.3770 13.1805 -5.0829 -10.9157 -1.9091 -2.4420 -0.9826 6
-19.1420 6.3391 -7.6385 12.9479 9.0551 2.0688 -8.7146 -12.3606 -20.6115 7.3843 7
-4.7444 4.8680 2.6213 7.1695 9.1203 6.6458 -17.1891 -16.5850 1.8887 -9.2555 10
-14.8728 -11.0971 -9.2617 -15.5613 15.4478 20.3942 -6.0269 -12.6327 -14.6891 -1.9622 7
17.4045 -3.1159 -3.9967 -1.3348 9.9299 7.6196 -4.0257 5.8910 6.7489 -13.6019 3
-19.5548 17.4040 9.3646 7.6436 6.3531 -3.1204 -6.5859 -21.0838 -3.1031 -3.0145 7
-1.4120 -9.9680 -7.1440 -1.0530 21.8042 -12.7166 5.7098 6.6896 0.1423 8.0460 5
-31.6168 -17.2193 14.7734 -12.1489 -5.6097 -20.3039 -2.6880 7.6999 3.5730 -6.0560 7
-0.4541 14.3045 14.8877 -6.8559 8.8905 -14.0284 5.5431 21.8643 -4.5594 -5.0306 2
-20.9663 -2.2063 20.1028 -8.7069 5.6146 -11.1346 -4.0993 -23.1356 -4.5052 -7.0064 7
-0.2844 -7.0319 -16.7838 2.0142 4.0051 4.0363 -1.9323 10.9813 -5.5379 -6.5418 5
10.0510 -43.9019 3.2581 3.6804 13.9804 13.1006 -3.8313 -1.3678 7.1784 -12.5279 9
-2.2199 -12.5250 4.8623 -1.9486 -9.3078 -4.6742 9.2809 10.6128 -3.0304 10.9128 7
8.8099 -4.6457 -9.4239 -10.0682 -15.2556 4.4133 25.7292 10.1764 1.4754 -27.2453 6
-11.2132 -8.1666 -0.2900 -5.3740 -6.7250 -0.7721 5.4977 11.4274 -16.7351 8.4118 8
0.4629 5.3933 -0.7949 -5.4507 18.5740 3.2263 -8.5933 7.2847 -18.5943 -8.1747 2
-15.8272 -4.0429 -7.5301 -3.6683 6.6110 -22.4333 -10.6367 2.8645 7.0317 -7.7588 8
5.1707 -3.1728 -0.4209 5.9613 -8.3657 -5.4019 16.5583 13.5130 3.6789 -15.5592 6
-10.0607 3.2685 15.4381 -0.4332 -12.8855 -1.4873 -7.2161 -10.2697 -7.2585 17.1483 3
9.9896 -20.7704 2.5517 9.0851 10.8134 -7.5125 20.1655 -0.2961 -1.6042 4.6628 8
7.9530 7.5187 -11.6146 -17.4230 -30.5717 -8.0147 -20.9852 14.9082 -2.0231 -8.3582 3
-17.6445 -7.7440 -0.3393 11.4302 31.9617 12.9259 -2.0233 3.9583 -10.3356 -16.4645 9
-6.7110 -12.5446 2.4214 -6.7376 -0.7308 1.5894 7.2021 -1.7638 6.7779 -11.3668 4
-11.1454 -15.5157 -10.0574 -16.4177 -17.6402 -4.7240 -9.9749 15.1046 15.7598 -9.6605 1
11.8550 11.1796 -5.2925 -9.5733 13.0324 -17.9139 -13.0906 -2.3971 11.6657 -7.1408 3
1.2996 4.4174 5.1438 8.5168 16.4926 -17.3886 -21.9534 -20.7145 -3.2912 -2.7349 7
4.1519 -6.0492 1.7254 -0.9552 -20.2941 -5.7262 19.8039 6.2128 -7.2199 -9.4314 3
-9.6869 -8.8729 9.9398 -11.1253 -7.7007 12.3187 10.6015 8.5904 -4.5061 -9.3499 1
4.8505 -19.9853 14.8070 -6.4054 19.2614 -2.4953 -11.3614 -15.0411 -3.0733 -5.6346 10
7.6957 0.5433 7.9363 1.3412 -11.8526 26.5520 19.7510 14.9132 -1.1367 0.7542 3
16.8601 17.7892 15.6283 -21.3904 1.5184 -8.5919 -9.0391 2.2631 -0.1184 -3.4688 7
7.2350 3.7983 0.3999 6.6700 -19.4575 6.4533 -9.3534 13.9851 -26.5774 -3.9227 1
27.9243 0.2222 4.3886 -5.2249 6.1917 -0.9185 0.3771 18.5622 -8.9013 -4.0319 8
-12.5667 -5.9517 -15.9678 -0.9182 3.2222 8.4560 0.2099 -17.9599 -8.0383 -4.1469 9
-0.6099 -21.6045 -20.6393 -17.0809 0.3485 -5.2538 2.4582 7.3858 1.1348 1.8950 10
-10.5217 -16.7837 -15.4122 1.6712 14.3589 -11.0095 13.0929 -4.6538 -4.2044 -1.2276 4
-10.4072 1.3222 0.8045 -2.2454 -3.7424 -17.0653 -8.7186 2.2296 -16.6347 -2.6419 2
-22.1817 15.7513 9.9705 -11.0221 -3.6745 0.9694 -0.4768 -18.8996 -3.1595 -1.0195 9
-9.0338 11.9937 -1.2425 -10.8967 -8.4294 2.2647 1.5813 0.8046 13.3161 4.5562 2
-13.2503 -8.8042 3.1495 -2.8911 -13.0543 -19.0750 -0.8903 23.1743 8.6876 -11.9987 6
12.5710 13.2597 10.5691 -24.8164 4.3940 14.1113 -5.8964 14.2963 6.2154 -10.1541 2
3.4259 5.7066 -8.0147 -24.0062 -13.2677 -19.5324 -1.3763 15.5096 2.1552 2.0625 5
-8.4966 -19.4893 -14.5772 -3.5589 -20.2516 -5.1560 -2.1604 7.0445 6.6553 1.2240 7
-20.3845 -5.4685 14.6470 -11.5416 -10.2384 5.9530 13.3701 9.7705 19.0218 5.0447 3
9.8289 5.5482 2.8853 -18.0160 -2.5530 -9.9377 -12.5222 11.8857 -7.3314 -14.3003 3
-9.7730 10.8211 -7.3357 -10.1857 4.7052 -16.4233 -6.3587 14.5672 13.6571 8.5131 9
-17.2688 -0.1558 22.0713 -7.8176 13.3170 -2.7028 -18.5296 -3.1044 15.8162 -5.7175 5
-31.6388 12.6471 -4.4986 -11.2639 15.0066 0.6235 -10.3061 -11.4762 0.3230 6.2108 8
-9.0292 -24.3639 6.2546 -0.6777 -9.7310 14.2907 4.0636 16.6218 10.1761 -10.2775 2
7.7654 -10.2493 9.7064 6.4177 17.1682 -17.3284 -5.8126 6.3415 -18.1220 -11.5299 2
7.9654 -4.9229 11.2259 -13.7727 -10.9670 -4.7251 14.8672 7.2241 -6.6923 -3.9034 9
-30.4997 -10.8573 -10.0067 16.2403 5.7966 11.7283 -26.4254 3.7974 9.0377 10.7371 3
2.1921 6.5856 -3.5805 6.1196 3.2428 -6.4079 15.2322 -11.2786 6.2439 -7.9425 5
-0.6476 -9.1093 -15.2693 -3.7940 -4.3780 -1.0488 0.8554 21.3352 -11.8410 3.8191 3
-9.1710 6.5427 3.3721 -12.1042 6.3114 0.3030 -13.6807 14.6451 -0.9080 11.2112 5
12.3870 11.0410 14.1689 -11.3679 13.3310 -14.9975 7.9499 13.6007 12.5431 -6.2243 10
2.2314 -0.5392 14.9752 -14.9247 -29.3542 5.9534 -1.7364 7.2296 21.5354 -4.3499 2
-25.1025 -1.8409 22.2169 -11.1421 7.4178 5.3444 -3.4349 16.5688 -9.1731 0.6068 3
