5
20
-49.9446 -73.4489 43.8091 -55.3454 -13.9152 3
-42.7464 -66.3178 41.5387 -50.3955 -13.1531 9
-35.5482 -59.1868 39.2682 -45.4456 -12.3910 10
-28.3500 -52.0557 36.9978 -40.4956 -11.6289 6
-21.1519 -44.9246 34.7273 -35.5457 -10.8669 8
-13.9537 -37.7935 32.4569 -30.5958 -10.1048 9
-6.7555 -30.6625 30.1864 -25.6459 -9.3427 10
0.4427 -23.5314 27.9160 -20.6960 -8.5806 6
7.6408 -16.4003 25.6456 -15.7461 -7.8185 6
14.8390 -9.2692 23.3751 -10.7962 -7.0564 6
22.0372 -2.1381 21.1047 -5.8463 -6.2943 3
29.2354 4.9929 18.8342 -0.8964 -5.5323 4
36.4335 12.1240 16.5638 4.0535 -4.7702 2
43.6317 19.2551 14.2933 9.0034 -4.0081 2
50.8299 26.3862 12.0229 13.9533 -3.2460 4
58.0281 33.5173 9.7525 18.9033 -2.4839 10
65.2262 40.6483 7.4820 23.8532 -1.7218 6
72.4244 47.7794 5.2116 28.8031 -0.9597 4
79.6226 54.9105 2.9411 33.7530 -0.1977 1
86.8208 62.0416 0.6707 38.7029 0.5644 8
