5
50
25.8517 1.5821 -17.8089 -21.0607 -10.1388 8
1.8912 1.4497 19.1673 0.3816 3.3651 9
9.7750 -10.2951 7.0809 -16.8186 13.3999 9
7.2947 4.6320 -15.4925 -1.0312 11.9710 8
-10.2334 3.5250 6.2796 -10.5948 10.7843 7
0.4611 -7.7483 4.0317 -4.0430 -9.6624 4
-18.3183 1.2950 -18.8993 -19.2413 8.1617 3
15.0056 4.6696 -19.4117 -11.4251 8.7973 10
-10.4698 -0.8860 13.0461 -8.2972 10.4396 10
-0.7472 8.0852 -1.8433 -10.7225 -8.1984 6
-0.2463 -23.6650 -14.1921 -3.8776 11.4653 10
-6.2382 -3.8003 -7.1761 -7.6598 -8.1324 6
-0.8165 -7.8403 7.0684 8.3346 -9.9353 9
-0.2606 15.3268 -19.7609 -7.2161 16.5790 10
21.4734 23.9250 -0.4657 -3.3604 24.8967 2
13.3318 2.8765 12.6075 -8.7237 1.4691 4
-6.6370 -3.7817 -10.1765 4.1051 -10.3932 3
-6.8147 -3.5093 1.3542 -3.8581 -1.6302 10
-3.9255 15.2668 23.7206 -2.5175 19.6677 10
8.4280 6.1689 6.2387 -14.0304 10.0090 5
10.6368 3.3560 -0.0948 6.6856 14.3550 8
10.9648 -7.0252 7.1212 -0.9762 -13.0196 8
-6.7991 26.9277 -1.2038 -5.7494 9.1645 7
23.6249 -9.5095 1.7851 3.4597 9.9102 5
-7.8295 4.1730 -2.7986 -10.7646 -3.0998 6
31.4991 18.6029 2.7492 0.3140 20.3356 7
9.6921 18.6986 0.0984 1.4507 2.1860 7
21.6038 3.6206 3.2924 2.0240 0.1772 4
-5.5873 29.6346 10.2163 2.4883 21.0218 8
-9.3243 11.8918 -5.2926 -8.0030 1.8872 2
4.2403 -12.4842 3.4194 2.9923 -1.7797 2
-2.3014 13.9642 4.7348 -13.9015 17.8961 4
4.4361 -6.9978 -13.5064 -1.3047 -11.7985 3
-21.3502 3.3343 -19.6739 1.6682 16.0284 2
15.3721 15.1971 5.7209 29.0681 -0.1460 6
11.6957 22.3709 0.6292 6.0654 -0.3804 4
-12.4803 3.6750 -13.1791 -14.0720 10.1418 8
10.5990 20.2195 9.8451 9.9161 8.1677 5
-15.6982 3.6067 -24.7602 -10.8817 2.0815 2
0.7966 3.6695 16.7511 3.6893 -1.5549 4
-1.9119 0.7321 14.6100 -14.0544 -1.5062 9
-0.8673 16.9459 -1.2916 -0.6792 8.6262 9
-8.9690 14.4623 0.5832 -13.4427 1.1741 5
-2.6590 0.1565 -7.4844 2.1222 -2.7819 6
8.3400 18.9079 7.1860 -14.7549 8.0903 7
4.8479 0.5997 10.6764 -2.0408 -10.3229 8
-18.1205 20.1037 -15.6612 -1.2572 19.9477 2
-13.8652 14.2437 -11.9818 0.8362 -0.0312 10
-11.7489 -0.7890 -1.1194 -3.6519 -3.3760 4
23.4428 -5.6238 15.2353 1.0004 10.7795 9
