2
50
9.7576 -20.3117 2
8.0395 -19.7565 5
6.3214 -19.2012 2
4.6033 -18.6460 6
2.8853 -18.0907 6
1.1672 -17.5355 1
-0.5509 -16.9802 8
-2.2690 -16.4250 4
-3.9871 -15.8697 6
-5.7051 -15.3145 5
-7.4232 -14.7592 7
-9.1413 -14.2040 9
-10.8594 -13.6487 3
-12.5775 -13.0934 4
-14.2956 -12.5382 10
-16.0136 -11.9829 2
-17.7317 -11.4277 5
-19.4498 -10.8724 7
-21.1679 -10.3172 6
-22.8860 -9.7619 5
-24.6041 -9.2067 2
-26.3221 -8.6514 7
-28.0402 -8.0962 2
-29.7583 -7.5409 7
-31.4764 -6.9857 7
-33.1945 -6.4304 9
-34.9126 -5.8752 4
-36.6306 -5.3199 10
-38.3487 -4.7647 9
-40.0668 -4.2094 8
-41.7849 -3.6542 1
-43.5030 -3.0989 9
-45.2211 -2.5437 8
-46.9391 -1.9884 5
-48.6572 -1.4332 5
-50.3753 -0.8779 1
-52.0934 -0.3227 8
-53.8115 0.2326 2
-55.5295 0.7878 4
-57.2476 1.3431 7
-58.9657 1.8983 5
-60.6838 2.4536 4
-62.4019 3.0088 7
-64.1200 3.5641 1
-65.8380 4.1193 4
-67.5561 4.6746 8
-69.2742 5.2298 9
-70.9923 5.7851 4
-72.7104 6.3403 2
-74.4285 6.8956 9
