5
100
-56.4223 79.5621 -90.1474 97.3712 -96.8767 4
92.9066 -27.8660 84.1178 -92.3012 6.2965 10
-3.7463 -65.3082 -28.3055 17.8254 -48.4019 4
-84.3174 -22.8956 62.5295 73.2091 -81.5086 8
-47.0586 -76.1507 -48.7313 -74.7528 -47.1375 6
-26.0935 -37.6904 0.5483 -15.7838 5.2355 1
-62.7897 -40.6433 0.2103 -56.5811 -86.6315 7
-38.6295 62.2557 83.8295 79.6613 26.5667 9
-28.7071 -39.9747 -37.0966 -7.1906 -5.4144 2
52.8216 78.6476 4.5550 3.7569 39.7700 3
27.6119 96.1739 72.6715 -32.1729 32.7730 2
-34.2046 81.1458 -31.4967 63.2388 -25.3244 1
-58.5706 -92.1739 -30.3403 89.6315 -99.0010 1
-16.8287 25.9927 -8.6785 -92.8489 -11.6861 4
-18.9908 37.5215 65.4993 -76.1748 7.7131 4
-40.4895 -20.4911 24.4431 70.4072 69.2426 4
-35.6684 43.5398 59.6289 5.2115 -62.3808 2
38.3824 -24.7706 -69.7049 -38.6322 79.0514 4
-5.5711 -40.5615 62.5365 36.0159 -10.4896 9
-18.0495 52.7601 -40.1805 -71.0741 -75.5525 5
-64.7013 41.8903 53.1553 -49.5553 19.7878 4
-33.5229 87.2509 75.2833 -48.4429 1.9655 10
7.6083 13.4857 31.5547 3.4123 83.8315 9
4.1996 -46.8171 70.3648 77.2121 15.2419 3
85.8904 55.6946 47.5058 98.4789 77.8112 3
-97.3252 -1.5826 28.1005 45.0651 76.2941 10
-67.9964 -33.8913 2.7955 -73.0880 -67.1994 1
-50.2777 42.3052 -59.6879 -34.3292 60.6978 4
-69.7794 -43.9649 84.9828 -33.5199 48.2082 4
14.5918 -70.5590 58.7574 -24.7020 -32.1775 10
-25.9097 -35.8068 13.0191 -43.1439 -79.7561 6
-8.6159 15.9761 18.7168 -5.1606 -9.7928 6
-14.1370 83.3395 -21.2657 37.7468 41.1401 2
-90.4390 -36.5949 8.4151 -53.8795 12.6782 5
12.0911 21.4840 -90.4445 5.5546 -21.2543 1
67.2708 85.3348 27.1438 93.2734 97.9113 4
87.1578 -71.2759 -20.6786 77.2455 -22.6284 9
-38.7720 -89.3967 -25.2269 93.5170 83.4682 3
80.3643 75.1928 86.6140 78.3949 66.1585 5
-73.8159 82.2510 -61.2335 -30.4694 -0.6027 8
24.2341 -12.6380 -44.5734 -39.7144 -55.5258 10
-52.4362 -93.7532 79.3884 -94.1305 -44.8418 6
-62.6714 -90.5519 15.4289 -24.1735 -17.7827 8
-59.8898 34.4499 -72.7666 -38.0115 -87.2258 8
66.6889 53.0237 -81.8715 -75.7062 -10.1167 1
-88.5753 -95.4106 -64.7061 -5.1705 -33.2931 7
42.8828 -90.0768 92.0332 -24.7392 -74.7500 2
-49.0574 -28.3728 -7.3323 46.0812 -77.5669 4
17.3902 17.3018 15.3339 -13.1186 -6.6870 5
61.4699 -71.4609 7.1918 75.4121 -32.5932 1
9.2716 87.6491 -72.1028 45.5610 -27.6499 9
-92.3212 70.1152 -93.8669 84.9404 -63.0519 1
-44.8598 -75.2383 -69.2433 3.1591 -94.4515 9
51.8494 -50.0962 19.2627 -47.4529 -81.9806 3
-41.1677 80.2723 68.8594 -39.0895 -20.0484 3
-41.7127 -75.1213 -83.3783 -27.8387 14.0154 5
29.1824 84.6570 40.3052 90.3941 -79.2881 7
-19.8701 -68.2122 80.7182 -30.3805 -85.7684 9
99.5749 73.0416 -23.6350 -41.6722 5.2749 2
75.3441 -12.7115 -23.6464 -65.5546 58.8972 2
63.8995 29.6018 76.9169 98.1586 -9.6973 1
-31.4032 -28.8693 14.2551 44.0507 2.5483 2
54.4004 78.3394 21.0680 50.6204 99.4295 8
36.4946 62.1609 -8.7065 55.9502 -14.7202 5
17.4463 -8.0036 -91.0867 50.8130 -67.0302 3
-0.9879 54.0674 60.9727 -84.2674 -82.1305 4
50.1027 66.3610 23.4380 -14.3924 -59.8309 1
5.3821 -36.7409 -31.8800 -98.2899 11.8612 3
66.4001 -93.6922 -88.8543 -14.9118 18.6289 4
77.3617 -85.2184 -70.6430 -24.7188 72.6688 6
99.0690 -30.8743 92.2689 -46.8434 22.6543 10
-5.7150 -92.7779 -73.1719 -60.0568 -18.2202 9
44.6467 83.9722 26.8573 -9.4664 -91.3570 3
83.8993 -35.7414 98.0118 -96.9129 -53.2935 8
-58.4242 -47.4745 27.2562 -91.9137 82.4558 3
46.8809 -13.1485 -95.5402 82.8952 13.4085 2
-97.7688 -94.5492 35.0034 29.6559 -76.6687 1
-73.7644 66.1025 -91.7739 -79.5089 -21.8919 9
-42.4180 -92.8368 9.1874 34.7938 -65.8311 10
-60.7042 49.2759 -6.8054 -20.4444 -3.1186 1
68.3165 94.4182 31.0017 -76.6835 -6.4802 9
48.3088 -5.3174 -5.4188 -29.7538 90.5487 7
44.0821 -98.6109 33.7274 -32.9778 91.0054 7
-68.1065 -55.2997 4.4076 -90.0770 5.0653 2
6.9003 10.1060 76.3834 -64.9193 -85.1567 4
-87.0096 20.8100 98.7467 26.3566 -56.8965 4
-62.2357 78.4282 -56.6302 -71.3458 -63.6165 9
48.3532 14.8712 -88.9916 12.2573 96.4485 10
56.9514 -16.9043 87.1627 -97.8378 -37.1416 10
30.2837 52.5570 34.5859 40.2005 -91.6526 5
-88.9000 -18.1380 -88.8136 79.1021 44.3170 2
65.7113 77.4073 -48.6618 -96.7733 -56.3784 1
-3.2648 10.3318 -93.0724 38.4307 6.6408 10
2.0466 21.0943 -47.2743 -78.3190 -12.0599 10
-86.6469 97.3231 7.5956 94.7278 92.5783 5
-25.7019 -86.4171 13.3894 -83.8687 77.4055 9
96.0881 -42.1128 -60.8396 -75.5111 84.8398 3
-94.1614 -73.3598 -32.9951 93.3799 -54.6724 3
39.6873 3.0005 8.1024 20.3409 65.8993 2
37.4184 -46.7459 -31.8250 10.2467 -68.6197 6
