10
20
-11.6246 4.7005 -3.4917 13.8305 -14.3130 -4.5207 8.0035 3.7468 -18.1070 -8.6012 8
5.0752 -7.1682 -5.6908 2.1634 -12.9769 -22.4568 0.6229 -19.6934 -12.7309 -3.0219 1
-12.9881 -12.6120 -8.4325 -8.2509 14.8142 4.5677 5.2023 0.7396 15.1790 -25.3502 7
7.4241 14.0959 5.1447 1.0786 8.4509 -12.6203 22.8742 -14.3747 -8.2345 -7.9195 2
-0.2521 2.5602 -16.8504 -24.7979 15.7998 25.0612 -5.7062 -11.5004 48.7965 2.2355 8
0.4538 -16.9065 -3.1520 12.8430 1.3241 -13.9736 -13.4381 -1.8488 20.5955 -14.1094 3
1.8784 12.7868 -13.9072 -5.0030 3.1743 -16.7149 4.7290 0.0549 -0.1659 -3.2605 1
1.4169 5.1961 9.9242 -7.3225 -3.0823 -1.4858 -8.4225 -9.0867 4.1261 -4.3973 3
20.9113 -26.6903 7.9586 5.5450 -9.4454 -15.3413 -4.8126 -10.3057 7.7950 -6.8657 2
6.9125 -10.0556 -7.6919 -1.0080 -23.4082 -6.3651 -8.9239 6.0882 -12.2258 -0.7603 7
16.7147 12.2416 -10.1232 -10.2096 -15.8505 0.1169 0.8535 -17.5263 -11.8575 7.0552 8
3.9192 -5.6930 29.9947 0.8857 5.3431 1.9110 19.5977 6.8767 -8.7865 -11.2566 7
-3.1823 2.5566 11.1132 25.9926 -3.8748 4.8032 18.0550 3.3662 18.1102 -2.3032 6
27.3502 -5.8347 -5.0758 -8.4494 -2.3909 -13.6839 4.6803 -2.1685 -15.3260 -1.4614 9
19.4950 -13.5451 -2.4386 -3.1372 -2.1681 9.5332 -0.6640 18.1577 -5.6984 -11.4395 8
0.4392 -12.3182 -9.8472 5.2577 -8.7938 -14.9950 1.7834 -10.6446 -14.5818 4.3085 5
-1.5763 -2.7487 -23.6841 -1.7989 -0.2966 -9.5144 -22.2649 -14.8399 -18.9104 0.5826 4
-3.7334 -13.9069 18.9843 5.1661 -2.9647 0.8737 -5.2130 -9.2547 20.4762 -14.3322 1
10.6104 12.2640 3.3586 -18.4644 -20.3481 -8.2637 13.7383 7.2055 -6.9726 -13.6941 3
-8.4839 -6.8309 -3.4000 -5.8832 26.3148 -25.0078 -3.0518 -0.6522 -8.1298 -3.8881 9
