10
20
12.9271 17.4093 -45.6038 -90.7213 -51.3892 34.9526 -99.0424 -37.0468 74.6850 91.2743 4
-6.7703 88.4149 -99.3016 -30.3173 -10.5609 51.8984 17.0329 28.9867 -98.0561 42.8937 5
80.6080 -73.9308 76.2118 83.3123 -63.7904 -88.8483 63.6679 78.8683 27.1382 1.2724 5
4.7432 -8.9097 -34.0926 97.6487 -78.1539 -3.0637 -48.7629 -99.5206 25.8540 -31.3273 1
28.0273 12.0961 -18.4756 23.3374 -35.1783 76.1630 -85.5043 -51.8949 5.7979 -0.3247 9
86.2506 -56.0318 -21.4448 -69.2608 83.8455 -6.4079 51.4474 -37.2515 -60.8188 2.0485 9
-23.6363 85.0539 55.4737 -98.2792 -82.6768 91.5053 25.6212 -33.3676 22.9848 79.8987 1
66.3730 30.8152 -20.9649 72.8234 91.2445 8.5036 -5.1734 26.2891 -77.6542 -87.7808 10
25.6442 -43.8434 32.3456 -98.2684 67.3222 -29.2950 2.6267 98.7369 -4.3191 -92.4971 7
47.0528 -28.9584 41.7420 -71.8195 73.6620 44.8404 48.0715 34.5164 -34.5422 -63.0905 6
8.1953 -13.8814 17.1471 20.1358 51.7338 -31.9460 39.1245 50.3521 57.9506 2.0175 2
17.3274 -67.0707 98.1312 -45.2331 -83.0460 23.5162 -42.8778 99.0670 -50.5163 -39.0074 5
-27.5692 61.1699 38.5229 -40.5820 -58.6587 63.3572 36.8261 25.7009 7.5040 -54.3314 4
-72.8887 53.4223 -0.7231 -46.4585 -9.2130 -85.8327 74.9006 6.0709 4.0716 50.2852 1
91.4046 87.8668 90.0580 72.7097 41.4347 -5.7788 -36.0159 88.4517 18.4189 -57.9089 6
43.2065 61.6639 -91.6759 25.6803 86.1504 -20.8856 -44.4854 9.7567 -27.9434 -13.3711 10
22.1080 78.2838 66.3230 59.1105 -29.4112 -41.9630 1.4382 9.9204 -34.0146 -31.0952 4
-79.5382 68.8041 -67.6011 23.9363 22.7451 -5.5961 -15.9827 -88.0491 51.5635 -17.5669 6
38.2405 79.3615 -52.7422 37.1988 -34.6781 79.2253 -83.4551 76.4648 -60.8282 1.3513 8
56.5447 -59.2871 -55.0946 -88.6410 -12.5141 -63.0396 80.9609 99.4047 -61.4971 -75.4738 3
