2
50
57.4488 -60.9810 4
-94.7629 95.5048 7
-85.6599 -70.2476 1
-10.7660 32.8398 2
84.8761 39.7805 9
-37.0598 28.1370 7
-78.8748 -14.7414 7
24.1354 42.1846 10
-83.6778 -39.7394 5
-13.6487 -34.7484 3
85.7476 92.7359 10
-90.0905 -46.1572 4
-43.4189 92.3254 4
-70.8513 -26.2109 3
-67.8766 31.5577 7
65.5013 -72.9843 4
98.2992 90.7471 5
52.2500 -41.1854 3
48.9640 -54.8264 5
7.1220 75.0805 4
-20.6717 23.8465 3
56.8683 15.1495 7
47.3101 -99.0236 9
-79.4529 59.3464 1
-55.9370 -88.7741 6
-12.4872 -68.3297 2
-87.2528 -32.1075 2
81.1341 -28.5736 6
8.9095 -64.8437 4
-3.5346 68.4350 2
-1.5217 12.5667 7
75.0115 -35.9610 4
-51.0108 -60.5262 10
76.0122 4.4875 3
39.3577 -19.0827 4
86.9019 -67.2350 5
42.0634 -39.9542 4
-4.9598 71.3936 1
20.5421 43.8147 7
-24.1003 50.0844 5
-57.8442 -17.9255 10
79.7473 84.5434 1
34.6273 79.5903 4
64.7676 -95.5453 7
-15.3857 61.5099 2
-95.1082 65.7241 9
15.0986 -93.4122 6
60.3410 -71.7227 2
37.9822 -8.5157 7
-49.9970 -22.9525 9
