10
50
-78.3433 -2.7590 4.2550 -9.2154 73.3946 -4.4665 58.6897 -4.5755 36.9706 13.1782 6
-78.4987 -3.8908 3.7625 -8.4119 70.6788 -5.8630 58.5797 -3.9710 36.9879 12.5163 7
-78.6541 -5.0227 3.2700 -7.6084 67.9631 -7.2595 58.4697 -3.3665 37.0051 11.8544 7
-78.8095 -6.1546 2.7775 -6.8049 65.2473 -8.6559 58.3597 -2.7619 37.0224 11.1926 6
-78.9649 -7.2864 2.2850 -6.0015 62.5315 -10.0524 58.2498 -2.1574 37.0396 10.5307 7
-79.1203 -8.4183 1.7925 -5.1980 59.8158 -11.4488 58.1398 -1.5529 37.0569 9.8688 2
-79.2757 -9.5501 1.3000 -4.3945 57.1000 -12.8453 58.0298 -0.9484 37.0741 9.2070 2
-79.4311 -10.6820 0.8075 -3.5910 54.3842 -14.2418 57.9198 -0.3438 37.0914 8.5451 10
-79.5865 -11.8139 0.3150 -2.7875 51.6684 -15.6382 57.8098 0.2607 37.1086 7.8833 8
-79.7419 -12.9457 -0.1775 -1.9840 48.9527 -17.0347 57.6999 0.8652 37.1259 7.2214 1
-79.8973 -14.0776 -0.6700 -1.1806 46.2369 -18.4311 57.5899 1.4697 37.1431 6.5595 8
-80.0527 -15.2094 -1.1625 -0.3771 43.5211 -19.8276 57.4799 2.0743 37.1604 5.8977 2
-80.2081 -16.3413 -1.6550 0.4264 40.8054 -21.2241 57.3699 2.6788 37.1776 5.2358 9
-80.3635 -17.4732 -2.1475 1.2299 38.0896 -22.6205 57.2600 3.2833 37.1949 4.5739 9
-80.5189 -18.6050 -2.6400 2.0334 35.3738 -24.0170 57.1500 3.8878 37.2122 3.9121 3
-80.6743 -19.7369 -3.1325 2.8369 32.6580 -25.4134 57.0400 4.4924 37.2294 3.2502 6
-80.8297 -20.8688 -3.6250 3.6403 29.9423 -26.8099 56.9300 5.0969 37.2467 2.5883 2
-80.9851 -22.0006 -4.1175 4.4438 27.2265 -28.2064 56.8201 5.7014 37.2639 1.9265 3
-81.1405 -23.1325 -4.6100 5.2473 24.5107 -29.6028 56.7101 6.3059 37.2812 1.2646 3
-81.2959 -24.2643 -5.1025 6.0508 21.7949 -30.9993 56.6001 6.9105 37.2984 0.6027 9
-81.4513 -25.3962 -5.5950 6.8543 19.0792 -32.3957 56.4901 7.5150 37.3157 -0.0591 6
-81.6067 -26.5281 -6.0875 7.6578 16.3634 -33.7922 56.3802 8.1195 37.3329 -0.7210 9
-81.7621 -27.6599 -6.5800 8.4612 13.6476 -35.1887 56.2702 8.7240 37.3502 -1.3829 1
-81.9175 -28.7918 -7.0725 9.2647 10.9319 -36.5851 56.1602 9.3286 37.3674 -2.0447 9
-82.0730 -29.9236 -7.5650 10.0682 8.2161 -37.9816 56.0502 9.9331 37.3847 -2.7066 10
-82.2284 -31.0555 -8.0575 10.8717 5.5003 -39.3780 55.9402 10.5376 37.4019 -3.3684 7
-82.3838 -32.1874 -8.5500 11.6752 2.7845 -40.7745 55.8303 11.1421 37.4192 -4.0303 8
-82.5392 -33.3192 -9.0425 12.4787 0.0688 -42.1710 55.7203 11.7466 37.4364 -4.6922 7
-82.6946 -34.4511 -9.5350 13.2821 -2.6470 -43.5674 55.6103 12.3512 37.4537 -5.3540 2
-82.8500 -35.5829 -10.0275 14.0856 -5.3628 -44.9639 55.5003 12.9557 37.4710 -6.0159 1
-83.0054 -36.7148 -10.5200 14.8891 -8.0786 -46.3603 55.3904 13.5602 37.4882 -6.6778 3
-83.1608 -37.8467 -11.0125 15.6926 -10.7943 -47.7568 55.2804 14.1647 37.5055 -7.3396 10
-83.3162 -38.9785 -11.5050 16.4961 -13.5101 -49.1533 55.1704 14.7693 37.5227 -8.0015 7
-83.4716 -40.1104 -11.9975 17.2996 -16.2259 -50.5497 55.0604 15.3738 37.5400 -8.6634 10
-83.6270 -41.2423 -12.4900 18.1030 -18.9416 -51.9462 54.9505 15.9783 37.5572 -9.3252 3
-83.7824 -42.3741 -12.9825 18.9065 -21.6574 -53.3426 54.8405 16.5828 37.5745 -9.9871 7
-83.9378 -43.5060 -13.4750 19.7100 -24.3732 -54.7391 54.7305 17.1874 37.5917 -10.6490 3
-84.0932 -44.6378 -13.9675 20.5135 -27.0890 -56.1356 54.6205 17.7919 37.6090 -11.3108 6
-84.2486 -45.7697 -14.4600 21.3170 -29.8047 -57.5320 54.5106 18.3964 37.6262 -11.9727 3
-84.4040 -46.9016 -14.9525 22.1205 -32.5205 -58.9285 54.4006 19.0009 37.6435 -12.6346 8
-84.5594 -48.0334 -15.4450 22.9239 -35.2363 -60.3249 54.2906 19.6055 37.6607 -13.2964 4
-84.7148 -49.1653 -15.9375 23.7274 -37.9521 -61.7214 54.1806 20.2100 37.6780 -13.9583 7
-84.8702 -50.2971 -16.4300 24.5309 -40.6678 -63.1179 54.0706 20.8145 37.6952 -14.6201 9
-85.0256 -51.4290 -16.9225 25.3344 -43.3836 -64.5143 53.9607 21.4190 37.7125 -15.2820 10
-85.1810 -52.5609 -17.4151 26.1379 -46.0994 -65.9108 53.8507 22.0236 37.7297 -15.9439 1
-85.3364 -53.6927 -17.9076 26.9414 -48.8151 -67.3072 53.7407 22.6281 37.7470 -16.6057 10
-85.4918 -54.8246 -18.4001 27.7448 -51.5309 -68.7037 53.6307 23.2326 37.7643 -17.2676 5
-85.6472 -55.9564 -18.8926 28.5483 -54.2467 -70.1002 53.5208 23.8371 37.7815 -17.9295 9
-85.8026 -57.0883 -19.3851 29.3518 -56.9625 -71.4966 53.4108 24.4417 37.7988 -18.5913 6
-85.9580 -58.2202 -19.8776 30.1553 -59.6782 -72.8931 53.3008 25.0462 37.8160 -19.2532 6
