5
50
59.2618 12.0512 -7.3246 23.2210 -36.7202 1
69.1797 -25.7271 -61.2517 39.3426 75.1588 1
-60.9940 81.7385 -24.6556 80.4270 11.9166 3
-53.7358 -36.4644 83.7801 -25.2661 -91.8762 2
98.4266 -46.5323 -67.0711 60.1666 -3.3507 6
-93.8509 12.2723 -52.9563 -73.6675 -19.1659 7
-78.7851 26.2409 28.7299 -2.7643 -75.3426 8
-9.1194 -27.4470 -94.9212 -35.1680 -54.1151 1
83.4212 -10.2612 -57.9450 45.1038 15.8129 9
-25.6638 12.8779 98.6374 -66.2250 -29.2817 8
-34.8363 -90.0458 -70.3769 -47.3971 34.1396 2
-18.8951 -92.5681 39.7006 98.7407 12.7468 9
0.9282 20.5717 37.2504 -80.2644 17.8821 8
-67.3647 90.2232 7.9341 5.8338 -77.4922 8
21.5980 94.9685 36.1368 43.0184 -62.4641 1
69.3105 -64.8698 -41.9610 89.8738 34.2238 2
57.7084 -18.7652 39.9513 47.2980 17.1076 7
-14.4763 -26.9358 29.8454 96.0817 -46.1792 4
-46.4517 -46.6412 -43.3522 10.1791 52.4274 4
-85.7182 50.0533 0.1912 87.0957 8.3599 4
87.5990 76.9661 78.5491 -84.1429 63.3393 1
-77.8999 39.8925 55.2371 38.1138 -43.8613 6
52.0921 -58.7537 52.9381 27.6630 -18.6470 7
42.0377 -2.0052 83.5823 94.2112 -48.1301 3
-24.9999 40.1981 22.9954 31.3973 -21.1493 7
21.1548 -89.8068 88.9281 -72.8882 33.8520 2
41.9551 -39.3276 -47.7197 96.7038 73.2940 2
97.8603 -21.5499 64.1425 -89.9756 -61.0842 5
-49.6264 -9.6846 -42.6099 17.8640 -94.0522 1
15.6137 -19.8885 68.3320 -88.7090 22.3479 9
28.0653 -43.0942 -75.4179 -93.9889 31.4913 10
24.9617 -93.4319 -5.8096 -78.2950 42.0841 4
28.7545 11.2746 -95.8536 -18.2237 63.0386 9
66.8543 -8.9525 -71.9356 26.5265 -46.7205 5
-7.0647 -74.5882 -61.9652 -60.3494 -58.2219 8
85.0727 -0.5889 3.9159 -41.8314 -74.9062 10
24.1709 -47.7656 54.8328 80.9644 -76.8753 4
-46.1053 65.6010 -93.0497 -10.8088 83.0135 2
-34.6496 -14.8388 57.5037 -25.2719 -90.4518 1
-13.9690 -78.3377 96.9823 -11.8313 -27.1454 1
23.1838 -15.5645 -67.9527 81.0541 -33.4655 8
53.5656 -15.4903 -60.4236 21.8291 -55.3584 2
-91.0246 -63.2797 31.6377 81.1564 53.3471 3
-68.1448 59.4800 0.5320 -83.4346 -32.4517 8
-93.5400 -45.6972 -30.3365 52.0086 -0.4777 10
-69.7655 -45.1918 19.2035 85.7654 15.8578 3
-61.9533 -40.9316 59.9791 42.0465 -83.4777 2
-17.1816 -8.5703 -18.3144 -64.2350 -28.3144 5
79.2373 -8.7256 -92.4551 -69.2774 7.8202 1
-37.8657 -45.8485 -81.0982 -50.7621 13.0383 2
