10
20
15.9662 97.8839 90.2088 89.2073 95.5447 89.0367 -1.0731 -92.1070 -96.9638 25.0580 4
12.5224 97.4723 83.9534 88.3058 90.2988 87.2429 -3.3960 -91.9554 -86.6738 24.7376 5
9.0786 97.0608 77.6981 87.4043 85.0528 85.4492 -5.7189 -91.8038 -76.3837 24.4172 4
5.6348 96.6492 71.4427 86.5028 79.8068 83.6554 -8.0417 -91.6522 -66.0937 24.0968 8
2.1910 96.2377 65.1873 85.6014 74.5608 81.8616 -10.3646 -91.5006 -55.8036 23.7764 9
-1.2529 95.8262 58.9320 84.6999 69.3149 80.0678 -12.6874 -91.3490 -45.5135 23.4559 6
-4.6967 95.4146 52.6766 83.7984 64.0689 78.2741 -15.0103 -91.1974 -35.2235 23.1355 9
-8.1405 95.0031 46.4212 82.8969 58.8229 76.4803 -17.3332 -91.0458 -24.9334 22.8151 5
-11.5843 94.5915 40.1659 81.9954 53.5769 74.6865 -19.6560 -90.8942 -14.6434 22.4947 1
-15.0282 94.1800 33.9105 81.0940 48.3310 72.8928 -21.9789 -90.7426 -4.3533 22.1743 3
-18.4720 93.7684 27.6551 80.1925 43.0850 71.0990 -24.3017 -90.5910 5.9368 21.8538 10
-21.9158 93.3569 21.3998 79.2910 37.8390 69.3052 -26.6246 -90.4394 16.2268 21.5334 9
-25.3596 92.9453 15.1444 78.3895 32.5930 67.5115 -28.9475 -90.2878 26.5169 21.2130 4
-28.8034 92.5338 8.8890 77.4881 27.3471 65.7177 -31.2703 -90.1362 36.8069 20.8926 5
-32.2473 92.1223 2.6336 76.5866 22.1011 63.9239 -33.5932 -89.9846 47.0970 20.5722 10
-35.6911 91.7107 -3.6217 75.6851 16.8551 62.1302 -35.9160 -89.8330 57.3870 20.2517 8
-39.1349 91.2992 -9.8771 74.7836 11.6091 60.3364 -38.2389 -89.6814 67.6771 19.9313 3
-42.5787 90.8876 -16.1325 73.8822 6.3632 58.5426 -40.5618 -89.5298 77.9672 19.6109 3
-46.0225 90.4761 -22.3878 72.9807 1.1172 56.7488 -42.8846 -89.3782 88.2572 19.2905 10
-49.4664 90.0645 -28.6432 72.0792 -4.1288 54.9551 -45.2075 -89.2266 98.5473 18.9701 3
