2
500
-30801.1911 -30426.5694 18
-30642.5173 -30324.6280 31
-30483.8434 -30222.6865 14
-30325.1696 -30120.7451 17
-30166.4958 -30018.8036 26
-30007.8220 -29916.8622 25
-29849.1482 -29814.9208 13
-29690.4743 -29712.9793 13
-29531.8005 -29611.0379 30
-29373.1267 -29509.0964 30
-29214.4529 -29407.1550 47
-29055.7790 -29305.2136 28
-28897.1052 -29203.2721 25
-28738.4314 -29101.3307 13
-28579.7576 -28999.3892 47
-28421.0837 -28897.4478 38
-28262.4099 -28795.5064 25
-28103.7361 -28693.5649 9
-27945.0623 -28591.6235 26
-27786.3885 -28489.6820 23
-27627.7146 -28387.7406 41
-27469.0408 -28285.7991 29
-27310.3670 -28183.8577 40
-27151.6932 -28081.9163 42
-26993.0193 -27979.9748 40
-26834.3455 -27878.0334 16
-26675.6717 -27776.0919 40
-26516.9979 -27674.1505 44
-26358.3241 -27572.2091 12
-26199.6502 -27470.2676 23
-26040.9764 -27368.3262 42
-25882.3026 -27266.3847 42
-25723.6288 -27164.4433 10
-25564.9549 -27062.5019 19
-25406.2811 -26960.5604 13
-25247.6073 -26858.6190 14
-25088.9335 -26756.6775 47
-24930.2596 -26654.7361 14
-24771.5858 -26552.7947 24
-24612.9120 -26450.8532 6
-24454.2382 -26348.9118 21
-24295.5644 -26246.9703 12
-24136.8905 -26145.0289 14
-23978.2167 -26043.0874 39
-23819.5429 -25941.1460 42
-23660.8691 -25839.2046 41
-23502.1952 -25737.2631 32
-23343.5214 -25635.3217 3
-23184.8476 -25533.3802 24
-23026.1738 -25431.4388 42
-22867.4999 -25329.4974 21
-22708.8261 -25227.5559 36
-22550.1523 -25125.6145 47
-22391.4785 -25023.6730 28
-22232.8047 -24921.7316 15
-22074.1308 -24819.7902 24
-21915.4570 -24717.8487 34
-21756.7832 -24615.9073 44
-21598.1094 -24513.9658 38
-21439.4355 -24412.0244 27
-21280.7617 -24310.0830 3
-21122.0879 -24208.1415 23
-20963.4141 -24106.2001 32
-20804.7403 -24004.2586 45
-20646.0664 -23902.3172 14
-20487.3926 -23800.3757 5
-20328.7188 -23698.4343 12
-20170.0450 -23596.4929 26
-20011.3711 -23494.5514 11
-19852.6973 -23392.6100 20
-19694.0235 -23290.6685 32
-19535.3497 -23188.7271 13
-19376.6758 -23086.7857 28
-19218.0020 -22984.8442 3
-19059.3282 -22882.9028 39
-18900.6544 -22780.9613 36
-18741.9806 -22679.0199 29
-18583.3067 -22577.0785 38
-18424.6329 -22475.1370 36
-18265.9591 -22373.1956 20
-18107.2853 -22271.2541 37
-17948.6114 -22169.3127 30
-17789.9376 -22067.3713 8
-17631.2638 -21965.4298 48
-17472.5900 -21863.4884 38
-17313.9161 -21761.5469 30
-17155.2423 -21659.6055 18
-16996.5685 -21557.6640 46
-16837.8947 -21455.7226 6
-16679.2209 -21353.7812 2
-16520.5470 -21251.8397 48
-16361.8732 -21149.8983 32
-16203.1994 -21047.9568 6
-16044.5256 -20946.0154 33
-15885.8517 -20844.0740 2
-15727.1779 -20742.1325 25
-15568.5041 -20640.1911 18
-15409.8303 -20538.2496 19
-15251.1565 -20436.3082 21
-15092.4826 -20334.3668 44
-14933.8088 -20232.4253 7
-14775.1350 -20130.4839 48
-14616.4612 -20028.5424 48
-14457.7873 -19926.6010 5
-14299.1135 -19824.6596 43
-14140.4397 -19722.7181 38
-13981.7659 -19620.7767 41
-13823.0920 -19518.8352 20
-13664.4182 -19416.8938 40
-13505.7444 -19314.9524 29
-13347.0706 -19213.0109 44
-13188.3968 -19111.0695 20
-13029.7229 -19009.1280 23
-12871.0491 -18907.1866 16
-12712.3753 -18805.2451 23
-12553.7015 -18703.3037 38
-12395.0276 -18601.3623 2
-12236.3538 -18499.4208 14
-12077.6800 -18397.4794 13
-11919.0062 -18295.5379 9
-11760.3324 -18193.5965 35
-11601.6585 -18091.6551 40
-11442.9847 -17989.7136 46
-11284.3109 -17887.7722 24
-11125.6371 -17785.8307 12
-10966.9632 -17683.8893 24
-10808.2894 -17581.9479 30
-10649.6156 -17480.0064 39
-10490.9418 -17378.0650 3
-10332.2679 -17276.1235 3
-10173.5941 -17174.1821 36
-10014.9203 -17072.2407 42
-9856.2465 -16970.2992 18
-9697.5727 -16868.3578 31
-9538.8988 -16766.4163 43
-9380.2250 -16664.4749 30
-9221.5512 -16562.5334 48
-9062.8774 -16460.5920 15
-8904.2035 -16358.6506 46
-8745.5297 -16256.7091 11
-8586.8559 -16154.7677 49
-8428.1821 -16052.8262 29
-8269.5082 -15950.8848 13
-8110.8344 -15848.9434 40
-7952.1606 -15747.0019 42
-7793.4868 -15645.0605 4
-7634.8130 -15543.1190 33
-7476.1391 -15441.1776 43
-7317.4653 -15339.2362 16
-7158.7915 -15237.2947 40
-7000.1177 -15135.3533 36
-6841.4438 -15033.4118 31
-6682.7700 -14931.4704 12
-6524.0962 -14829.5290 3
-6365.4224 -14727.5875 22
-6206.7486 -14625.6461 3
-6048.0747 -14523.7046 12
-5889.4009 -14421.7632 33
-5730.7271 -14319.8217 43
-5572.0533 -14217.8803 21
-5413.3794 -14115.9389 21
-5254.7056 -14013.9974 17
-5096.0318 -13912.0560 28
-4937.3580 -13810.1145 28
-4778.6841 -13708.1731 47
-4620.0103 -13606.2317 12
-4461.3365 -13504.2902 5
-4302.6627 -13402.3488 13
-4143.9889 -13300.4073 24
-3985.3150 -13198.4659 22
-3826.6412 -13096.5245 2
-3667.9674 -12994.5830 38
-3509.2936 -12892.6416 46
-3350.6197 -12790.7001 16
-3191.9459 -12688.7587 48
-3033.2721 -12586.8173 9
-2874.5983 -12484.8758 48
-2715.9244 -12382.9344 26
-2557.2506 -12280.9929 14
-2398.5768 -12179.0515 39
-2239.9030 -12077.1100 24
-2081.2292 -11975.1686 29
-1922.5553 -11873.2272 3
-1763.8815 -11771.2857 47
-1605.2077 -11669.3443 48
-1446.5339 -11567.4028 46
-1287.8600 -11465.4614 29
-1129.1862 -11363.5200 48
-970.5124 -11261.5785 45
-811.8386 -11159.6371 30
-653.1648 -11057.6956 48
-494.4909 -10955.7542 29
-335.8171 -10853.8128 35
-177.1433 -10751.8713 19
-18.4695 -10649.9299 30
140.2044 -10547.9884 44
298.8782 -10446.0470 49
457.5520 -10344.1056 21
616.2258 -10242.1641 10
774.8997 -10140.2227 4
933.5735 -10038.2812 1
1092.2473 -9936.3398 2
1250.9211 -9834.3983 29
1409.5949 -9732.4569 43
1568.2688 -9630.5155 25
1726.9426 -9528.5740 44
1885.6164 -9426.6326 21
2044.2902 -9324.6911 30
2202.9641 -9222.7497 10
2361.6379 -9120.8083 34
2520.3117 -9018.8668 2
2678.9855 -8916.9254 27
2837.6593 -8814.9839 5
2996.3332 -8713.0425 32
3155.0070 -8611.1011 40
3313.6808 -8509.1596 9
3472.3546 -8407.2182 2
3631.0285 -8305.2767 33
3789.7023 -8203.3353 32
3948.3761 -8101.3939 39
4107.0499 -7999.4524 47
4265.7238 -7897.5110 37
4424.3976 -7795.5695 37
4583.0714 -7693.6281 13
4741.7452 -7591.6866 6
4900.4190 -7489.7452 48
5059.0929 -7387.8038 1
5217.7667 -7285.8623 16
5376.4405 -7183.9209 17
5535.1143 -7081.9794 31
5693.7882 -6980.0380 36
5852.4620 -6878.0966 6
6011.1358 -6776.1551 11
6169.8096 -6674.2137 27
6328.4835 -6572.2722 28
6487.1573 -6470.3308 4
6645.8311 -6368.3894 32
6804.5049 -6266.4479 35
6963.1787 -6164.5065 3
7121.8526 -6062.5650 42
7280.5264 -5960.6236 25
7439.2002 -5858.6822 44
7597.8740 -5756.7407 6
7756.5479 -5654.7993 5
7915.2217 -5552.8578 30
8073.8955 -5450.9164 47
8232.5693 -5348.9749 35
8391.2431 -5247.0335 24
8549.9170 -5145.0921 1
8708.5908 -5043.1506 3
8867.2646 -4941.2092 40
9025.9384 -4839.2677 34
9184.6123 -4737.3263 18
9343.2861 -4635.3849 5
9501.9599 -4533.4434 48
9660.6337 -4431.5020 26
9819.3076 -4329.5605 27
9977.9814 -4227.6191 40
10136.6552 -4125.6777 16
10295.3290 -4023.7362 37
10454.0028 -3921.7948 49
10612.6767 -3819.8533 2
10771.3505 -3717.9119 13
10930.0243 -3615.9705 46
11088.6981 -3514.0290 25
11247.3720 -3412.0876 10
11406.0458 -3310.1461 12
11564.7196 -3208.2047 43
11723.3934 -3106.2633 11
11882.0673 -3004.3218 37
12040.7411 -2902.3804 17
12199.4149 -2800.4389 40
12358.0887 -2698.4975 21
12516.7625 -2596.5560 39
12675.4364 -2494.6146 49
12834.1102 -2392.6732 42
12992.7840 -2290.7317 14
13151.4578 -2188.7903 48
13310.1317 -2086.8488 44
13468.8055 -1984.9074 25
13627.4793 -1882.9660 21
13786.1531 -1781.0245 40
13944.8269 -1679.0831 14
14103.5008 -1577.1416 38
14262.1746 -1475.2002 47
14420.8484 -1373.2588 44
14579.5222 -1271.3173 44
14738.1961 -1169.3759 29
14896.8699 -1067.4344 32
15055.5437 -965.4930 38
15214.2175 -863.5516 31
15372.8914 -761.6101 41
15531.5652 -659.6687 10
15690.2390 -557.7272 33
15848.9128 -455.7858 49
16007.5866 -353.8443 24
16166.2605 -251.9029 47
16324.9343 -149.9615 49
16483.6081 -48.0200 6
16642.2819 53.9214 4
16800.9558 155.8629 36
16959.6296 257.8043 15
17118.3034 359.7457 39
17276.9772 461.6872 5
17435.6511 563.6286 32
17594.3249 665.5701 18
17752.9987 767.5115 15
17911.6725 869.4529 33
18070.3463 971.3944 24
18229.0202 1073.3358 28
18387.6940 1175.2773 45
18546.3678 1277.2187 8
18705.0416 1379.1601 43
18863.7155 1481.1016 42
19022.3893 1583.0430 2
19181.0631 1684.9845 47
19339.7369 1786.9259 35
19498.4107 1888.8674 18
19657.0846 1990.8088 40
19815.7584 2092.7502 26
19974.4322 2194.6917 17
20133.1060 2296.6331 36
20291.7799 2398.5746 3
20450.4537 2500.5160 32
20609.1275 2602.4574 40
20767.8013 2704.3989 19
20926.4752 2806.3403 1
21085.1490 2908.2818 20
21243.8228 3010.2232 25
21402.4966 3112.1646 40
21561.1704 3214.1061 45
21719.8443 3316.0475 37
21878.5181 3417.9890 38
22037.1919 3519.9304 24
22195.8657 3621.8718 46
22354.5396 3723.8133 23
22513.2134 3825.7547 23
22671.8872 3927.6962 40
22830.5610 4029.6376 21
22989.2348 4131.5791 20
23147.9087 4233.5205 31
23306.5825 4335.4619 46
23465.2563 4437.4034 37
23623.9301 4539.3448 13
23782.6040 4641.2863 23
23941.2778 4743.2277 5
24099.9516 4845.1691 13
24258.6254 4947.1106 44
24417.2993 5049.0520 10
24575.9731 5150.9935 49
24734.6469 5252.9349 46
24893.3207 5354.8763 14
25051.9945 5456.8178 38
25210.6684 5558.7592 45
25369.3422 5660.7007 14
25528.0160 5762.6421 24
25686.6898 5864.5835 37
25845.3637 5966.5250 18
26004.0375 6068.4664 20
26162.7113 6170.4079 34
26321.3851 6272.3493 36
26480.0590 6374.2908 25
26638.7328 6476.2322 5
26797.4066 6578.1736 45
26956.0804 6680.1151 13
27114.7542 6782.0565 10
27273.4281 6883.9980 22
27432.1019 6985.9394 39
27590.7757 7087.8808 11
27749.4495 7189.8223 40
27908.1234 7291.7637 47
28066.7972 7393.7052 34
28225.4710 7495.6466 27
28384.1448 7597.5880 9
28542.8186 7699.5295 48
28701.4925 7801.4709 43
28860.1663 7903.4124 30
29018.8401 8005.3538 49
29177.5139 8107.2952 19
29336.1878 8209.2367 29
29494.8616 8311.1781 48
29653.5354 8413.1196 6
29812.2092 8515.0610 35
29970.8831 8617.0025 3
30129.5569 8718.9439 40
30288.2307 8820.8853 1
30446.9045 8922.8268 2
30605.5783 9024.7682 37
30764.2522 9126.7097 6
30922.9260 9228.6511 16
31081.5998 9330.5925 29
31240.2736 9432.5340 39
31398.9475 9534.4754 19
31557.6213 9636.4169 39
31716.2951 9738.3583 36
31874.9689 9840.2997 35
32033.6428 9942.2412 20
32192.3166 10044.1826 3
32350.9904 10146.1241 39
32509.6642 10248.0655 4
32668.3380 10350.0069 36
32827.0119 10451.9484 12
32985.6857 10553.8898 43
33144.3595 10655.8313 36
33303.0333 10757.7727 45
33461.7072 10859.7142 19
33620.3810 10961.6556 16
33779.0548 11063.5970 40
33937.7286 11165.5385 20
34096.4024 11267.4799 38
34255.0763 11369.4214 33
34413.7501 11471.3628 17
34572.4239 11573.3042 6
34731.0977 11675.2457 36
34889.7716 11777.1871 45
35048.4454 11879.1286 7
35207.1192 11981.0700 38
35365.7930 12083.0114 2
35524.4669 12184.9529 6
35683.1407 12286.8943 24
35841.8145 12388.8358 29
36000.4883 12490.7772 30
36159.1621 12592.7186 18
36317.8360 12694.6601 28
36476.5098 12796.6015 23
36635.1836 12898.5430 8
36793.8574 13000.4844 30
36952.5313 13102.4258 22
37111.2051 13204.3673 35
37269.8789 13306.3087 12
37428.5527 13408.2502 1
37587.2265 13510.1916 42
37745.9004 13612.1331 30
37904.5742 13714.0745 25
38063.2480 13816.0159 13
38221.9218 13917.9574 23
38380.5957 14019.8988 35
38539.2695 14121.8403 15
38697.9433 14223.7817 22
38856.6171 14325.7231 43
39015.2910 14427.6646 42
39173.9648 14529.6060 48
39332.6386 14631.5475 16
39491.3124 14733.4889 3
39649.9862 14835.4303 41
39808.6601 14937.3718 49
39967.3339 15039.3132 47
40126.0077 15141.2547 22
40284.6815 15243.1961 21
40443.3554 15345.1375 47
40602.0292 15447.0790 2
40760.7030 15549.0204 31
40919.3768 15650.9619 19
41078.0507 15752.9033 12
41236.7245 15854.8448 49
41395.3983 15956.7862 11
41554.0721 16058.7276 34
41712.7459 16160.6691 26
41871.4198 16262.6105 21
42030.0936 16364.5520 34
42188.7674 16466.4934 47
42347.4412 16568.4348 6
42506.1151 16670.3763 6
42664.7889 16772.3177 4
42823.4627 16874.2592 37
42982.1365 16976.2006 25
43140.8103 17078.1420 28
43299.4842 17180.0835 13
43458.1580 17282.0249 35
43616.8318 17383.9664 39
43775.5056 17485.9078 34
43934.1795 17587.8492 25
44092.8533 17689.7907 4
44251.5271 17791.7321 21
44410.2009 17893.6736 4
44568.8748 17995.6150 1
44727.5486 18097.5565 16
44886.2224 18199.4979 41
45044.8962 18301.4393 35
45203.5700 18403.3808 36
45362.2439 18505.3222 40
45520.9177 18607.2637 36
45679.5915 18709.2051 18
45838.2653 18811.1465 4
45996.9392 18913.0880 9
46155.6130 19015.0294 39
46314.2868 19116.9709 9
46472.9606 19218.9123 28
46631.6345 19320.8537 17
46790.3083 19422.7952 47
46948.9821 19524.7366 2
47107.6559 19626.6781 37
47266.3297 19728.6195 20
47425.0036 19830.5609 14
47583.6774 19932.5024 32
47742.3512 20034.4438 46
47901.0250 20136.3853 46
48059.6989 20238.3267 5
48218.3727 20340.2682 16
48377.0465 20442.2096 27
