2
500
-22661.3843 -2507.9866 36
-40769.4040 40665.8408 14
5677.7536 -39455.5728 2
11799.7330 -3081.2256 4
-24675.6588 45880.3112 2
-201.4604 44503.4966 25
-11391.7510 43151.4516 45
-39766.2541 46229.2257 15
13855.3711 -19253.6043 21
-17337.9843 11002.7718 23
45734.7104 -18957.0383 8
461.1250 4871.8622 41
37658.5141 -5254.1370 6
31082.1922 -43988.7980 36
3691.7083 -37277.8926 33
13599.2108 -45126.7106 30
23434.6390 -4778.2251 49
-41307.1457 41453.8749 31
23477.0108 19354.1528 31
40986.0075 21967.1871 14
17705.8435 39564.5458 22
-23199.6903 -39210.4978 22
40502.3369 2904.2648 23
-48482.4847 20863.0680 4
48645.7140 35124.5104 40
25072.1503 -22362.9927 30
-3042.1325 22977.0801 11
-37915.9418 -35737.4293 33
49408.6611 -15509.2219 21
47555.4674 -9155.3633 33
6867.3071 -14856.5680 45
5825.9772 -12418.0780 8
-33835.7273 15949.3084 9
-32594.8742 44814.1351 14
22916.6109 5252.7776 2
25440.1147 -35061.2979 9
22270.2399 25510.9742 39
36447.0508 -48123.0150 17
-45512.2381 -18382.9584 22
-16754.4585 -45958.9227 7
-28478.0914 -27892.4742 37
29453.5164 -3785.5535 28
41996.2537 43592.6733 13
-10416.8271 36341.6405 5
-7146.7460 -11920.8730 17
38761.1239 29938.7422 29
7232.8586 -38715.2675 26
-8853.7784 -16582.6467 37
32290.2034 -17269.1041 26
48670.6195 -15227.3490 20
-36439.1669 16169.2473 32
13752.1906 13960.8494 46
18310.9869 -37680.9759 35
-2254.4528 -11386.2738 35
32186.1994 -40888.4612 19
-27708.9443 -40407.5433 10
-21822.9477 7705.9448 18
27938.2754 -48664.4768 5
4228.7788 48282.4720 4
17343.1623 -46835.5836 15
18988.1613 -24889.2120 16
45096.9876 -22457.2724 44
44509.9222 18946.1863 34
22380.1456 -41624.0927 36
42947.7895 -7718.5084 4
36055.8227 27657.5104 27
-26191.6585 -47587.1379 36
-24596.1702 -21160.3190 40
17150.3621 -16464.7041 46
-3540.4637 -3202.1107 9
33270.4895 -29843.3247 20
-25695.6002 -3418.2070 21
47259.5674 -23665.4470 37
-26731.5215 -49992.7330 21
-44983.4218 23456.0805 17
-42172.2108 -3221.1037 23
15558.7233 4742.6820 15
-21342.8575 37910.1964 31
18179.8522 13578.9189 2
29149.3780 -36721.4461 19
32011.6215 -14680.3560 28
-4208.7097 -2232.5075 18
-31254.0936 -6587.6368 19
43712.2921 39366.3225 40
-19232.3375 43531.2614 49
-47199.1473 -21640.4732 1
-18910.9497 20432.1720 13
-45039.6628 -37173.1927 34
-19515.0200 44558.9472 45
2822.4458 19388.2290 41
-10736.0674 -36502.7192 36
45324.0082 8347.0698 31
18645.2191 -328.5691 23
49273.0341 27911.8820 48
13435.0557 -23427.2693 49
-49691.5963 39865.6979 22
-31848.0619 -3947.4949 4
39396.8930 24617.0957 17
-38137.0132 -26591.4185 5
20726.4335 -34976.6063 26
-24942.4741 19480.9448 43
-7212.9730 23472.5108 14
-4674.9651 -22755.3928 13
-35263.3182 -420.0054 49
43720.2792 568.1714 46
-1627.3478 35876.7681 46
31308.0358 38633.4138 46
5221.6367 -49764.6959 1
-22396.4939 -29209.3056 15
-29849.6830 -39314.6076 19
-19846.4385 8904.1461 21
-30172.3950 -3913.6728 6
-46976.7355 -34659.9069 27
-13645.3309 19612.1803 31
-49256.7513 -5700.3258 32
-2619.6998 27824.0267 49
10648.9077 29357.9198 28
24793.9010 45174.5147 19
24271.1167 -15891.0326 5
39344.8371 -10639.2401 32
30836.1828 1065.6121 11
-29788.0188 -45533.0004 12
-29402.1906 -32307.5712 35
-39484.3223 42803.2374 36
42911.5318 20729.0831 26
-22016.1661 12814.9034 40
-36226.6264 34888.6923 9
39691.5424 -25669.3280 43
-6705.1874 49412.8678 7
21916.2360 9780.1387 34
30194.4443 16257.2925 8
11383.1662 11297.6627 14
-41378.6684 -26849.2471 38
-18290.1430 -37215.7282 36
7994.0524 -5243.8210 23
22713.5721 33831.2525 40
36119.8623 16948.9366 8
34175.2408 28785.5529 18
-18376.5209 10124.6287 43
-11966.3972 -36254.8391 2
-17598.2150 24893.1850 6
45883.3632 -43350.7435 17
-864.5621 -5214.6381 20
-2648.8211 -3068.4839 24
-16347.2382 -2789.7059 17
-13075.8170 -26404.8025 43
-6083.9052 24747.6979 43
-45094.8444 39343.5824 25
42156.4616 -24635.5878 27
-39991.3556 -8321.1952 19
-46652.1902 4487.5749 1
27605.9007 -24020.9610 41
-31956.8205 -49219.6432 17
-40699.3964 -17334.2314 39
-41035.0104 11798.4582 9
29029.4109 29059.7697 3
48091.7456 -30982.9915 20
23634.9893 38397.0494 36
35248.9477 -48908.1444 4
-23310.6440 44130.0647 45
41684.1852 29976.7742 42
24058.8082 -6663.5079 30
-39472.3531 -548.6580 39
-35915.7110 -45491.9290 16
-39465.8261 23068.9359 29
-20209.7569 -31443.1259 46
-6225.2422 49939.5858 9
48127.3367 23577.8792 1
21920.7733 32528.5204 20
-5606.3250 31283.9904 25
39945.6248 -41621.1457 33
-32191.7635 29340.9030 49
4806.9165 26833.9332 6
4490.1011 36687.0119 39
43995.0345 20896.3319 48
-3827.9301 805.0319 19
-28236.0526 32530.4431 43
43719.2364 18922.3117 28
-2087.6038 25552.6383 16
-36542.2234 -11790.2335 11
46927.9045 31915.6019 6
18647.0921 -36519.6742 2
-30380.3442 -32460.4554 46
-38944.3927 43519.7727 46
33091.8464 -18537.9759 6
23595.2627 14355.3887 23
17034.4770 6206.9310 7
-44448.3958 -18168.1595 24
4314.8834 -21237.7955 4
49161.3617 -17397.7703 20
-7896.9307 26288.9698 10
33886.4211 -9277.1991 45
32348.6748 -35011.4912 24
41972.3649 26935.0387 37
-12479.8601 -5594.1116 49
-26703.6155 -45835.3210 48
2587.6003 -36426.1420 6
35901.3645 37114.9554 7
11840.1916 11439.8536 48
19631.3474 15894.2406 13
-35688.1996 -27515.3536 2
-44888.8701 -40502.5711 3
27707.1804 37259.4171 9
31547.9904 2734.9601 22
45966.9984 5821.4711 37
-8581.6650 23667.8201 8
-37826.2346 -48224.6990 5
-36453.1015 -34141.2545 35
44224.4001 10773.6195 39
20748.4777 39283.9573 20
-12171.2980 -33218.9633 1
25807.0691 -26693.5487 31
11508.9074 18996.8878 47
-17568.6417 7339.9538 38
-835.4625 2112.1050 6
-41326.7128 40298.7558 46
28852.6826 -17037.0300 49
-23768.5901 21330.1881 30
-32007.5457 -44899.4161 38
-45688.3460 46166.9152 17
-27538.3834 -27747.0726 24
-19935.0539 3585.5833 24
-37462.6016 -28458.5513 14
-17358.7148 -47804.7784 3
-19410.8706 16323.2874 38
-44724.3899 -40967.4861 48
-17724.2181 18110.0979 36
35075.2840 16050.3466 3
-49385.0902 -480.8261 1
28123.3885 -5996.1879 16
3776.1790 -49197.2115 12
-45236.5303 33421.7614 36
5229.9042 30667.1243 38
-37081.1207 41250.8261 30
31704.4338 -7553.3424 20
28220.9702 12125.8939 7
11500.0717 -34700.0003 35
-18119.3217 38924.9490 23
-36391.2827 -45884.8277 45
-27621.0239 -5884.1475 35
-43612.3804 18751.2457 1
24106.5287 -30860.5902 20
-1095.6778 6594.1680 16
26660.4221 37052.3588 17
-21001.5998 -33833.7350 41
45976.2762 -30882.4838 31
-44270.4494 -24656.2270 2
-29125.7690 42849.2995 42
32670.1746 1234.0089 1
12920.5114 29815.1117 37
4793.0589 -5773.8136 22
-2835.7432 -46328.3229 3
-16590.4115 27525.8386 28
47158.8378 -20085.1269 45
9257.6725 47739.4161 8
-48770.2316 -5744.7126 25
-16789.5132 -44753.3504 22
-15331.1588 13914.1476 43
-9499.8647 -46287.8341 40
48732.4808 10882.9076 12
-44332.2793 -30651.4779 36
43974.9513 -19668.6751 34
31140.9142 -42739.3844 35
-20176.2234 -35936.5521 20
-8621.9722 44766.4076 36
26033.2813 20672.2916 27
-38594.5003 -640.9536 8
-22724.9012 8831.9327 11
33096.1764 16062.7869 32
-26544.6914 41654.6823 27
-16856.5379 722.3939 21
44951.3738 -728.9501 39
42242.4081 32146.4525 25
-29781.5939 -40134.6115 46
-8777.8983 -17232.3121 32
-28697.2846 49689.1059 12
43443.6919 1471.0052 21
31110.2265 15579.6908 38
24971.7758 -44328.8415 34
-38175.3723 5635.4388 31
-18246.1967 -24490.5410 4
41940.9652 -25361.6890 35
35008.8017 -17354.7909 17
29420.6734 46889.0047 23
18064.4002 -21044.8687 39
21727.6673 33118.3048 40
15363.5942 42590.0421 42
-46958.4814 36296.2536 13
28298.8885 29323.0008 31
-13904.8585 23754.6127 16
34237.0367 41167.0767 21
9977.6784 11782.9807 42
-48609.4491 -28042.9599 49
36976.3430 44830.0024 31
42578.6307 -40762.4522 13
5368.1094 -45761.1213 11
16672.3239 42693.1932 32
18408.1566 7706.8518 25
30831.1045 27771.8374 30
5315.3252 -15824.8706 45
-22097.8131 -20587.7705 15
-39923.4932 -41069.1949 21
-16101.4163 -18698.1706 21
9246.8862 -39617.7071 22
31066.8079 -41776.1920 31
-39637.6338 -39855.0693 48
-15226.2061 708.9850 6
31730.1375 -8898.2777 14
16030.9076 -45802.7020 24
7833.2370 -31401.8257 48
30483.0395 3191.5168 48
-24673.5777 -1158.5078 33
-46786.3637 -41592.1086 31
11328.1430 3686.7643 24
2857.4630 903.0973 21
-44530.8310 -28846.1493 31
45962.9799 -12926.6825 39
6023.1974 -43705.6714 24
46694.6581 30732.6398 31
40874.2423 -34243.5450 13
-47506.7096 -14568.6254 27
13287.6388 -49462.2298 8
-5007.6386 41184.4921 34
24287.2225 10232.8687 3
37076.6979 20064.9006 45
-34491.8425 -29910.1586 15
31072.9082 12116.3995 37
12806.5428 37576.8561 5
20832.2093 -26840.8326 9
29699.6112 3817.3921 46
36048.9861 -25042.5014 18
-1578.8428 -28785.7816 25
880.9490 -16910.0613 6
-7817.3198 17084.3806 23
26918.1030 -1617.1974 5
30645.9640 28218.6809 20
30614.9941 33073.6356 49
-19273.0001 -14270.1222 37
-42187.0321 24024.3304 4
561.4892 -1355.6113 13
10245.9362 33066.5708 42
39253.0872 43675.1614 10
45206.6443 -45000.3360 37
-14149.5443 36425.4010 13
136.1946 16571.2288 8
28535.1537 24881.8816 27
-6910.3290 34976.4633 17
-11782.4288 12531.7658 11
44530.5832 -41198.0055 30
-32011.5986 -22692.3034 36
46730.8478 40228.3676 27
36115.3895 4081.5072 2
-46961.6808 10161.2354 34
-39530.8540 -23706.2774 44
13470.7274 -11869.7877 9
-35213.8049 46264.7207 43
-36474.8187 36143.4370 38
17602.5598 42212.8316 48
-28970.2266 -21020.5002 2
40123.7302 -47318.5999 27
-25057.2280 33208.8433 48
-40341.5700 25366.5121 15
-45295.3792 -39650.7225 19
-40415.5049 14280.9914 6
-5728.8834 -37730.5884 13
-44583.5677 45381.2282 31
28056.7912 -19919.4274 22
22839.0146 5140.8746 10
-30711.8247 22456.6738 46
-3688.4470 -3935.2156 27
-13243.2696 -41189.5167 32
-24632.4687 -4009.2924 48
20837.5646 26516.1665 24
6317.7725 -41828.2233 5
-5860.1221 -9897.4690 11
-4851.9734 -31163.5074 36
37988.2920 -48679.8064 39
706.9335 -400.8731 2
37423.1211 -19980.3245 18
-35918.2076 -22419.7309 2
27026.2713 11994.9866 43
-25999.4738 15627.1515 22
11399.5723 18209.9496 42
40537.1578 17456.5298 43
-41231.6984 3934.8922 32
37875.9241 -5580.6521 45
-9984.4110 -30253.8521 35
49355.0451 26874.5502 3
-23728.3125 -5012.0221 42
6683.6686 48800.2995 6
-44999.7771 -35108.7733 31
32162.5794 47421.3945 22
-43312.4897 49058.8532 48
6041.7961 -17341.7314 12
8002.7602 30081.5134 18
-38913.1345 29430.9935 11
-21692.3603 15756.7128 39
13765.7483 -17427.1735 34
-23660.8827 38377.8542 23
-29792.0053 20935.6088 39
28612.2111 -20815.0283 44
-45863.3504 23601.7959 12
-32165.7885 17609.4507 45
47667.8621 -23348.0274 32
-43863.9169 39700.4829 1
41861.4428 -2085.5782 11
16153.3899 10596.5010 28
-5285.6533 32385.7726 46
8976.6650 11193.6347 37
46720.9220 -14971.0656 25
46599.8534 25381.7901 29
-32152.3977 -37412.2694 36
20720.4372 49376.4005 23
-38288.9681 -12407.4159 16
-43430.5983 -6082.5049 49
33017.3464 329.6276 46
-45965.9587 -6487.9198 10
-40720.3972 -44771.1796 8
27570.0586 -3822.9053 18
20.8931 15607.4152 38
48871.0993 -32627.2063 19
9180.0166 34027.2121 33
-21639.3449 -7647.4837 44
31630.0384 -27770.7126 8
-2643.9991 44224.3425 46
-11599.2595 -43651.8702 8
38257.4016 -26719.8209 2
22450.7282 8431.7209 45
-14376.1198 9509.0697 6
2282.6368 49466.4195 28
-13413.7502 -33253.5938 14
38688.2664 -38043.9094 16
-6875.9212 -36611.6029 28
29374.7110 33249.7622 5
43985.9289 -9812.3051 47
5923.0096 -17739.0109 19
-49055.4595 10121.5414 26
33483.8457 -4246.4614 13
-5771.6663 2058.4538 40
-13453.9127 -782.9550 34
4336.2098 -7464.8118 23
12536.9251 -33286.3083 3
42674.6215 12179.8902 47
-32353.6757 15625.1878 30
40945.1777 -37755.0535 21
-10266.9371 13695.5094 12
49882.3566 -28338.2654 37
12608.0353 -21248.2325 22
47325.8822 30691.1337 25
-40545.6674 -47687.0869 36
48818.8102 31093.5630 13
28145.6644 -20076.0093 39
-38988.7782 -44366.0217 41
-19567.9469 -24758.2601 33
33782.4472 -22935.0173 49
7290.0841 38945.8715 30
-16151.4381 -32457.3211 32
-14587.5177 12958.7384 5
-31745.8725 -17601.9928 43
38766.5604 22163.7243 1
-25730.9749 42240.0791 7
24798.5452 6345.0489 39
11663.4025 -37208.0565 23
9183.2937 -2816.9920 32
48753.1066 38820.7997 16
9561.8149 -9454.8360 33
16513.9452 8672.4574 16
-594.8014 -32199.3996 49
22795.1072 24836.2776 25
-47455.0297 -30967.4651 48
-30811.0440 -31502.2645 38
-30965.5649 -8606.9423 34
-30650.5013 16682.3654 37
9282.2200 -33306.9257 37
-24616.8165 23732.1786 24
17308.2787 -15366.7001 24
-45048.8435 -22040.8155 25
-43376.8044 -8992.9780 5
24207.3699 -47087.8532 29
8636.3813 43205.1685 44
34214.0540 8278.1434 17
32262.1233 43894.7968 33
-13391.7745 -44466.7285 14
30611.2240 46209.4900 39
-11522.3914 21522.6577 1
-11726.8912 -19293.0642 9
-21275.8129 -45982.5730 48
-16696.0581 -7437.4766 12
-37298.8202 -33008.1058 29
-42803.8708 15742.4259 22
-16774.4326 11822.8551 6
4695.8611 7241.2750 7
-38236.0205 28102.4489 49
-11109.7995 -32309.3442 24
38655.4202 7484.5580 42
24154.5719 -23736.6241 39
-1186.6435 -6433.0576 3
-36730.4348 40188.4464 36
23974.0922 -19070.1957 26
49122.7122 -30333.3301 6
