10
50
-11.6076 -0.8769 10.2913 15.2047 8.2755 9.7583 -0.0359 -5.8236 14.7040 -11.4310 9
1.2094 19.2948 15.0219 19.7012 0.7372 -8.2938 -4.2944 -13.2348 -0.0072 0.1023 2
10.0478 6.7641 4.0876 9.1251 -11.6623 15.7509 7.6442 5.8143 -2.8965 2.1277 7
12.6837 17.4214 -12.2901 3.2639 -2.0368 -11.9290 -8.2189 -5.3170 -1.7114 8.6005 9
0.8297 3.7948 10.8629 4.8890 -14.7404 -10.4721 -8.9640 -20.6766 10.5611 18.5739 8
0.4973 9.7949 8.1486 8.7976 11.2996 11.1601 6.4633 1.8919 15.8979 -2.1788 1
-18.6739 -3.6416 19.8584 14.4146 2.1696 -0.2404 -21.5003 17.6811 1.3418 3.8259 5
-9.9486 4.7400 9.6617 25.7636 15.8117 -7.5707 -17.7405 26.4398 3.3438 10.7614 4
9.8187 10.6307 -15.5238 7.0327 -17.3507 -14.1902 12.4932 -9.7328 11.6579 -11.6946 10
-15.6958 1.8591 -1.8505 9.3843 -6.4242 12.4785 5.3173 -1.0874 3.1581 1.6314 10
1.7625 -8.8867 -8.1777 10.1034 -11.3322 5.0549 12.6483 -10.3031 10.1491 -8.7707 8
-6.7743 0.4024 -4.0010 24.6384 -9.1802 -6.7835 2.9685 -18.9294 -3.5201 -1.0833 10
-0.4407 6.7218 -21.5996 12.9628 21.5817 -28.5049 0.4789 6.0843 0.3139 1.5457 9
2.4584 4.3000 13.7937 6.0906 -27.2180 -4.6277 -4.4525 0.8226 -11.6755 1.2385 5
6.1037 6.6626 -0.8261 5.4926 10.4398 12.1306 -3.3756 0.5329 -10.1336 -10.7854 6
1.7659 17.1745 2.3168 8.0424 -10.0278 -7.8068 -0.3789 -2.4306 12.9587 -7.2854 4
-13.2729 -2.8924 22.3871 18.3865 1.0762 -6.1629 -22.2669 -16.4876 1.4738 4.5426 9
10.5559 12.0003 -1.0909 16.9002 -3.8260 -18.0577 8.5666 7.1066 17.1275 8.9485 7
12.4206 -7.0445 18.2673 -7.2994 18.5961 5.5148 -4.5479 4.2780 13.4815 14.0727 6
1.9677 -1.0003 -0.6132 31.9222 4.7583 -7.7222 -7.1774 -9.3163 11.6403 19.8049 6
16.0247 -11.0058 14.3210 4.8064 -20.2573 4.1743 8.5828 -0.9578 5.9834 -11.4289 3
-16.0997 21.6159 11.1491 7.6045 10.5070 -3.8123 -4.5757 -4.8255 -17.5043 15.1173 2
12.0057 13.7073 -3.8023 8.1892 -9.6814 -1.6482 3.0498 4.2176 6.4761 1.0273 6
14.0099 7.9930 -4.0848 2.5157 -16.9042 3.7955 6.0303 3.7118 9.0675 3.7830 5
-9.0930 10.5666 -3.0552 7.0353 17.8807 -13.2468 -14.7650 2.9126 -1.6572 27.7404 1
-5.7816 25.7413 -2.2516 17.0273 0.7904 2.1381 18.5034 3.2169 -19.5333 10.3782 9
-4.8953 4.1860 2.4969 3.1078 7.3367 -20.3219 -13.7237 0.9948 -21.2586 17.4008 5
-16.4472 17.7549 1.9558 22.4663 11.4759 -9.1899 -8.4494 8.0720 19.0059 -12.3556 7
3.0800 6.9004 -7.7059 16.8599 15.2199 6.5971 1.7920 -10.2130 -19.8965 -7.0341 4
1.7864 5.0876 0.3287 -26.5385 18.3353 12.7890 -9.3775 -5.8333 4.7512 1.3428 1
1.4174 -2.4916 4.9666 19.3782 -6.5787 -0.9277 1.4957 -21.1403 7.6503 15.2553 6
9.2396 7.7340 -16.3494 3.4981 7.8569 -4.9540 2.9124 -9.1641 9.1534 6.5309 2
15.7881 11.1991 -2.5231 -9.8764 -11.8086 -7.8006 -4.5716 -2.0214 13.3820 -3.0885 9
-21.2345 6.5035 3.3141 17.0703 5.2866 -13.9678 5.9438 5.8244 -11.0027 4.5215 2
21.0907 21.4500 5.2666 2.7939 -6.8800 -6.0286 -9.6421 -11.2708 24.6600 -17.7142 1
20.9350 8.3386 -5.7073 -8.5920 -0.1654 -20.6490 11.2484 9.2537 -4.6793 0.1990 8
-4.9570 13.1213 20.5142 11.2866 6.9868 -12.3615 15.6392 -6.4517 -30.8439 -3.1233 8
-2.6642 12.4491 1.4583 -4.2687 12.7144 15.4653 -5.3892 -3.7660 -3.1092 -11.0520 2
-14.3585 9.0850 2.5600 0.8593 29.9294 -17.0166 -17.8148 -6.5557 -13.2080 -8.3398 8
1.1840 -6.7069 -10.1811 11.2731 -0.0424 5.3173 8.0722 3.4766 8.7814 -3.4727 3
-0.2479 -4.2233 -13.5462 -8.8345 2.5487 -3.5745 -0.4583 -10.9910 -4.0636 5.5379 5
-17.3930 18.2680 20.6867 3.6061 6.1798 8.8385 -7.1480 -8.6921 1.2224 -9.2059 3
-7.2642 -2.3830 17.3759 20.5305 1.4967 -3.5968 3.6564 6.6768 18.4001 2.3586 5
-6.9048 12.4569 -3.6893 20.8370 -0.6993 -14.0739 -6.6639 -1.4769 4.7559 -1.6739 3
-3.3684 -3.1269 -16.0959 12.5178 1.8655 -13.0393 -35.3947 14.2350 2.5457 6.4464 4
-14.5874 11.3605 -9.5342 10.4366 0.3387 -1.6149 8.5916 -3.0935 8.0431 -3.1875 4
-2.1507 11.3412 6.9524 14.4174 8.0861 -7.7695 -6.9515 -16.0338 13.9346 -10.8579 10
-9.0656 -14.6655 0.1464 13.0580 -11.3221 -1.9509 3.5383 4.9434 -11.2867 -1.2184 8
-3.7590 -10.2227 -10.7217 11.4701 2.6083 -6.2923 -20.8448 9.9360 -5.3519 -2.1245 1
-8.2520 11.9264 13.2020 20.0814 10.9700 -4.2074 -1.8104 8.5998 -23.3558 -0.8536 9
