2
2000
7228.6885 9662.9082 40
-4556.9367 3800.9657 8
-126.2105 -1505.6646 24
-5304.0906 7563.6546 21
-1475.0274 -1744.2799 49
-4683.7622 1885.6096 24
5656.6435 7061.7250 19
7825.0431 8220.4588 31
2717.7440 -3239.8832 37
8751.4026 -1894.2119 17
2949.2361 -2499.1353 30
4304.5469 6777.3714 42
-5483.8130 -9645.6124 27
-7133.4376 6424.4178 43
2647.8962 -1625.4765 14
658.9234 -8873.1890 28
-7133.7870 -8946.5989 39
4695.6345 -1325.3521 30
7532.8204 -2707.4635 31
1307.7656 4864.3469 48
6359.9874 -5877.0117 24
4389.7912 6627.3768 8
-2915.8234 -6751.2753 46
8293.5092 -7156.3140 26
-3413.3260 -4979.3803 47
881.5985 -2898.7119 9
-1226.3023 -5250.2658 2
5139.2228 -6146.0975 3
9304.3864 -5965.5278 14
-3311.2985 -7318.9319 47
-8701.3540 8066.2063 41
-6598.3170 6461.0751 30
-4354.6499 6086.0199 2
4134.7488 3.3579 46
-6524.4362 2087.1560 4
-3006.8119 -3916.2777 28
-8464.0249 5558.3054 46
1202.6049 -1120.8353 7
-255.0246 3997.3754 12
3911.5041 -5080.1247 15
7369.7747 -6943.0922 48
-7351.0176 -5712.7024 27
-3006.9190 5745.3493 6
-9634.1126 8110.9454 37
4579.4724 4819.8834 28
5913.7766 -342.1743 1
7242.6130 2078.9910 7
-8798.1924 8093.2147 6
5437.4366 3600.1924 3
-91.6682 9846.4170 6
607.4487 2972.2921 7
4220.8627 -1495.2979 46
-6787.9205 8925.7019 1
5133.2074 3979.0749 41
-6447.3197 806.9698 5
9639.8830 -1424.7517 45
1469.6483 -3190.2445 26
-9002.4605 -795.3123 26
-6343.8929 1724.0743 32
-1103.8462 -5480.8193 42
-4158.5342 -7551.3830 32
-6660.3779 1041.8640 10
-1766.7055 8277.9490 26
-8374.1246 -8595.3797 29
4846.2207 -7086.1001 9
9047.2500 -2087.4615 45
-9476.5760 3598.9722 35
2869.1904 -2986.2671 27
-3077.3899 -1801.5896 26
-7099.5258 -7321.6833 47
2982.4480 -3394.9464 33
-4637.6969 3118.3422 30
-1003.8920 -9668.2336 10
-7064.0200 1574.8930 41
-8039.5171 -9534.8306 48
-5624.1728 1849.9769 14
-6597.7223 -7695.2704 14
-3976.0896 -2545.5528 39
-1958.5679 -8216.0454 35
-9828.2237 -50.5601 9
1828.1567 -4924.0861 12
7311.3426 -7389.4780 36
-2634.5838 -1528.7395 1
9699.7228 -1972.3442 27
-6598.4691 2869.8684 1
-5317.0155 7216.9173 44
-1017.8484 -4845.8121 42
-2963.9230 1942.7394 44
3074.8354 4194.2860 37
7006.4732 -5291.7519 44
-3489.3046 -9652.2922 20
6220.1874 2723.1218 2
9296.7477 9745.5534 29
2670.5470 8790.6524 47
-1064.3896 2704.6569 12
-3979.2867 -6822.0317 10
949.9817 3903.9274 38
732.5227 -3054.6584 17
3910.5980 -6840.5529 4
4837.5776 4793.5436 44
7353.5819 7913.3013 23
5964.0233 9257.7139 16
-7751.5851 9934.8408 28
5762.7338 7776.3219 16
180.8167 7984.2862 10
7720.3597 6547.5265 48
-1289.6086 9071.7077 36
2979.4113 -1842.2022 35
2916.2272 -7263.2974 11
-3953.9660 -8122.0961 41
-5776.3194 -9096.6429 23
-2927.1146 5106.0126 6
8463.1746 -1751.8065 26
7104.2473 8177.9503 48
-2686.8922 -2687.5823 17
554.8906 7157.9904 15
5212.5392 -1805.7490 10
8383.9031 893.6813 22
-2245.9048 -3400.0017 26
-208.0675 -6657.8829 27
5040.9427 -4124.5503 20
-5683.2634 3499.0582 1
-7591.1921 304.1381 48
6387.3798 3171.4636 31
5239.3593 -1185.6179 8
363.2679 -5469.7127 19
-7725.7724 -1118.8800 46
-6419.3882 -323.3002 22
-3267.1372 -1375.4714 26
-8404.8754 -1046.7967 33
-9815.0925 -9244.7334 23
1594.6614 -6929.6430 6
9939.3247 8747.0300 21
6262.2088 -1217.5717 17
3993.5379 3122.5148 40
-270.9053 6355.7309 24
5751.4954 -3695.7596 26
3860.9084 1177.3692 49
-2426.7716 7129.0619 6
8155.4043 -1673.2174 46
639.4828 6457.0507 47
-4945.9413 -4640.3134 29
-4128.7710 -2567.2004 33
-9856.5855 6870.7257 4
9671.4467 9326.9799 25
6677.5366 3633.5461 43
-1494.1778 783.5966 5
5080.0591 -6871.8266 27
-2323.4747 1532.5364 33
-8070.2184 8967.4018 2
-4012.4001 -3750.3420 5
-2733.9129 -4760.9903 23
-533.3372 -1388.7446 4
8721.6890 8929.4359 25
2278.9277 3753.2156 32
5794.7778 4466.5156 42
-5230.9498 -3243.0435 29
-7811.4007 2907.3432 43
-4036.1099 -1867.2991 22
5600.5374 7002.0129 11
-9483.0530 -9505.1841 7
4502.3534 3881.3437 9
-4141.6969 -234.1390 35
8944.0717 -866.1495 45
3395.8814 -3076.8753 4
466.3913 622.3312 36
6687.9182 5946.6545 36
3007.0800 -4680.5757 6
2353.3102 4033.7824 2
-556.6182 7737.5203 10
4649.4839 -8854.6517 43
4838.4819 6328.4864 42
-3741.3215 8846.7450 3
-9591.0483 9055.5681 43
7668.7279 -9932.6492 35
8844.9945 5890.0326 7
6707.5634 -8691.7599 27
-855.4500 5041.0398 46
-9785.2621 -6595.5512 49
4804.2583 -1847.2364 40
-3816.5291 -825.8697 37
9899.6932 924.3798 20
-911.6272 4046.6326 49
9299.0199 -5676.5088 23
4984.4260 4644.6095 12
9412.0100 -6608.6362 19
8330.8774 -8315.6917 17
-816.7293 -6786.4166 27
-509.2763 7363.5111 28
409.7946 -2155.0385 37
8154.3017 -5769.8068 26
-9490.3904 2038.7257 12
7358.9194 -653.5791 34
-7784.9805 506.3648 29
-3639.3397 -6968.5818 18
437.3109 -3568.0666 32
4407.0359 5543.8823 39
9373.5410 -1750.6108 6
-6592.1149 -9671.8445 43
-5325.2271 4967.9582 41
6731.2582 4055.5183 48
-9742.4786 6113.7933 48
3468.1825 4739.5149 1
9184.8495 -8303.5440 13
-7727.5550 -6171.0832 28
2895.2259 6817.8626 1
7120.1132 4357.0368 35
-9142.1685 -5781.7414 28
-1293.6947 -4737.6239 36
307.7054 -7857.9297 31
-893.9589 2044.8993 17
5962.0466 -2505.2701 2
9462.9806 7065.2971 7
2335.5251 -9067.1337 30
3464.2270 2480.6956 41
-7121.1170 7531.8745 31
21.0143 4570.4675 37
491.0456 2553.7278 6
6085.8099 2899.9927 25
-1402.9467 4326.7491 42
-670.1438 -1158.4524 47
-2182.2407 -4869.8147 28
2246.0757 -9579.9521 22
3624.4040 4713.0270 12
9999.4707 130.0756 5
2027.6984 -8734.5754 17
-1570.4688 8305.4017 15
4588.7572 -668.1398 44
-1301.6247 -1340.1863 8
-5236.3638 -5384.8169 12
8152.9994 6549.9910 34
3579.6148 1451.1612 23
9798.0434 4163.6555 10
-7437.6153 -4741.6936 32
-7931.3128 2701.5279 47
3066.9108 8259.7564 30
-4813.4128 6259.2376 8
-6974.5212 8381.9007 28
-5567.0616 939.3567 49
3729.3954 -7190.9825 21
8960.3333 9268.3678 37
-1319.6232 3655.7365 42
6069.0257 -1626.4792 25
-3022.5929 1945.8352 11
5655.4357 8714.4713 9
-9063.7447 -1126.9645 20
-3624.9673 8179.6629 31
2212.3235 -1800.3218 5
-3197.6771 1391.2644 5
-2517.7399 -3770.7562 21
8798.3557 6343.3269 18
2106.5461 -283.6248 26
-6637.2403 2462.6515 25
3116.0954 7540.1371 31
2592.3664 -7120.7510 42
2232.1841 -3567.0376 24
-153.2835 -120.5171 48
-9827.7810 4473.5332 19
-3081.3347 -1179.7250 41
9965.2637 -2560.0252 30
7322.1611 -4308.8131 33
8840.1618 -3853.4269 17
-4473.1220 4157.2944 38
1980.4073 -3256.6140 13
-5708.8125 7123.6290 38
-4877.4651 8393.9110 34
5694.9087 7655.7270 31
-1335.2632 7122.3099 35
7169.1048 -160.8432 41
-6261.1679 8730.6477 41
8970.4195 2879.5341 27
-4223.8444 -3118.0396 16
-8800.7322 7856.4661 41
-2027.5651 242.2302 47
8985.2119 -959.1357 13
-5484.0846 897.5267 42
7598.0222 -8138.0996 46
7857.3029 1135.9549 17
1536.9844 -1373.0859 33
-2761.5922 -6514.8647 16
5777.9764 -4481.4053 46
11.8407 -2357.0039 44
-298.0660 -2178.5779 39
-8286.5508 7863.1886 19
9518.8164 -9461.4400 49
5531.8599 1441.1398 35
8542.1164 -1375.8474 1
-7321.3851 7814.5455 38
454.2834 -125.0782 47
9651.4364 -5937.3349 7
9669.9516 6062.0672 10
-3917.4305 -6651.1966 40
-3796.2316 -753.8145 34
5810.1068 -7811.6243 26
3539.3810 -3740.6598 1
-8563.7220 -2209.1647 35
-3659.1416 9588.8103 23
-1973.5035 -2965.8331 27
-6666.4196 -4659.8154 15
1681.4119 -3300.4644 27
8098.5494 9950.6686 14
9005.4578 8584.3430 14
2217.9707 -9446.2782 6
9377.4750 957.1580 38
-5927.4342 615.0343 19
6351.7065 -7835.7226 37
-306.1135 1843.0021 12
-7396.5355 -1174.1055 2
47.9340 9833.3187 40
-829.2954 5458.2307 25
786.4954 -889.6592 1
-2866.6888 9726.0878 14
-4209.0385 7147.0664 33
5629.4554 -4070.1937 24
-7455.0936 908.8900 6
-8472.3963 2913.8940 37
-1320.8628 -967.3043 20
7416.4225 -9347.7017 15
-8945.6261 -6627.2947 3
6871.0718 79.3074 42
-3513.8989 3644.7730 31
1280.0766 5280.1253 33
7855.1735 8133.3391 1
5123.0747 726.6897 4
-6957.6956 9158.1711 13
-824.0420 -4774.2353 32
-8748.3968 -7703.6335 14
-7097.3814 -5124.3012 36
-427.8686 -8638.3991 48
-2789.8207 4455.1047 22
-9769.2945 7105.2837 12
1938.8626 -6275.6341 14
-6283.1688 392.2846 44
-5839.5487 -5547.9843 4
-3408.6124 -4104.9298 36
-9719.8107 258.7740 6
-4813.0628 -7295.8744 4
-8641.0070 -1266.4520 30
-6589.2274 -5608.1591 16
1281.8817 897.7470 9
9368.5717 -4044.2168 41
-8308.3483 3269.3192 37
8205.3422 6473.9741 6
-6515.6801 -8897.6559 29
-5370.4643 4186.4186 5
5428.5056 2786.9597 12
-158.0804 -1536.5125 22
-7874.3900 1071.8569 10
-3398.5154 9947.4665 18
1600.2234 -243.9175 19
1594.6106 835.9089 5
-1319.2232 -8170.5474 19
8251.2466 9746.2953 2
-9793.3554 -3390.2849 5
-1141.0631 -3465.5923 9
-5139.5050 2165.9665 12
-5539.4074 2149.4030 39
-7725.1994 3498.1005 33
-8148.8050 6758.5250 30
-92.3789 4759.2346 46
-7258.7058 7888.5492 21
9139.1425 65.1323 15
132.2348 9900.2930 18
4188.6511 -2531.0977 30
-267.2328 7687.2967 4
-6490.2675 7825.1468 15
-8654.0374 6804.3274 38
-6334.8436 5000.4751 38
2605.6790 9190.8501 11
6536.2819 -2272.4449 12
7146.3002 -4383.2565 36
8647.5702 -8438.2466 22
8116.4928 1369.0005 27
-9646.4883 -9896.6075 26
-5407.2041 2243.6533 2
6451.5107 -1903.7816 35
-2609.3629 5115.0204 40
-3050.9913 2607.7860 20
-4477.9591 -8659.3178 1
-8141.9437 4315.5764 12
-2522.5551 -5633.7733 49
-9595.3918 -4222.9555 42
440.1569 4781.5007 25
-8513.5037 2968.8404 42
3312.8745 -3.3902 2
9382.8052 6654.1279 47
-3804.8792 5369.8973 40
-4651.1639 2451.5705 24
17.9191 -3115.0656 12
-2400.5786 -4504.4678 42
-562.0159 -5077.3577 26
-9300.3272 1991.5368 6
-9602.6308 -8902.0764 45
448.2828 -9278.7932 17
-3756.9548 -2139.5212 40
-24.2235 -2311.6000 36
-2105.2492 -9051.0039 40
-3080.2285 -8798.8009 20
-6526.4883 2253.0106 24
-603.7032 -3833.5963 42
-727.9235 6730.8139 3
-3904.7533 2191.8050 4
9621.9707 6834.5710 1
-8341.6572 5140.1815 24
9375.7292 -3478.1042 3
9590.2876 4704.8881 45
9450.9609 4909.7905 49
5610.1469 5852.3539 4
7457.1810 8696.3751 17
-7356.0991 4662.4880 12
-3817.5083 -4164.3434 12
-1827.1329 4698.9040 12
7381.1659 4810.6671 1
-5466.0989 -1739.0954 36
9799.0543 -5128.3440 16
3700.6317 -6403.1163 32
-2695.9816 -5567.1176 12
3253.1908 7885.9788 15
-8308.4453 -2061.8878 4
-9965.1671 9041.2583 14
-1167.7644 4314.3034 27
2061.1311 -4348.9395 4
-653.3414 7618.3317 45
624.1166 -2345.5801 15
-9279.3519 1145.9601 14
4572.6198 -2407.3149 7
9741.2354 -5892.7434 41
7955.2200 4749.7908 44
-2922.2017 6431.2222 15
-7816.9831 -6937.2089 40
3837.3846 4909.9576 11
7528.2313 287.9435 7
3121.3030 -7059.9880 49
2454.3727 -3208.8699 17
1550.3823 9510.1276 40
7599.4739 -3346.5691 2
9749.5960 8391.2013 17
-9258.8399 -967.9062 26
-7727.7634 -9006.0731 2
-4846.2200 -1109.0713 43
8729.6067 -1621.7976 27
-8097.0647 -9167.6752 4
3621.9644 5654.3730 42
3699.1994 7503.3804 14
-1362.9151 3059.7951 27
3984.5001 5658.3316 36
3864.6115 6676.0502 32
-9608.2054 -45.8996 34
-1910.1396 3709.4566 40
-6023.2258 4343.5895 37
6835.4788 9453.1878 20
2578.1671 543.5225 29
7331.7776 1245.4721 19
-2787.8823 -7617.2123 5
-3977.7145 -6556.6915 25
-835.6693 2068.7997 45
-8917.9426 1229.7582 6
7703.1882 1739.5357 43
5833.8812 -8383.7719 9
1018.7619 -113.5006 23
-8661.5620 -7398.8903 19
3114.0375 3768.8059 16
-8423.7569 -4846.6488 48
-7228.1010 -8842.8227 49
-2680.9950 -8935.0414 12
-8095.3527 -9996.0450 3
-6387.9756 393.7073 43
5549.4635 7445.7776 38
4044.0608 4381.5656 19
1125.9482 -9340.5255 32
-9968.8603 7628.1124 39
3654.1880 -5465.3619 31
1950.6445 -2691.8773 26
1129.1567 -3740.4181 19
-5430.4008 6102.2279 27
6178.6252 -5004.3952 29
-3967.3470 8734.4495 32
-3560.3146 9862.2489 38
4471.3063 2401.8604 34
-80.6751 -844.0618 39
-6246.2059 -120.4208 19
8625.5122 1180.8139 32
2213.2876 -1423.5615 2
-266.6713 -6738.8588 26
2879.1392 -9930.3042 22
5885.9717 8961.4760 2
9793.6474 6317.4017 37
-8084.3879 9668.8210 30
8811.4579 -2221.7433 37
8726.1501 9587.7721 45
-4015.5977 2567.8362 17
-231.9353 -6870.0442 29
-2869.7046 -8359.9986 42
-5037.6355 -1259.0078 20
-4994.5530 -4107.0530 4
1897.6862 2025.7401 45
-4798.7428 3122.0260 17
-4485.6814 2333.3053 5
-2401.4324 998.1218 2
9178.3636 -7038.4425 34
7605.1194 4158.5891 29
-777.0851 1467.4049 29
-4754.6062 7960.3705 11
-5084.5971 6075.8763 8
3771.7876 5334.7247 29
8572.8701 -2918.6606 22
-2448.6005 1996.9286 36
-9330.5195 -7553.5568 7
-1646.2050 415.8426 23
-3293.1101 4205.7981 45
-6734.6225 -495.4637 22
-9852.2084 1991.0517 23
844.7072 -5318.3059 19
-4659.6653 5861.9497 20
-3539.6576 -4970.4623 41
-1225.0378 -379.1192 28
-3374.4636 -9184.3292 30
-630.1786 -7604.4396 36
-3309.8902 1287.8031 33
2752.8377 4855.7339 14
9249.8935 -1170.5081 45
7545.1623 -5114.9033 6
-5974.6296 -4416.7985 46
3184.0190 -9675.1813 39
9537.9142 1972.6493 7
-6336.2077 9553.4226 47
1602.0600 -6818.0707 6
1895.6389 -7841.6140 6
-2237.0102 650.9180 47
-3434.3599 3000.2623 13
5676.2673 -3848.1845 21
3232.1912 -1154.7424 43
1103.1525 -9252.5526 13
1460.1501 -4220.6564 39
5706.2744 -2485.8570 29
-6648.6259 -8863.3046 1
-9956.5846 8953.0505 39
-9397.0830 8013.8932 19
660.9572 -9399.7331 43
4505.2269 -7614.3540 36
1496.6066 -4712.0463 47
-4824.1628 -4379.2027 31
3022.4719 -1905.1514 4
-7661.8452 -3493.5125 38
-5136.6823 6167.6859 26
205.0926 -5132.2294 17
1258.6730 5578.8640 1
-5950.0534 3755.2113 14
-2910.7970 1647.2676 16
-4526.3421 1624.7832 32
-7463.5427 -8292.4043 43
-6238.7371 5074.3339 37
3225.5507 8959.4933 36
-7860.7579 -916.6037 7
-6878.6157 -8097.2333 31
-2812.1870 864.6567 39
3407.9896 3182.4930 16
-8960.6736 3944.8426 1
5593.6048 4998.7661 39
-9076.3227 5794.5671 35
-5725.5422 -6178.7435 13
1510.3475 -8673.0013 10
-6808.8553 -5384.6162 44
6900.9851 -4673.9584 7
2494.6122 4455.2142 3
-1595.2045 3176.7687 21
1851.5158 -2173.7027 45
2390.4066 -7159.7410 2
998.4218 -4762.7493 17
6606.5648 -449.4648 48
2334.5809 7496.6624 17
5937.4583 1879.0264 10
-3816.0095 7117.4118 18
-6192.5929 4557.0312 39
5105.0784 -1098.5158 38
-299.2894 -3971.1619 45
-2642.8262 -1444.8517 14
7157.2841 -902.4347 41
-81.5073 -3579.5336 32
8456.9825 -748.5665 31
1075.4822 6482.9216 42
-8687.8845 -3546.1744 8
-8371.9560 -2967.7792 35
9970.6865 -992.0765 37
-1355.3664 7648.8769 35
6297.7694 -164.7879 27
-9318.8143 -3236.8320 37
-8480.3155 -5575.8202 24
-7738.4412 8701.2455 46
6261.1307 8230.5671 5
-8840.3863 2676.4081 46
5487.9177 -1439.9787 16
-6564.3902 -7735.8780 14
-120.2212 2472.0112 9
-8408.6803 1876.7440 7
-2525.8103 -5329.6749 28
-4206.4834 -7725.1282 35
4280.3606 8061.1871 1
-1955.8674 6737.9512 38
6041.7452 -1972.3186 37
-9026.4284 3443.6132 19
1062.3088 3767.2989 49
9648.3436 -492.9430 19
-5445.3821 4898.8097 22
-760.1162 1619.2438 31
2807.2079 2832.7420 28
-9697.9323 1685.5853 9
-4310.6293 -7752.7952 33
-9212.3793 463.1286 36
-7035.1550 3949.1546 1
5468.2760 -2393.2027 17
-5239.1995 -8506.4150 47
598.8152 -894.2883 4
9583.7467 4756.6422 48
-17.4908 9060.2144 49
1427.2983 -6844.3581 49
-6910.5064 2867.8565 43
3843.1657 2317.3665 25
6377.9481 1404.1210 4
2096.3064 1238.9666 27
-128.0617 -1685.3567 5
-8211.4004 9511.7953 49
-9269.8751 -988.7919 44
-1044.3486 -3243.4028 44
-7636.5501 -1850.0717 1
1131.4943 -3680.1777 42
-5073.7902 2841.1543 31
8725.8072 5472.7039 46
-603.0989 -244.1382 39
5273.1344 9125.3708 41
5622.1386 4229.0490 11
9293.9762 -2369.7590 20
2202.3171 -331.7311 41
-5468.1016 -3344.4086 8
-2268.6259 9216.9673 36
8565.8531 9935.2012 38
149.8158 3851.1190 48
-5107.5160 -9025.0604 16
1390.4876 9919.5535 39
2989.5996 -7061.0888 42
-8481.9801 -2895.9615 10
608.8726 -9474.8084 8
-385.2291 6109.2778 29
8510.0748 -8172.5852 17
2533.8703 -4081.5927 7
6360.3582 6931.0649 18
7767.0048 -4215.4277 26
-8938.6011 989.5286 5
3705.9918 5026.2334 4
5030.4550 -5163.0080 9
-6397.8895 -8283.4951 33
9954.7757 -3123.5305 47
7726.7961 2231.2918 24
609.2452 -5900.2290 26
-2650.9190 4931.8891 36
1627.7415 -5702.0888 23
3455.0689 -415.9759 21
4322.1528 -6922.7519 38
-990.2519 3019.0479 25
-4274.0962 5260.2642 10
9806.5801 -3755.6796 2
5518.2314 5595.8634 13
-2683.4201 -9037.2407 34
3289.4607 9269.9181 33
-9452.9619 8988.7605 30
-3342.7296 5315.2845 26
-8288.6115 3550.1207 1
6418.3922 5878.0686 16
33.1269 -2798.2797 5
-6812.5718 -1893.9786 41
-5670.6727 7657.6329 19
-7563.3967 -1644.3407 9
-370.7691 -9456.9707 44
9825.5622 8206.8606 20
-2216.9587 -6820.8480 38
7752.6830 2675.0195 9
-8704.7424 5506.3145 47
-5429.5006 -3952.6632 14
-6346.5371 -1326.1714 7
104.1461 -3580.8806 32
6666.0906 -9655.7330 42
8169.3850 -3051.9405 41
2599.4520 4742.2471 41
-2846.2818 2329.5578 33
1554.7826 -2501.6078 8
448.9367 9901.5447 38
-3171.1903 1374.4792 20
9659.1196 1666.0037 2
5005.4041 -8525.9604 7
5275.0809 -6705.7504 11
1570.5009 1487.2585 8
-2636.8188 1759.8197 38
371.0901 -6216.1828 4
5382.5215 3466.9978 14
8946.8834 -469.5334 37
3.4704 7676.6213 37
8978.0062 -590.8321 39
-7658.0066 8603.6732 9
4271.8630 3439.4263 39
3886.3325 4712.8372 10
5667.2917 -9540.5402 22
-4699.7572 4284.3158 41
5800.3265 -4743.3004 26
-3841.8705 -8532.8614 7
-1978.7585 4766.3069 8
4269.7267 -9929.1847 29
-4531.9049 -4388.1589 6
-3141.5702 -7362.7417 27
-5601.8886 -2870.8292 22
-4680.7912 -8495.8189 44
7853.7189 9658.9798 16
-5838.6088 -9976.0001 11
-3565.5527 -4076.9844 46
2814.5311 -5025.2604 29
539.6040 -6797.1721 29
8596.1715 -1889.3192 22
-5682.1315 1246.0733 36
-3555.2981 -6242.8546 46
3792.6313 -4327.2801 12
8560.5557 -338.4520 30
-5294.2205 6887.9397 33
-9105.7838 -8969.6316 22
-6119.3310 -4607.0046 33
-1430.7729 -280.9351 45
-7689.5569 -6745.8111 10
9161.5416 -1935.2905 47
4759.8911 -4074.5779 25
-7658.0338 3342.3385 3
3700.2538 6077.4192 17
-1139.5769 -2351.6835 30
-7620.8003 -4502.6420 7
1651.2442 -3438.5031 13
5102.2457 -3153.8459 1
5285.7396 5103.8881 18
3600.8412 -7343.6836 42
4218.8442 9840.2484 12
5912.9627 -5978.2132 41
-2254.5998 -9715.4711 10
7179.7779 -8237.2336 17
4825.8693 9884.6847 41
5476.7186 -6380.0505 34
-9876.0050 7009.3181 34
8928.7107 2598.0163 21
-7972.5547 789.5402 32
-5543.5186 -9187.0884 26
4704.8651 9489.2135 16
-6426.2795 -8979.4365 2
-7905.6775 6406.5859 36
4232.2532 3282.7390 36
-6004.7569 -4648.1592 30
2419.7089 -6902.8128 15
-9662.6742 -3970.5164 37
-1875.7114 5530.4469 23
6009.8577 -3961.8868 41
2250.2729 -2934.5791 13
-559.1079 -5378.6350 37
5065.0545 -384.6988 2
-5459.5790 2710.7491 33
-1502.3905 -7177.1828 22
6298.4798 -831.6230 22
-3858.8767 -3195.4574 46
-3097.0570 4749.5324 25
4289.3052 4779.2982 39
-9809.3061 1237.8511 23
727.2659 -6580.8603 16
-6803.5250 2754.3773 46
-1752.0109 6715.4515 12
-7665.5631 -5335.2006 28
5037.0704 -3378.2765 15
-3117.9853 305.1960 4
5300.2348 -1136.4271 6
-7769.9815 -6503.5727 7
-3310.5703 9645.0867 47
-5462.0914 406.2510 6
5841.1223 -9360.9796 32
-179.8161 7376.6024 16
-5450.4771 -5610.1774 3
-127.7297 -9572.4802 45
9615.4224 -1860.9335 38
-3406.4604 2809.4368 19
3497.9925 6547.8385 23
277.8424 1614.1742 32
7437.9197 -3239.6341 35
-2347.7816 -8748.6373 12
6079.6635 -9871.2604 13
-9959.6261 -9920.8993 36
2987.6459 3825.6815 15
-9558.4956 -8498.9820 12
-7739.2870 4622.4358 41
6399.8041 -1672.5427 15
7721.2797 4995.4443 45
4998.2767 5936.4519 3
4537.1501 1381.2609 36
-878.0005 -203.1851 2
8575.1729 -6519.6715 9
-5482.5956 6435.5401 44
-6635.1818 -5160.0597 13
9759.7545 6185.4855 28
-3221.3338 3653.1435 18
6870.9090 2112.7624 11
4346.2624 8403.5188 4
8622.3251 -8963.2522 18
4084.5713 -8744.6032 18
6533.7201 8120.8224 18
-2814.5838 -2255.8993 43
-1706.8828 9364.0251 32
-7264.1494 -5511.2383 27
2544.6451 -809.6265 27
-5496.0128 7313.4757 25
-462.7167 46.9318 26
-8921.1659 -7514.9991 12
-3100.4336 4243.9530 30
-8543.8460 -189.8505 35
-5662.3899 458.2592 38
4335.2817 8298.8780 20
6490.2045 7306.9026 26
3850.6189 -871.0104 3
-4793.2323 -2481.1450 27
8863.0954 7618.2945 42
-3288.0476 -8407.2372 16
6559.1273 5557.2759 13
5260.9536 -8638.9605 42
-2215.5420 -8635.8659 38
-6342.0351 7637.4583 4
682.4228 -3697.7971 48
2225.4964 -7915.2190 14
-2310.5816 -2172.1843 26
2880.9984 4784.2620 32
597.8492 -6370.6170 28
-5045.2458 -1128.8446 6
-4261.6505 947.1470 22
1329.5913 -4267.4707 40
1955.8534 2481.6408 39
-9705.6193 7661.9823 49
-3984.0590 1610.2651 47
2942.0301 861.4134 10
1238.4956 -6672.1921 41
-8869.3087 9489.4777 45
9820.8691 -5040.7401 48
-298.2109 -1712.2117 16
8426.6451 -539.2715 13
-6081.3003 5599.2416 44
517.1001 7208.9314 43
-8064.1851 2714.8898 30
-8477.0976 -4317.2864 36
5534.7403 8861.4004 1
-1364.5937 -6843.4048 28
5822.9425 3687.2766 18
-9137.0646 2311.3792 12
-8266.5815 6933.8032 24
-860.0048 -8555.6526 12
-129.0119 -2366.5548 20
9551.2307 -7528.3014 44
-8253.2444 -876.2694 2
-765.9012 -4983.1761 37
283.6231 7544.2535 19
3170.0612 9599.4339 40
-4699.9706 879.5467 22
-2841.3261 7792.1383 27
-1402.6060 1282.2908 49
-3900.9020 2528.2296 48
8222.3011 -5584.9428 5
-3369.9035 -6194.0165 8
-3039.8458 2317.7056 47
5074.4255 675.3064 20
-1941.9330 -5150.3049 6
-7904.9271 -2238.1050 8
9362.9556 -403.5128 2
1121.7094 3987.6412 21
4259.0077 -8036.3131 11
4195.0135 4281.1136 2
-7249.6709 8397.2071 39
-8607.0947 583.0696 15
2148.8481 6668.2419 1
8749.5059 3057.5238 1
-7365.2152 -3764.5376 20
6273.0082 -1567.2420 33
3951.8117 3113.5569 29
2450.2308 8431.3598 9
7199.2328 -4539.0331 11
-8526.2195 3389.9706 46
-1736.2800 7822.1362 46
2088.3148 -7725.5105 41
2747.2023 6852.1756 49
-1244.7401 -5789.7054 41
-3590.0770 8393.1776 8
7285.3317 1444.6168 39
4619.9684 -4740.0709 26
6330.1722 6270.9868 35
7882.6286 -9912.3010 25
4008.4169 3506.0648 14
-4586.2794 4037.4251 43
2752.7286 7728.0219 25
-3498.0064 4304.4470 21
-6449.9609 4378.6992 5
1266.7455 -9770.0195 17
1626.8190 -6382.7706 14
9552.0985 60.6541 35
6368.2169 8628.6205 17
-8282.6514 9091.4193 10
500.3169 -69.1601 2
-5698.7123 -1520.0651 27
8870.9303 -2124.7880 33
-8236.1722 3780.2874 17
-4392.2584 -7810.2169 47
1310.7642 4389.9781 37
-1207.3997 -6920.9315 43
-2641.4996 -1853.6767 34
-3804.3766 -6531.4963 16
-2953.8087 2634.8613 23
-1455.3355 -5814.3328 20
9530.7947 4987.5298 28
-6429.4782 4321.3533 33
-838.0567 -909.1072 39
-4728.4726 1628.2979 21
-3067.3368 9786.0989 43
5239.7816 1823.3498 9
4291.1879 3651.0345 25
1706.1587 4293.8829 37
-6066.3265 -52.3433 36
5129.0319 -2757.7435 34
163.4229 -7305.6825 29
388.9358 6464.8369 35
-8980.1219 1726.6582 11
-4547.3843 1294.5834 3
-4310.7525 -2377.5584 41
8331.1231 -3808.8848 7
-5267.0299 -1436.7541 40
-2043.3200 -6827.1654 41
3275.3701 4794.0586 48
9159.0807 5295.5350 4
2278.7689 9462.3639 24
2080.5752 -9.9895 11
6048.5988 -6666.9350 9
4766.4437 79.1708 38
80.5444 -6369.1794 14
2591.4001 1584.3784 21
-3946.1036 2830.9297 43
4553.4871 5387.0927 13
9071.2614 -5190.7088 43
-1041.2045 -6170.0986 32
-821.0092 -7274.0102 23
-2955.5127 1330.6844 17
3242.9802 4501.8389 11
1115.9187 -6395.3703 45
-4690.3652 9996.0776 38
-5385.6132 685.5510 32
9725.8575 4052.5921 20
1930.0394 153.1459 26
-1678.2688 -6309.4678 14
-46.5896 -1598.6416 19
9405.5546 738.3109 43
2234.2956 4224.2231 3
8088.3495 3682.8845 32
5529.4483 -785.0737 16
-2608.8774 -6475.5554 43
8005.5728 -9864.4442 20
4626.0382 2290.4172 8
6111.8317 9100.1143 5
-317.0024 3407.6622 46
4805.1505 4951.2950 7
3905.4487 886.0157 29
-8737.5892 4724.5367 36
-3507.0040 -7757.1296 49
2632.1956 -4394.0629 36
5606.3041 -3644.8582 37
2748.5232 7354.0065 5
9081.9120 -4393.7202 45
6044.0552 -4953.6326 23
2959.3374 7886.7726 40
-6936.6503 1540.4401 29
-2328.8568 2029.3075 31
-8146.6090 -8507.4856 17
-9734.9320 728.6216 43
5535.1256 366.7900 41
6586.4651 9081.5834 40
-9261.9626 2106.4090 12
5356.9670 9214.5698 46
-1800.9335 -5710.3663 32
-8974.7663 6101.9869 42
-5483.6238 -5510.2965 37
-5882.4393 7654.5805 34
1767.4501 -8061.4104 18
8889.5650 5786.7123 30
-4024.0023 -9907.6055 7
-1049.4148 4046.2352 16
2028.2172 -7598.8687 4
-6663.5406 6311.7963 14
3366.5383 -8888.0575 29
-6469.3525 4515.3370 37
-2831.0561 6985.7922 25
9778.3063 -9211.9475 41
638.9469 -7699.1048 19
4442.0861 2747.9045 24
-8592.0282 6937.3117 44
2877.6739 -392.8459 11
1079.7417 -1348.7590 40
4637.3394 9265.5922 16
7183.0757 5183.9351 19
2918.4164 6589.4013 14
-9642.2334 -9555.1764 46
502.3660 9636.9854 45
-809.0259 7659.2790 39
-151.4034 6828.0792 34
-7530.0143 6882.3247 3
-1976.6074 -2883.4946 10
1618.2655 -9376.4684 3
-4044.1876 1097.7129 22
2381.2635 -7013.0412 8
-1642.6435 -3811.1304 25
-1408.9981 5688.6965 5
892.4156 -8405.0558 31
82.9122 5348.5524 20
4810.0950 6960.2268 36
5070.7410 -5196.7312 35
-8101.6058 -6617.9696 38
2724.5428 8542.0409 37
6081.2778 -2602.0593 6
8807.5000 -6743.0836 7
1284.3102 -3205.8208 4
-2727.3361 9125.8318 9
-4176.1838 4667.4035 34
9790.1920 4013.6237 45
-8339.9429 -2332.1670 44
4757.5453 -9361.7667 45
-4504.9696 2560.2275 47
-3649.0309 5752.8202 25
6311.0881 -2322.0764 45
-792.1650 4520.1867 22
1280.7028 -8907.5578 7
753.7095 -9769.3112 32
-7073.1546 5394.3753 27
4266.4093 -5076.4193 21
1002.2758 1540.4598 18
-6429.8963 4628.2827 23
-6514.8255 5841.4054 42
-2725.2045 7679.5058 35
-4392.6878 -9494.4880 48
6616.3931 9510.1580 2
-639.9780 332.8098 23
4745.4522 -2074.9642 21
358.5587 -2482.7172 6
7421.6295 3411.6636 41
4706.2926 -8842.8403 3
23.5538 -8264.3180 17
-5450.1699 2774.5672 22
8014.4398 956.2750 29
-7718.2014 -3837.6960 22
-8653.1128 1963.6506 41
5639.9085 -3232.2014 31
-7695.6077 5493.9597 35
-3242.1066 -2316.2291 2
-4094.7164 6586.9565 16
-2661.4274 -9185.6086 44
-1296.6724 -5309.2604 49
-6179.1846 -2235.2245 18
-5024.3400 5708.2849 29
4484.4804 1939.3585 34
-1078.4516 6648.5724 49
-2488.8999 5085.6798 21
1400.0823 7122.2161 27
-3091.0192 9946.3635 7
1922.5309 -135.2742 49
9390.7361 5344.1128 47
-1636.7158 -2993.4100 33
-8201.5697 7942.7725 16
-7760.6987 -8537.3725 22
6371.9997 9121.3118 33
-6664.8415 815.0662 8
-2103.1781 541.6925 33
-4853.2632 -9132.0796 18
-8380.8310 6672.7754 44
-7044.2324 -9053.2444 31
5105.2481 4368.5335 47
-1041.5722 -7899.4458 27
-7009.0038 -3534.6350 13
-1782.9779 -2283.2737 41
8284.0452 7590.3257 38
6079.1510 -817.3212 34
-355.6105 -1218.3745 36
-4386.4774 -3645.9115 28
60.9912 847.7367 38
3761.7593 -6769.2369 13
9619.0554 7646.1611 16
-5139.9786 8637.8482 22
9112.9789 -4418.8975 3
-3334.5716 -9931.9640 38
-6738.3387 -3917.9515 7
8060.0134 -8311.6366 42
-9829.0075 54.7463 40
4447.1238 4952.9530 40
4538.0244 -9464.7315 26
-9241.6517 -4673.7967 32
4908.8276 -6155.9463 19
-9382.2309 9404.2189 34
-1649.3333 8293.5814 41
3365.3495 -69.5234 17
8752.4147 5045.5139 28
9838.4437 -4167.5607 11
482.1925 442.8560 20
1006.1978 -7875.6589 25
-2446.0415 3437.6339 14
-308.8838 7643.7524 37
2577.3511 3753.7388 5
-1307.0234 9849.9724 15
-6285.6706 7579.6457 4
7279.6564 4028.9840 19
2477.0027 -2665.9885 34
1829.3127 6838.7483 5
-3678.8628 -5993.1458 18
-7801.4932 -2030.2827 14
7927.9886 -4619.8775 1
-4911.3759 6320.5574 6
-7395.9022 -4753.7815 2
592.8930 -3096.4988 24
8065.0957 -3510.8456 3
1450.4395 -6142.5511 45
5888.8188 -988.8224 7
-4293.5703 -6465.4485 6
9718.2162 2165.3110 8
9824.5998 3025.3906 28
4786.0922 1063.7565 9
-753.0612 8387.2556 3
9697.8615 -5974.1911 20
-2997.4417 117.7464 13
1526.8022 8176.5327 36
8689.0424 3027.8584 35
-1227.1119 2634.4894 36
-6976.7205 -1384.4691 49
5671.0560 -3821.0022 24
-5173.8402 1958.4234 3
-3057.0701 3305.3749 40
1448.1178 63.9126 12
222.3683 -5928.4770 25
-4741.8032 1858.0778 10
-7605.3590 3308.7172 3
-5018.4023 9915.1358 35
6869.4467 1809.9008 26
393.6762 3822.2431 7
134.6941 5512.2292 8
-790.6992 -5843.9088 19
-2226.6081 6424.7452 36
1168.6143 4909.5617 3
688.7176 703.4210 5
-144.9221 2073.8200 35
6601.4090 -4895.5440 49
8246.9275 -9397.0854 1
3775.6137 7777.3229 23
-7671.6023 3890.0350 44
-1407.4203 -5113.8035 8
-5574.3512 820.9322 19
2477.9773 7657.9523 9
1714.7121 -7122.4975 4
-651.4552 5120.9711 4
-5713.0261 8675.7619 3
-6227.3511 6554.7002 29
1451.2173 -5227.8949 8
-8394.0597 -8293.5719 8
-2262.6376 -4989.4532 17
-8684.3525 -1287.2485 34
6495.2714 -5796.2343 5
676.1033 3335.3920 14
5821.3126 3952.4422 42
7112.9938 -8158.1082 43
2228.5829 -7726.3243 27
-2439.3277 -920.3562 22
911.5546 9936.4140 47
-9882.7939 -2290.4388 42
9490.4741 -5070.4662 19
8690.5629 5711.6669 8
-4953.4292 7797.7100 16
-829.8580 -8720.9863 28
-6602.0124 9292.5509 17
7901.4097 -7456.4847 31
-7440.2138 4253.3595 11
-1867.3035 4201.5349 35
8054.4052 -2507.9044 44
-7170.9712 6454.0601 11
-5737.7195 -9492.5724 5
-8673.3528 6897.6541 8
5032.0842 -9256.9425 16
442.2325 -106.5401 15
4812.5679 1552.7726 16
8539.5463 -7785.4608 28
3132.8184 -1581.4449 28
6826.4201 -9566.5910 35
5319.3850 3948.3058 36
3718.4911 -4449.4967 28
-748.7471 5979.4233 23
-7594.6482 2093.9092 17
8207.7466 -980.1345 47
8180.0789 1496.2627 32
-1393.6387 -7935.3157 11
5457.8254 -2937.9103 33
87.0219 -7566.7627 19
111.0913 3283.3183 10
-244.1153 -1429.0441 33
6808.0177 8346.7913 39
-4794.5868 9474.0320 1
7594.1304 -7605.6248 1
-5563.4748 8507.1113 44
4988.1023 1937.8640 32
-2656.7631 7908.6455 30
-199.7395 -9617.4852 36
4614.8805 6752.4894 20
-7232.1180 -7641.9663 31
5329.3692 3076.4207 40
912.8227 -5904.0900 18
-6313.7308 7729.1419 32
6908.3612 8173.0930 10
6194.0366 78.9297 2
7252.5180 -3914.5950 3
6689.6269 -4110.9084 22
-626.9025 2193.6332 32
1895.7996 -8102.2048 38
2503.7934 -7442.5264 48
5527.2993 -3740.5823 8
5932.0918 8689.7751 20
-7839.1176 7607.2409 29
-3175.8411 3933.0483 39
6723.5926 -3879.3435 9
-1348.2075 9272.4982 30
3537.0886 7841.3690 47
6205.4612 4310.0882 38
-4935.8669 -2580.4935 43
-4557.2606 -2580.2493 8
9851.9292 5056.6107 3
-3147.3264 7228.7735 37
-6544.2375 -7381.4885 17
-7433.2352 8857.3968 22
-4922.2263 2793.8093 34
8762.6347 9953.7036 19
9330.8959 4247.0605 43
6708.8956 -7231.4088 35
-7296.0571 5230.9286 24
5137.2064 3185.8667 17
4252.8724 9353.6693 9
-8460.4419 9365.3162 42
-905.7813 2553.9805 37
-403.0871 -3854.9341 22
1936.0360 -8893.5497 33
3466.4757 8871.1783 49
213.7591 9745.0975 13
8173.9596 -7179.4344 35
-9573.3089 680.0010 12
-5846.9088 1266.6543 38
6403.4858 -8757.8918 13
5296.6282 -4002.2870 2
-8560.5426 -716.3650 35
8126.3746 -1950.2015 7
8246.2711 1243.0381 20
7072.6675 -5074.1374 9
8915.8006 3679.4277 28
-8293.0365 1681.6636 32
-9551.5718 -9872.8308 48
-2049.7582 -3968.0195 20
-3334.1321 -2940.6687 20
-9291.8803 -7105.0665 13
-4739.8976 5777.6958 24
-9411.1817 9826.9795 20
-6851.3329 7679.0013 42
-5068.2476 -9212.1135 37
2248.7306 6382.8285 6
-3461.7371 3401.9036 42
7666.3151 -8694.8882 29
5122.4742 -7546.0471 49
3571.7577 2000.6280 44
-5988.1822 7320.5668 17
5302.1898 -4973.5935 2
-2056.9354 4670.0464 8
6716.0149 4040.2778 17
-5021.6622 573.8334 17
6375.1086 -5411.3633 27
-4224.1110 8629.1724 8
-6502.3841 5870.2723 28
-6248.3148 -6856.9969 27
-7471.1398 -5707.1372 29
-5938.3447 4451.4681 25
4899.6385 -182.5845 16
1628.1521 -3617.9001 13
5908.3109 -4913.4003 43
3893.8358 7343.8441 2
-9732.6663 -4778.0741 35
1021.5155 7385.6209 19
-9890.0294 -3890.2711 39
3481.1568 4940.3849 29
-2701.8568 -728.2880 48
-2614.2141 404.2850 7
2585.9018 1430.5565 29
3196.9759 4492.0690 1
9076.3619 8654.7216 23
-1864.8618 9000.7888 19
749.5845 -41.1475 19
2457.7695 3465.5025 20
-7975.1445 -3017.1398 24
5724.0833 799.9507 39
-7330.2460 -7621.9803 38
-1571.6653 -1779.9385 28
1656.0693 -5280.0686 37
3580.1895 -8716.8233 36
-6635.4859 -6324.0170 24
-1297.3016 5849.2791 30
-6899.1260 -607.0168 21
4303.5234 -6647.9747 25
1787.0514 -8895.5856 2
584.6294 -3263.7241 40
-9505.2005 8308.7356 48
-740.3691 2442.3125 39
-8068.8660 -9728.3063 45
-4380.8066 -7548.7634 38
-8580.5760 6174.1989 25
-2617.9536 -2629.6163 22
-5076.9524 9945.7489 32
8211.6237 -5643.7149 40
-2418.0432 -6269.2758 1
-9892.8513 5098.8352 7
-6234.2949 -6841.2074 1
-1544.4512 3097.5313 40
4106.0167 -2167.3352 1
8766.4326 -3954.5266 45
-5646.8077 1387.7000 45
1042.9812 2204.1075 45
3997.2568 2583.4943 3
-6634.3709 8064.7834 44
5469.9516 -4541.7508 14
-3558.0686 8842.1624 23
9520.8911 3972.4939 16
-4612.8286 3948.9239 10
-2302.2189 7590.8316 47
-1493.0000 -8926.7275 7
8320.1377 -8091.9705 45
-3425.4092 -4301.9786 42
5991.4548 -3519.0844 36
9614.4911 -9690.6973 18
3508.5934 -2963.4568 35
7963.0069 7480.4318 31
8843.9532 5823.9768 40
7693.6436 -2307.7286 43
9794.9104 -8445.5552 13
-4361.2298 1105.8221 5
4115.3346 -7515.7417 6
4256.2463 -2501.9345 47
-4618.4893 2428.8190 47
-1469.8695 7419.7072 4
5755.5856 9898.5902 45
-9582.8860 -8283.2446 28
6611.4029 5559.6012 24
-8110.5025 899.3373 4
2411.4896 1386.8055 8
-399.7507 -7660.5804 48
4383.6702 -1969.3147 39
4093.9070 4204.9283 3
8300.1777 4667.7073 15
-9481.3263 -9322.8449 16
1653.8705 -7968.4738 29
-2421.0156 -6297.0732 25
-5382.4400 9752.7416 43
4420.6881 -779.5598 5
-3748.1230 451.5287 17
7671.5003 4855.2509 24
7976.9423 -7982.7437 21
-3990.7075 3781.3347 37
-3816.5426 6065.3281 12
4524.9076 6038.6446 27
4806.5151 -627.7283 17
-1914.5338 9528.6016 7
7015.1586 5383.7094 1
7908.5889 459.0696 25
-332.0966 4933.2624 40
-2991.0500 -5954.6754 14
-3300.6089 -7622.3379 28
8543.2787 8756.0423 22
1683.9046 6758.3481 18
-800.5674 3363.8815 26
-104.4313 953.2418 2
-2510.0676 -9192.7590 36
824.8492 5291.5049 24
6710.4315 895.3125 22
-765.9991 -3025.1194 45
-8161.6509 -3776.4248 21
-2910.4984 9412.3217 20
-8780.2472 3016.4677 11
6754.9691 -7300.4335 30
-8769.1843 -6388.4241 23
7277.1243 9488.5265 41
-6602.3174 -4753.0689 26
-2087.4777 -5895.1349 3
6128.8962 -4869.5982 34
4279.2476 -8294.1343 25
763.7476 3177.1732 40
-1397.1296 -5461.6422 38
-746.0455 -1820.5151 49
-7954.2756 -6479.8229 46
7538.2484 -8202.4044 1
3108.2338 -3667.5044 33
-9597.5397 4376.4730 5
7658.9014 1878.1334 19
2289.5677 -606.5309 45
1719.8973 2300.1672 25
-5653.0172 -3947.4135 7
-8201.7173 171.0024 2
9666.6877 6190.0033 6
7013.8662 5394.0180 35
-3563.0478 -2971.9925 49
-3597.9969 1330.9028 49
7764.0809 -8570.6754 14
-1558.1985 7248.1707 39
7870.4179 6329.4391 1
-421.4777 -8057.6525 2
-9213.0378 5743.6242 36
8590.7350 3275.2263 16
4537.6946 5183.5175 2
7983.6230 3360.6409 2
-898.6009 3566.1385 17
1730.9891 -6400.3648 8
2791.2716 -4721.6985 24
7472.5436 121.2349 40
-2815.5161 -2385.8344 48
8698.5384 9963.5547 34
5359.1392 2100.4165 17
-8707.6659 -7863.4087 7
1693.2010 2065.8382 15
3955.8983 8486.5188 44
3138.3451 9228.9999 42
9613.1997 7869.6706 20
4799.9162 1442.9600 42
3419.9281 8527.7435 4
-1341.1439 -3119.4440 44
2215.7806 2219.0005 40
-1558.7387 8952.3120 23
-2795.1068 -5645.6613 36
-7487.2386 2353.9069 21
-6205.9067 5780.9708 17
5077.2974 -9429.3965 40
-1123.6307 3419.0420 41
-6558.3180 -4790.5736 30
-6503.0606 -5394.7717 7
-8861.3199 -3517.8188 32
5000.4095 6399.3803 30
4428.6682 9758.8089 35
8986.3175 8112.8386 23
-3753.6690 -2518.3569 28
-6739.1689 1755.1319 18
-8215.8806 185.6741 40
-5396.0513 -1514.7709 30
-6806.6600 4004.5201 19
-1240.5308 -2640.9636 3
7638.9730 -2008.2246 27
-9379.5228 -4814.0170 36
-7845.7047 -9363.3109 30
974.8764 -761.8904 1
-3672.2256 5582.8695 32
7538.4703 9683.2298 35
9243.3833 2215.2568 3
-8394.4619 -7529.1961 31
-1474.7482 3412.6580 17
-7912.1472 4354.4661 19
2627.1609 4232.5870 11
8679.4504 1760.5615 23
1644.4205 -8442.6467 39
-4902.9603 -3533.6099 39
-2548.9640 2586.0828 25
-6446.3386 -2700.9953 26
-5486.8552 -8397.4682 16
-9677.9786 -9415.3510 38
-9011.8916 -3714.3504 32
-5142.1624 -4257.0921 23
545.1219 -9888.5896 17
361.5121 2841.8530 19
-5629.0532 -2376.4829 12
-3221.3493 -3462.0530 24
1492.4996 -1341.3946 16
8734.0256 7325.2015 32
-4238.5708 -5408.0506 29
3065.0513 -75.5838 11
-4510.7435 -6163.3704 28
5959.3544 -9153.2502 44
-6770.1566 7277.4873 47
2361.9169 1666.0385 31
7122.6470 5034.0440 39
-3003.4865 6818.9609 18
-3406.1395 9289.7883 36
-8267.2733 2518.7332 24
-2689.0568 4990.6988 44
-4450.2559 3479.8707 37
3159.6048 -1182.5336 46
9660.0628 9060.1518 19
-9272.4448 -4615.8627 39
-6564.3614 1383.9376 22
-808.8486 -2351.7590 34
-6590.9692 -3406.9040 5
-8219.7739 1667.4273 42
525.2292 4066.1119 7
8434.8892 6648.7613 14
-6497.5742 -7876.0827 25
-6243.0371 -7748.6751 14
5320.7928 -388.9888 48
8910.9999 -3576.7720 39
8383.0839 -5112.7237 2
-168.6076 -8137.0768 16
-7420.5477 -6791.3857 20
-5703.0228 -5035.7540 38
-1849.7434 2726.1936 8
-8844.5579 -1895.6295 24
9578.1205 1156.9815 46
2629.8374 9255.5244 25
4760.2338 -4274.0855 48
1822.2272 9662.5669 28
2928.2285 3987.6636 1
-1928.8476 9615.6870 49
-2450.2263 -4752.7212 42
-9016.8961 389.5220 12
-6276.9032 -6374.6690 23
6989.6254 -6849.6523 24
7146.1773 7818.8686 40
-6271.8599 9725.8983 21
-2679.7238 -678.0319 23
4233.3034 -9843.8895 1
3320.4354 3492.4691 7
-7014.1324 3211.7319 8
9940.7677 5883.5623 41
-311.7875 432.2559 7
4713.5139 6942.0178 19
-2035.0965 5925.3407 18
2092.7638 6393.4844 31
-2139.7574 -9077.5871 18
6275.2010 -7677.6146 12
8251.1421 -8366.4377 6
3466.7521 -1570.1932 17
-1619.0728 4333.7939 19
-6055.4589 -6021.3189 38
2381.3666 3928.2827 12
4050.9272 5965.0428 36
4520.2306 -8701.5054 16
2753.3424 -5766.9908 19
-1695.2799 -3338.2329 27
-5745.3390 -425.8087 16
4560.2709 -7470.1517 8
-665.0188 -1951.1884 42
-9247.4475 138.5040 40
-248.1782 -6735.1730 34
6872.0650 1457.9037 17
7059.0589 -4422.1960 11
461.3396 7230.5541 42
1349.0652 -8258.4674 11
9517.6121 5140.0816 45
8569.7763 704.7116 34
-4446.4651 -4999.0138 39
-8877.6580 -6648.3307 14
-6870.8934 7864.7731 45
-6314.6017 -3006.6040 45
-4621.6992 -4288.4208 29
-8107.2556 1249.3637 3
5699.2214 661.8748 31
-6235.8856 9622.9727 35
-9762.4202 6469.4623 39
7681.0223 8677.1317 5
-4506.8409 -3795.6961 11
-700.1674 9685.0579 13
-3908.2610 7358.2712 22
2433.0279 2461.4075 17
9315.6205 -8770.2281 41
5491.7162 -7728.1834 45
6575.6842 -9827.6439 26
9171.9444 1552.2579 49
7557.4113 -5782.1123 7
3871.0637 -1943.1266 15
-1418.7102 4663.5775 7
870.7298 -6562.7760 32
-9340.7519 6332.8915 8
-6774.4850 -7039.3255 36
-7662.9047 -8507.3566 8
1707.1930 -54.6229 47
-2349.6961 -2239.6643 19
6922.3579 -14.0623 4
1661.2419 622.6978 10
5919.0289 1842.8412 28
-6180.5197 4290.6571 18
5552.0027 7942.1540 45
2140.1125 6433.9065 18
-1502.3048 -3211.2070 15
-8085.1057 7019.6718 46
-7586.2108 -8171.6455 13
1852.1486 6526.7364 7
6058.0839 -3431.2696 5
-3065.4742 1199.0609 34
1889.5809 1502.2428 4
-4773.2967 6738.8571 46
-7399.9944 -4353.1364 30
-9171.9993 130.4017 47
-3634.6367 1713.7003 14
4873.6459 -1371.7113 34
-7267.8328 4329.8120 23
-9802.1281 3777.8990 34
157.5730 1109.3541 29
1661.0043 -9587.3817 45
-9363.3250 6422.2194 23
-8336.2549 -471.4820 44
-1228.3233 -170.0022 39
-6916.0717 630.9569 43
-5321.5441 -1811.5526 20
-9493.2399 -5624.3960 14
-4281.7984 9375.1290 15
6679.3396 -9187.3231 47
-6205.9613 9365.4623 31
-6218.6890 -125.8424 19
3210.0233 -1631.1988 37
1774.1193 -1717.0163 22
6453.5122 -8948.8367 33
3797.6342 -416.3476 45
-5244.8667 -1240.6711 27
8082.3157 -760.6851 8
-8968.9888 4866.1703 33
6098.2400 1384.6936 16
3767.6672 -9612.6934 13
-265.8122 -6594.7239 28
8716.5304 5378.3266 14
-3314.7537 9170.3042 11
2098.7665 -1212.1609 32
6598.5549 -3305.1106 11
-7535.4922 -5614.9787 27
-4315.9710 -7336.6968 46
2661.1015 8139.8407 5
8008.3141 -4542.8621 18
-86.1980 892.5544 36
-8689.6645 -7696.0998 41
-1711.4773 -7175.4687 32
-6728.6127 1255.8251 44
-9530.6930 2671.5696 41
6618.2517 9846.7607 1
509.2697 9176.7148 11
3950.9686 -472.5900 23
-343.4849 3666.1047 43
8462.1315 -2463.0374 44
8435.7270 4381.3237 5
5025.8871 -9380.2797 18
5209.0148 -2544.7680 27
1425.2715 -7543.5641 20
-7961.4866 -8014.7393 1
-7931.6234 8096.8618 21
-7364.4734 3033.3570 34
-363.5534 5039.0008 17
-1353.5930 -5329.6154 23
6578.7389 -5017.8949 28
7118.2491 -2003.3223 9
6798.3304 -8603.1234 2
6323.0372 -8469.1565 9
1411.6422 -1700.3688 11
-2350.1174 -287.2912 47
-3043.4929 -3096.3778 25
-3207.4719 4785.0812 24
2290.7331 3512.9223 17
4262.2041 1930.0496 12
-810.0679 -7510.3694 12
6223.9480 -4053.1980 21
898.3341 -2302.0837 24
-9324.8014 -274.4412 1
-4915.6530 -6486.0050 33
2467.9522 -2457.8495 38
2283.2341 4695.2281 18
5612.0954 2940.6497 9
8544.4284 -5988.5527 5
632.2532 779.3193 22
6173.0626 -4409.7067 29
5049.4522 1435.2749 24
3115.9023 -2282.7954 39
1856.6909 8538.7670 8
2006.2902 2592.9827 29
-4024.1012 -8185.8400 3
-2482.7603 -7593.0419 36
-848.8506 6825.6009 24
1368.3593 -7653.0843 21
-4027.4653 -8368.9498 13
-7599.6044 -9671.5285 21
2828.8246 -5530.1655 18
-2183.4921 3447.3285 44
5971.2859 -6492.3557 47
519.7882 -4451.6553 6
-594.6278 3610.6989 41
7432.4812 -1212.1723 26
3853.6691 9055.6329 42
6007.5330 1335.2555 7
4988.6856 7150.1642 40
-9020.3529 -2142.5802 6
-9458.5689 3190.8313 22
-7371.3030 7420.3565 12
3360.5213 286.9313 29
1143.6868 1701.0752 14
3868.6660 7892.4316 32
-446.7946 6505.5966 16
813.9818 7476.0101 27
1967.9895 -8135.5702 20
3923.0724 922.5843 28
7999.2690 1415.3264 18
2416.6219 -6235.1366 6
-8014.9878 5776.0841 2
-6353.6405 -9468.8862 19
-5471.9763 3678.0079 39
9328.3758 -1315.2172 7
7738.0670 -4655.4009 37
-5910.0959 -1700.3989 19
7338.1302 8016.3300 47
-3910.3044 -2781.4587 8
1079.0858 -7363.7983 10
-5637.5423 -4470.1772 9
7581.0407 430.1177 22
8056.9173 2243.0817 39
-4319.3063 2248.3493 24
-7854.9074 9702.4888 32
7545.6399 -5338.4771 11
1406.1216 -7653.1173 18
8212.6338 1371.2316 48
-5500.5079 9725.4731 35
5836.6667 -7455.4178 34
4333.4472 3380.6219 27
-9070.6188 1466.7648 20
-2807.6705 -2009.6901 22
9602.5767 2543.9131 23
-4497.3083 5889.2385 2
-1695.1349 6182.2990 36
-4360.2581 -9032.7722 38
1821.3350 8290.5126 42
-9364.3481 -8750.4924 27
784.4135 -6597.8591 11
9075.8969 3229.4313 24
1097.9091 9793.3510 39
7763.7968 -2748.5302 17
-9364.4698 949.6805 26
2122.6715 9647.3123 1
9038.4037 -6718.2211 9
5433.6793 -8634.2502 38
-8070.2812 2864.4658 3
-7191.4903 -1775.6429 7
291.2014 4575.7004 3
-1129.3884 -2562.0842 44
-4231.4995 7032.9322 10
-9331.6390 3826.7165 11
-6366.7472 2301.6755 32
8160.5080 2180.8073 47
2118.2431 -9367.9129 49
6429.3064 8923.9723 31
2059.2895 3442.4737 22
-439.8777 -3011.4055 26
56.3074 2731.5607 4
2473.3323 2104.1211 27
-6613.0810 -6146.4873 38
-2399.6495 7798.9523 9
-3732.6520 3129.5237 28
8645.6984 1520.4195 26
-8561.0688 -4183.0103 10
-7733.5031 4498.4350 10
-9513.8343 8960.7042 48
1880.3864 2466.0340 10
-1603.3042 8130.3810 1
5124.9527 5392.4724 6
4293.3168 8889.2776 3
538.7919 -711.2366 23
-5102.2176 -6268.1644 11
7434.2226 -9630.1555 14
-8254.1583 5739.1599 32
-7945.6001 5627.6661 29
8838.6031 -2468.5033 42
-5437.0754 2412.9645 19
-3629.7072 4160.7565 23
4029.6947 4974.2792 13
2529.3848 7895.1970 31
-7549.9557 6116.7317 26
8682.1766 8343.0342 22
1411.7163 4427.5793 27
-7023.0526 -3387.8205 23
-836.8724 -1462.9450 46
-6386.9596 9200.5988 5
-8287.1994 1544.5256 46
8120.5104 4346.8799 20
5176.3051 4087.3188 38
9838.2603 8735.6685 27
7440.6667 1744.6371 37
-9743.6033 6707.2436 40
5850.5381 6593.0715 5
-9348.7645 8078.0520 41
-1525.9017 2135.9564 49
9528.2813 -5576.3978 24
-2481.2043 -3724.2006 18
2037.2321 -7800.1922 21
-9342.1685 -4589.5423 26
6130.0716 2829.9143 14
792.1107 2088.9177 47
2531.8978 5939.1789 34
8250.5870 5429.1350 19
-8537.6028 -4493.0438 19
1802.6632 8957.3376 14
8867.5288 4238.2465 1
-4413.4032 -8555.5938 46
9230.3153 -8615.8915 43
-8664.9842 -2643.7998 47
-1859.4298 4985.7165 33
-3897.2494 9626.1247 37
-9075.9526 5506.6769 28
-8085.8476 -4083.6691 11
-6299.6478 8821.4538 1
8926.0266 -4084.0412 1
5175.6689 -8214.4880 4
-4135.1276 5221.4056 29
5747.5760 -7583.0375 12
-8656.0431 725.6730 46
-3864.4502 354.5861 30
-2015.7303 -3645.6298 15
9883.7147 8305.1654 15
3868.8885 -7796.6924 15
-5612.1672 7519.6710 22
4416.3870 -4661.0859 22
-2018.9981 -6233.3455 9
2580.0533 -8315.0806 47
-9738.3019 578.0332 2
5018.8015 -8886.1369 10
499.0022 -2491.0481 21
-9551.1140 -3220.0271 47
-6498.8811 5688.6652 41
-538.2092 -2135.1089 11
1626.5853 -1308.5151 46
7897.2224 7181.6852 10
-5786.1512 -2256.5216 39
7117.6301 -6334.3302 27
6944.9721 7174.7341 1
-2853.3127 8267.3209 44
-5349.8080 2202.8239 39
-5278.4248 9702.0248 22
-4528.3081 6393.6152 16
2293.1201 3869.6696 6
-3717.8020 382.9140 6
-5416.7216 -7251.3238 37
-3538.2608 4316.1592 32
-9545.8438 -2329.6373 29
224.0576 239.7792 7
-9710.8950 4209.7997 24
-6341.1088 6845.3973 30
1341.9385 4558.7206 37
9372.8308 -7118.9316 21
2222.1380 -7067.0701 10
6397.9025 -3036.0645 43
9728.1808 6001.2881 29
5412.6765 -5197.2990 36
142.9893 -3911.6065 26
-8050.9221 -7947.9329 31
-6126.5205 -4395.0672 43
-4843.4310 3669.8944 39
-8762.1497 -8532.6730 5
2670.1238 5377.6266 37
-5902.3322 -5454.8646 11
-9411.9656 1261.3825 26
-4782.9891 -7536.2894 49
-3191.8714 -8091.1123 16
5568.5461 6652.0819 1
-8707.5345 -4863.1406 1
3045.6716 2551.5804 8
4597.4297 -7601.4164 45
4356.8867 3050.3855 28
8043.8555 6798.7153 15
-6123.7663 4841.2504 44
-8402.0511 4338.3351 29
1496.4695 8271.4821 18
-6023.6657 -3115.6919 13
-8075.8325 -5354.6382 15
1013.8131 -8941.1743 27
-3248.0178 4971.3566 30
-1944.1444 -9321.4231 5
-929.1365 -1869.6157 2
-6013.4819 7579.2521 5
-3110.9864 -7939.3419 7
-5510.1645 -497.6331 5
-17.2110 3228.0664 44
-28.6657 6076.0518 6
2148.8639 -5205.5816 21
-4902.1125 8856.9473 2
9953.1358 -8251.8381 25
5768.7010 6972.3803 42
-5629.5815 -419.2708 40
7493.1030 4841.4338 34
5107.4320 -4255.3243 15
-9681.0381 -2510.5862 26
7185.8458 -1864.5847 49
8363.4238 -6574.6729 18
-8681.3324 -3902.4301 39
2421.4642 -3738.6696 12
-6148.2242 -4679.2267 25
7064.3136 7657.7616 42
-7297.8859 -3026.3493 39
-8070.0246 9086.7434 49
2652.4126 4693.4896 35
-1065.5735 3366.0877 6
-9791.9302 8748.2358 39
-3284.7353 -9046.1152 31
3671.2171 -5777.5598 23
678.9157 6187.4827 14
2668.7674 -2371.8598 8
5797.7454 7270.4140 47
-979.9610 1061.8637 16
-165.3759 -8823.7866 27
-1847.3687 6090.6896 22
-2643.2543 5651.6228 18
7776.8929 3476.5086 48
-9178.5437 -8689.7465 34
-3244.8419 -6903.8892 3
-7953.2793 -1922.3240 13
2768.8919 2497.6444 42
-365.6581 8581.0308 11
1510.7418 4075.8847 20
-2789.8431 5931.5337 42
4648.8632 9289.7084 38
2880.3708 5165.1329 6
7228.2436 7328.4976 37
9690.6824 -9036.0845 7
-9876.5376 5549.4285 15
-9417.3503 8520.5853 15
-5859.4123 -4485.1905 47
8964.7860 -3315.1097 15
-2864.5712 4990.4687 12
9742.2532 9567.3755 48
-1892.1152 -8596.3756 14
2674.1180 -7743.1021 21
-8806.4218 4882.1248 7
-522.3652 -6058.4221 40
3767.4066 -8897.8223 36
9729.5265 -2435.0997 11
2252.0090 4124.0530 2
8578.5443 -2082.7112 8
-5125.8382 -6992.1196 47
4865.9667 3238.9872 11
8428.7230 7833.2368 15
-8212.4029 6907.9915 41
4344.0378 -1089.8114 9
-1217.0906 6797.3721 17
37.1440 8400.3895 30
-5354.4560 -8248.6351 40
-480.5278 572.0294 34
484.4952 9315.7724 48
4107.8788 5025.9825 33
-4616.0081 664.6952 39
-212.2830 -9289.6854 3
-4880.4926 -4640.1204 9
-5788.3033 -4470.5821 10
-5080.0759 -5442.9270 10
6824.1866 92.9479 14
771.6083 354.4233 29
-8342.4029 6960.7630 11
-7904.6473 403.7660 38
6018.0656 6620.3647 16
-2268.4840 2634.1335 7
4202.1682 -2106.6373 21
-9935.9033 189.2506 14
7842.8942 -7316.2928 11
8.1553 5464.1041 19
-7612.6305 -1794.4701 30
6736.1968 -6958.1258 20
-3607.4681 2252.3520 32
-7887.7593 -5622.5763 12
3021.4574 -8260.6260 26
8545.9308 -7327.8660 41
-892.3701 -660.1104 5
3606.5903 -6886.6864 37
-3604.4702 7070.3085 32
1753.8057 1393.4100 16
-7756.8776 5317.3769 45
-1935.5013 -2042.6762 13
-2733.2742 9729.2774 17
9042.5835 6643.2116 26
68.9756 8790.5090 37
911.7010 3935.4993 21
-6259.3833 2979.2275 5
4719.4608 -8838.6574 30
-8722.5687 -2111.1857 24
-7334.1680 2141.3197 10
-2297.0510 9199.6855 31
1636.9613 6958.6549 23
4558.6755 -6417.1454 25
-5499.4720 5339.8868 27
2560.9887 7887.1338 26
-1178.2409 8050.7676 29
-5391.3368 5814.4623 19
-6108.6389 6947.6315 21
375.0996 -8723.8889 25
3838.0294 577.0986 43
3226.5240 3752.5344 31
-7119.3422 1066.5499 29
-8858.4333 9582.5476 1
-5193.7115 2834.3946 34
3588.2079 9285.6499 27
-4517.8654 9797.7595 40
1717.6690 -2323.5790 39
9309.5181 1390.3656 34
7687.9780 -8662.3529 6
-9915.0355 -8694.9009 44
1179.2893 515.8581 3
-8501.3408 900.2427 15
-9975.1088 3380.8493 49
-4670.2318 -7421.4113 11
-2137.6074 -25.4218 24
-2618.2915 7876.6322 35
764.2849 -7159.0291 21
-2903.1983 1361.2547 28
