2
2000
-5656.6490 7760.0924 34
-5656.3068 7753.8422 10
-5655.9647 7747.5920 27
-5655.6225 7741.3418 38
-5655.2804 7735.0915 18
-5654.9382 7728.8413 47
-5654.5961 7722.5911 37
-5654.2540 7716.3409 28
-5653.9118 7710.0906 43
-5653.5697 7703.8404 23
-5653.2275 7697.5902 15
-5652.8854 7691.3400 29
-5652.5432 7685.0898 12
-5652.2011 7678.8395 17
-5651.8590 7672.5893 23
-5651.5168 7666.3391 25
-5651.1747 7660.0889 33
-5650.8325 7653.8386 17
-5650.4904 7647.5884 21
-5650.1482 7641.3382 1
-5649.8061 7635.0880 19
-5649.4639 7628.8377 1
-5649.1218 7622.5875 37
-5648.7797 7616.3373 35
-5648.4375 7610.0871 40
-5648.0954 7603.8368 13
-5647.7532 7597.5866 47
-5647.4111 7591.3364 42
-5647.0689 7585.0862 22
-5646.7268 7578.8359 47
-5646.3847 7572.5857 10
-5646.0425 7566.3355 1
-5645.7004 7560.0853 5
-5645.3582 7553.8350 30
-5645.0161 7547.5848 8
-5644.6739 7541.3346 35
-5644.3318 7535.0844 32
-5643.9896 7528.8341 7
-5643.6475 7522.5839 3
-5643.3054 7516.3337 27
-5642.9632 7510.0835 23
-5642.6211 7503.8333 29
-5642.2789 7497.5830 48
-5641.9368 7491.3328 20
-5641.5946 7485.0826 9
-5641.2525 7478.8324 20
-5640.9104 7472.5821 15
-5640.5682 7466.3319 27
-5640.2261 7460.0817 17
-5639.8839 7453.8315 9
-5639.5418 7447.5812 9
-5639.1996 7441.3310 4
-5638.8575 7435.0808 25
-5638.5153 7428.8306 21
-5638.1732 7422.5803 28
-5637.8311 7416.3301 15
-5637.4889 7410.0799 30
-5637.1468 7403.8297 40
-5636.8046 7397.5794 19
-5636.4625 7391.3292 6
-5636.1203 7385.0790 40
-5635.7782 7378.8288 6
-5635.4361 7372.5785 39
-5635.0939 7366.3283 25
-5634.7518 7360.0781 11
-5634.4096 7353.8279 14
-5634.0675 7347.5776 21
-5633.7253 7341.3274 19
-5633.3832 7335.0772 38
-5633.0411 7328.8270 29
-5632.6989 7322.5768 1
-5632.3568 7316.3265 2
-5632.0146 7310.0763 30
-5631.6725 7303.8261 20
-5631.3303 7297.5759 4
-5630.9882 7291.3256 45
-5630.6460 7285.0754 43
-5630.3039 7278.8252 35
-5629.9618 7272.5750 4
-5629.6196 7266.3247 11
-5629.2775 7260.0745 32
-5628.9353 7253.8243 43
-5628.5932 7247.5741 42
-5628.2510 7241.3238 36
-5627.9089 7235.0736 36
-5627.5668 7228.8234 10
-5627.2246 7222.5732 4
-5626.8825 7216.3229 26
-5626.5403 7210.0727 1
-5626.1982 7203.8225 2
-5625.8560 7197.5723 4
-5625.5139 7191.3220 48
-5625.1717 7185.0718 32
-5624.8296 7178.8216 34
-5624.4875 7172.5714 34
-5624.1453 7166.3211 27
-5623.8032 7160.0709 41
-5623.4610 7153.8207 48
-5623.1189 7147.5705 19
-5622.7767 7141.3203 32
-5622.4346 7135.0700 14
-5622.0925 7128.8198 33
-5621.7503 7122.5696 11
-5621.4082 7116.3194 17
-5621.0660 7110.0691 40
-5620.7239 7103.8189 9
-5620.3817 7097.5687 9
-5620.0396 7091.3185 43
-5619.6974 7085.0682 14
-5619.3553 7078.8180 42
-5619.0132 7072.5678 21
-5618.6710 7066.3176 12
-5618.3289 7060.0673 34
-5617.9867 7053.8171 31
-5617.6446 7047.5669 4
-5617.3024 7041.3167 16
-5616.9603 7035.0664 35
-5616.6182 7028.8162 46
-5616.2760 7022.5660 39
-5615.9339 7016.3158 43
-5615.5917 7010.0655 2
-5615.2496 7003.8153 33
-5614.9074 6997.5651 13
-5614.5653 6991.3149 19
-5614.2232 6985.0646 35
-5613.8810 6978.8144 47
-5613.5389 6972.5642 44
-5613.1967 6966.3140 35
-5612.8546 6960.0638 16
-5612.5124 6953.8135 41
-5612.1703 6947.5633 33
-5611.8281 6941.3131 10
-5611.4860 6935.0629 35
-5611.1439 6928.8126 35
-5610.8017 6922.5624 9
-5610.4596 6916.3122 27
-5610.1174 6910.0620 20
-5609.7753 6903.8117 28
-5609.4331 6897.5615 29
-5609.0910 6891.3113 23
-5608.7489 6885.0611 10
-5608.4067 6878.8108 15
-5608.0646 6872.5606 45
-5607.7224 6866.3104 23
-5607.3803 6860.0602 9
-5607.0381 6853.8099 7
-5606.6960 6847.5597 2
-5606.3538 6841.3095 8
-5606.0117 6835.0593 37
-5605.6696 6828.8090 46
-5605.3274 6822.5588 16
-5604.9853 6816.3086 3
-5604.6431 6810.0584 48
-5604.3010 6803.8081 10
-5603.9588 6797.5579 35
-5603.6167 6791.3077 36
-5603.2746 6785.0575 35
-5602.9324 6778.8073 6
-5602.5903 6772.5570 10
-5602.2481 6766.3068 8
-5601.9060 6760.0566 36
-5601.5638 6753.8064 34
-5601.2217 6747.5561 25
-5600.8796 6741.3059 2
-5600.5374 6735.0557 14
-5600.1953 6728.8055 47
-5599.8531 6722.5552 6
-5599.5110 6716.3050 9
-5599.1688 6710.0548 41
-5598.8267 6703.8046 11
-5598.4845 6697.5543 49
-5598.1424 6691.3041 9
-5597.8003 6685.0539 27
-5597.4581 6678.8037 42
-5597.1160 6672.5534 32
-5596.7738 6666.3032 16
-5596.4317 6660.0530 38
-5596.0895 6653.8028 28
-5595.7474 6647.5525 2
-5595.4053 6641.3023 12
-5595.0631 6635.0521 43
-5594.7210 6628.8019 14
-5594.3788 6622.5516 34
-5594.0367 6616.3014 47
-5593.6945 6610.0512 12
-5593.3524 6603.8010 44
-5593.0102 6597.5508 7
-5592.6681 6591.3005 49
-5592.3260 6585.0503 1
-5591.9838 6578.8001 47
-5591.6417 6572.5499 37
-5591.2995 6566.2996 33
-5590.9574 6560.0494 34
-5590.6152 6553.7992 8
-5590.2731 6547.5490 4
-5589.9310 6541.2987 40
-5589.5888 6535.0485 18
-5589.2467 6528.7983 5
-5588.9045 6522.5481 41
-5588.5624 6516.2978 49
-5588.2202 6510.0476 3
-5587.8781 6503.7974 46
-5587.5359 6497.5472 47
-5587.1938 6491.2969 4
-5586.8517 6485.0467 4
-5586.5095 6478.7965 9
-5586.1674 6472.5463 1
-5585.8252 6466.2960 1
-5585.4831 6460.0458 45
-5585.1409 6453.7956 24
-5584.7988 6447.5454 35
-5584.4567 6441.2951 30
-5584.1145 6435.0449 34
-5583.7724 6428.7947 32
-5583.4302 6422.5445 48
-5583.0881 6416.2943 45
-5582.7459 6410.0440 8
-5582.4038 6403.7938 30
-5582.0617 6397.5436 32
-5581.7195 6391.2934 25
-5581.3774 6385.0431 13
-5581.0352 6378.7929 1
-5580.6931 6372.5427 28
-5580.3509 6366.2925 17
-5580.0088 6360.0422 35
-5579.6666 6353.7920 13
-5579.3245 6347.5418 49
-5578.9824 6341.2916 22
-5578.6402 6335.0413 43
-5578.2981 6328.7911 5
-5577.9559 6322.5409 21
-5577.6138 6316.2907 27
-5577.2716 6310.0404 1
-5576.9295 6303.7902 4
-5576.5874 6297.5400 41
-5576.2452 6291.2898 38
-5575.9031 6285.0395 45
-5575.5609 6278.7893 5
-5575.2188 6272.5391 42
-5574.8766 6266.2889 47
-5574.5345 6260.0386 37
-5574.1923 6253.7884 24
-5573.8502 6247.5382 12
-5573.5081 6241.2880 23
-5573.1659 6235.0378 8
-5572.8238 6228.7875 38
-5572.4816 6222.5373 1
-5572.1395 6216.2871 30
-5571.7973 6210.0369 4
-5571.4552 6203.7866 39
-5571.1131 6197.5364 37
-5570.7709 6191.2862 33
-5570.4288 6185.0360 47
-5570.0866 6178.7857 30
-5569.7445 6172.5355 35
-5569.4023 6166.2853 6
-5569.0602 6160.0351 45
-5568.7180 6153.7848 32
-5568.3759 6147.5346 27
-5568.0338 6141.2844 29
-5567.6916 6135.0342 40
-5567.3495 6128.7839 34
-5567.0073 6122.5337 9
-5566.6652 6116.2835 21
-5566.3230 6110.0333 42
-5565.9809 6103.7830 44
-5565.6388 6097.5328 7
-5565.2966 6091.2826 7
-5564.9545 6085.0324 30
-5564.6123 6078.7821 2
-5564.2702 6072.5319 24
-5563.9280 6066.2817 13
-5563.5859 6060.0315 28
-5563.2438 6053.7813 34
-5562.9016 6047.5310 27
-5562.5595 6041.2808 19
-5562.2173 6035.0306 19
-5561.8752 6028.7804 46
-5561.5330 6022.5301 24
-5561.1909 6016.2799 43
-5560.8487 6010.0297 14
-5560.5066 6003.7795 36
-5560.1645 5997.5292 17
-5559.8223 5991.2790 12
-5559.4802 5985.0288 1
-5559.1380 5978.7786 23
-5558.7959 5972.5283 31
-5558.4537 5966.2781 34
-5558.1116 5960.0279 37
-5557.7695 5953.7777 22
-5557.4273 5947.5274 34
-5557.0852 5941.2772 18
-5556.7430 5935.0270 5
-5556.4009 5928.7768 41
-5556.0587 5922.5265 3
-5555.7166 5916.2763 35
-5555.3744 5910.0261 30
-5555.0323 5903.7759 25
-5554.6902 5897.5256 45
-5554.3480 5891.2754 39
-5554.0059 5885.0252 45
-5553.6637 5878.7750 27
-5553.3216 5872.5248 9
-5552.9794 5866.2745 18
-5552.6373 5860.0243 35
-5552.2952 5853.7741 9
-5551.9530 5847.5239 30
-5551.6109 5841.2736 8
-5551.2687 5835.0234 14
-5550.9266 5828.7732 47
-5550.5844 5822.5230 32
-5550.2423 5816.2727 21
-5549.9001 5810.0225 14
-5549.5580 5803.7723 31
-5549.2159 5797.5221 20
-5548.8737 5791.2718 37
-5548.5316 5785.0216 12
-5548.1894 5778.7714 16
-5547.8473 5772.5212 10
-5547.5051 5766.2709 1
-5547.1630 5760.0207 17
-5546.8209 5753.7705 12
-5546.4787 5747.5203 25
-5546.1366 5741.2700 14
-5545.7944 5735.0198 36
-5545.4523 5728.7696 49
-5545.1101 5722.5194 48
-5544.7680 5716.2691 8
-5544.4259 5710.0189 15
-5544.0837 5703.7687 18
-5543.7416 5697.5185 16
-5543.3994 5691.2683 13
-5543.0573 5685.0180 44
-5542.7151 5678.7678 32
-5542.3730 5672.5176 36
-5542.0308 5666.2674 20
-5541.6887 5660.0171 1
-5541.3466 5653.7669 1
-5541.0044 5647.5167 22
-5540.6623 5641.2665 10
-5540.3201 5635.0162 38
-5539.9780 5628.7660 8
-5539.6358 5622.5158 39
-5539.2937 5616.2656 28
-5538.9516 5610.0153 5
-5538.6094 5603.7651 48
-5538.2673 5597.5149 7
-5537.9251 5591.2647 37
-5537.5830 5585.0144 28
-5537.2408 5578.7642 16
-5536.8987 5572.5140 48
-5536.5565 5566.2638 36
-5536.2144 5560.0135 13
-5535.8723 5553.7633 30
-5535.5301 5547.5131 4
-5535.1880 5541.2629 42
-5534.8458 5535.0126 26
-5534.5037 5528.7624 44
-5534.1615 5522.5122 45
-5533.8194 5516.2620 9
-5533.4773 5510.0118 29
-5533.1351 5503.7615 10
-5532.7930 5497.5113 43
-5532.4508 5491.2611 45
-5532.1087 5485.0109 34
-5531.7665 5478.7606 20
-5531.4244 5472.5104 45
-5531.0823 5466.2602 18
-5530.7401 5460.0100 38
-5530.3980 5453.7597 17
-5530.0558 5447.5095 6
-5529.7137 5441.2593 37
-5529.3715 5435.0091 30
-5529.0294 5428.7588 14
-5528.6872 5422.5086 24
-5528.3451 5416.2584 10
-5528.0030 5410.0082 24
-5527.6608 5403.7579 33
-5527.3187 5397.5077 30
-5526.9765 5391.2575 13
-5526.6344 5385.0073 17
-5526.2922 5378.7570 1
-5525.9501 5372.5068 25
-5525.6080 5366.2566 36
-5525.2658 5360.0064 40
-5524.9237 5353.7561 28
-5524.5815 5347.5059 25
-5524.2394 5341.2557 37
-5523.8972 5335.0055 27
-5523.5551 5328.7553 38
-5523.2129 5322.5050 47
-5522.8708 5316.2548 12
-5522.5287 5310.0046 25
-5522.1865 5303.7544 8
-5521.8444 5297.5041 27
-5521.5022 5291.2539 45
-5521.1601 5285.0037 37
-5520.8179 5278.7535 28
-5520.4758 5272.5032 13
-5520.1337 5266.2530 41
-5519.7915 5260.0028 35
-5519.4494 5253.7526 33
-5519.1072 5247.5023 48
-5518.7651 5241.2521 47
-5518.4229 5235.0019 13
-5518.0808 5228.7517 35
-5517.7386 5222.5014 47
-5517.3965 5216.2512 8
-5517.0544 5210.0010 15
-5516.7122 5203.7508 34
-5516.3701 5197.5005 43
-5516.0279 5191.2503 43
-5515.6858 5185.0001 41
-5515.3436 5178.7499 17
-5515.0015 5172.4996 21
-5514.6594 5166.2494 22
-5514.3172 5159.9992 18
-5513.9751 5153.7490 37
-5513.6329 5147.4988 8
-5513.2908 5141.2485 19
-5512.9486 5134.9983 15
-5512.6065 5128.7481 21
-5512.2644 5122.4979 16
-5511.9222 5116.2476 28
-5511.5801 5109.9974 13
-5511.2379 5103.7472 15
-5510.8958 5097.4970 20
-5510.5536 5091.2467 25
-5510.2115 5084.9965 28
-5509.8693 5078.7463 3
-5509.5272 5072.4961 32
-5509.1851 5066.2458 33
-5508.8429 5059.9956 20
-5508.5008 5053.7454 6
-5508.1586 5047.4952 5
-5507.8165 5041.2449 35
-5507.4743 5034.9947 40
-5507.1322 5028.7445 30
-5506.7901 5022.4943 8
-5506.4479 5016.2440 41
-5506.1058 5009.9938 3
-5505.7636 5003.7436 48
-5505.4215 4997.4934 38
-5505.0793 4991.2431 20
-5504.7372 4984.9929 48
-5504.3950 4978.7427 25
-5504.0529 4972.4925 49
-5503.7108 4966.2423 45
-5503.3686 4959.9920 14
-5503.0265 4953.7418 6
-5502.6843 4947.4916 38
-5502.3422 4941.2414 39
-5502.0000 4934.9911 28
-5501.6579 4928.7409 33
-5501.3158 4922.4907 43
-5500.9736 4916.2405 2
-5500.6315 4909.9902 6
-5500.2893 4903.7400 33
-5499.9472 4897.4898 7
-5499.6050 4891.2396 2
-5499.2629 4884.9893 48
-5498.9207 4878.7391 14
-5498.5786 4872.4889 46
-5498.2365 4866.2387 18
-5497.8943 4859.9884 42
-5497.5522 4853.7382 33
-5497.2100 4847.4880 45
-5496.8679 4841.2378 40
-5496.5257 4834.9875 33
-5496.1836 4828.7373 7
-5495.8415 4822.4871 15
-5495.4993 4816.2369 16
-5495.1572 4809.9866 10
-5494.8150 4803.7364 12
-5494.4729 4797.4862 32
-5494.1307 4791.2360 8
-5493.7886 4784.9858 5
-5493.4465 4778.7355 41
-5493.1043 4772.4853 49
-5492.7622 4766.2351 45
-5492.4200 4759.9849 30
-5492.0779 4753.7346 40
-5491.7357 4747.4844 24
-5491.3936 4741.2342 6
-5491.0514 4734.9840 26
-5490.7093 4728.7337 35
-5490.3672 4722.4835 14
-5490.0250 4716.2333 10
-5489.6829 4709.9831 2
-5489.3407 4703.7328 12
-5488.9986 4697.4826 36
-5488.6564 4691.2324 32
-5488.3143 4684.9822 6
-5487.9722 4678.7319 45
-5487.6300 4672.4817 1
-5487.2879 4666.2315 42
-5486.9457 4659.9813 20
-5486.6036 4653.7310 42
-5486.2614 4647.4808 36
-5485.9193 4641.2306 38
-5485.5771 4634.9804 40
-5485.2350 4628.7301 24
-5484.8929 4622.4799 20
-5484.5507 4616.2297 15
-5484.2086 4609.9795 9
-5483.8664 4603.7293 2
-5483.5243 4597.4790 40
-5483.1821 4591.2288 34
-5482.8400 4584.9786 7
-5482.4979 4578.7284 8
-5482.1557 4572.4781 39
-5481.8136 4566.2279 35
-5481.4714 4559.9777 19
-5481.1293 4553.7275 6
-5480.7871 4547.4772 25
-5480.4450 4541.2270 42
-5480.1028 4534.9768 43
-5479.7607 4528.7266 32
-5479.4186 4522.4763 22
-5479.0764 4516.2261 25
-5478.7343 4509.9759 45
-5478.3921 4503.7257 14
-5478.0500 4497.4754 10
-5477.7078 4491.2252 16
-5477.3657 4484.9750 10
-5477.0236 4478.7248 32
-5476.6814 4472.4745 5
-5476.3393 4466.2243 10
-5475.9971 4459.9741 7
-5475.6550 4453.7239 27
-5475.3128 4447.4736 35
-5474.9707 4441.2234 33
-5474.6286 4434.9732 15
-5474.2864 4428.7230 29
-5473.9443 4422.4728 2
-5473.6021 4416.2225 14
-5473.2600 4409.9723 34
-5472.9178 4403.7221 27
-5472.5757 4397.4719 21
-5472.2335 4391.2216 6
-5471.8914 4384.9714 7
-5471.5493 4378.7212 43
-5471.2071 4372.4710 41
-5470.8650 4366.2207 29
-5470.5228 4359.9705 28
-5470.1807 4353.7203 44
-5469.8385 4347.4701 20
-5469.4964 4341.2198 45
-5469.1543 4334.9696 8
-5468.8121 4328.7194 39
-5468.4700 4322.4692 35
-5468.1278 4316.2189 13
-5467.7857 4309.9687 38
-5467.4435 4303.7185 10
-5467.1014 4297.4683 21
-5466.7592 4291.2180 37
-5466.4171 4284.9678 32
-5466.0750 4278.7176 11
-5465.7328 4272.4674 38
-5465.3907 4266.2171 24
-5465.0485 4259.9669 18
-5464.7064 4253.7167 23
-5464.3642 4247.4665 42
-5464.0221 4241.2163 2
-5463.6800 4234.9660 3
-5463.3378 4228.7158 41
-5462.9957 4222.4656 48
-5462.6535 4216.2154 26
-5462.3114 4209.9651 45
-5461.9692 4203.7149 30
-5461.6271 4197.4647 44
-5461.2849 4191.2145 42
-5460.9428 4184.9642 35
-5460.6007 4178.7140 1
-5460.2585 4172.4638 30
-5459.9164 4166.2136 26
-5459.5742 4159.9633 13
-5459.2321 4153.7131 22
-5458.8899 4147.4629 47
-5458.5478 4141.2127 12
-5458.2057 4134.9624 1
-5457.8635 4128.7122 24
-5457.5214 4122.4620 40
-5457.1792 4116.2118 13
-5456.8371 4109.9615 23
-5456.4949 4103.7113 48
-5456.1528 4097.4611 43
-5455.8107 4091.2109 9
-5455.4685 4084.9606 6
-5455.1264 4078.7104 11
-5454.7842 4072.4602 20
-5454.4421 4066.2100 48
-5454.0999 4059.9598 40
-5453.7578 4053.7095 7
-5453.4156 4047.4593 12
-5453.0735 4041.2091 33
-5452.7314 4034.9589 8
-5452.3892 4028.7086 12
-5452.0471 4022.4584 18
-5451.7049 4016.2082 40
-5451.3628 4009.9580 37
-5451.0206 4003.7077 12
-5450.6785 3997.4575 48
-5450.3364 3991.2073 35
-5449.9942 3984.9571 37
-5449.6521 3978.7068 48
-5449.3099 3972.4566 27
-5448.9678 3966.2064 49
-5448.6256 3959.9562 14
-5448.2835 3953.7059 19
-5447.9413 3947.4557 25
-5447.5992 3941.2055 14
-5447.2571 3934.9553 35
-5446.9149 3928.7050 28
-5446.5728 3922.4548 26
-5446.2306 3916.2046 33
-5445.8885 3909.9544 13
-5445.5463 3903.7041 17
-5445.2042 3897.4539 15
-5444.8621 3891.2037 37
-5444.5199 3884.9535 31
-5444.1778 3878.7033 34
-5443.8356 3872.4530 27
-5443.4935 3866.2028 1
-5443.1513 3859.9526 15
-5442.8092 3853.7024 14
-5442.4671 3847.4521 33
-5442.1249 3841.2019 46
-5441.7828 3834.9517 15
-5441.4406 3828.7015 14
-5441.0985 3822.4512 27
-5440.7563 3816.2010 5
-5440.4142 3809.9508 15
-5440.0720 3803.7006 49
-5439.7299 3797.4503 31
-5439.3878 3791.2001 2
-5439.0456 3784.9499 15
-5438.7035 3778.6997 3
-5438.3613 3772.4494 33
-5438.0192 3766.1992 32
-5437.6770 3759.9490 4
-5437.3349 3753.6988 26
-5436.9928 3747.4485 40
-5436.6506 3741.1983 39
-5436.3085 3734.9481 19
-5435.9663 3728.6979 18
-5435.6242 3722.4476 5
-5435.2820 3716.1974 18
-5434.9399 3709.9472 5
-5434.5977 3703.6970 36
-5434.2556 3697.4468 7
-5433.9135 3691.1965 45
-5433.5713 3684.9463 7
-5433.2292 3678.6961 48
-5432.8870 3672.4459 23
-5432.5449 3666.1956 11
-5432.2027 3659.9454 4
-5431.8606 3653.6952 5
-5431.5185 3647.4450 7
-5431.1763 3641.1947 14
-5430.8342 3634.9445 16
-5430.4920 3628.6943 6
-5430.1499 3622.4441 43
-5429.8077 3616.1938 32
-5429.4656 3609.9436 22
-5429.1234 3603.6934 4
-5428.7813 3597.4432 4
-5428.4392 3591.1929 38
-5428.0970 3584.9427 33
-5427.7549 3578.6925 12
-5427.4127 3572.4423 24
-5427.0706 3566.1920 34
-5426.7284 3559.9418 24
-5426.3863 3553.6916 41
-5426.0442 3547.4414 48
-5425.7020 3541.1911 34
-5425.3599 3534.9409 34
-5425.0177 3528.6907 37
-5424.6756 3522.4405 8
-5424.3334 3516.1903 15
-5423.9913 3509.9400 14
-5423.6492 3503.6898 8
-5423.3070 3497.4396 33
-5422.9649 3491.1894 13
-5422.6227 3484.9391 16
-5422.2806 3478.6889 45
-5421.9384 3472.4387 27
-5421.5963 3466.1885 41
-5421.2541 3459.9382 19
-5420.9120 3453.6880 47
-5420.5699 3447.4378 42
-5420.2277 3441.1876 41
-5419.8856 3434.9373 36
-5419.5434 3428.6871 7
-5419.2013 3422.4369 33
-5418.8591 3416.1867 19
-5418.5170 3409.9364 2
-5418.1749 3403.6862 39
-5417.8327 3397.4360 25
-5417.4906 3391.1858 14
-5417.1484 3384.9355 4
-5416.8063 3378.6853 26
-5416.4641 3372.4351 20
-5416.1220 3366.1849 46
-5415.7798 3359.9346 28
-5415.4377 3353.6844 17
-5415.0956 3347.4342 3
-5414.7534 3341.1840 20
-5414.4113 3334.9338 8
-5414.0691 3328.6835 47
-5413.7270 3322.4333 32
-5413.3848 3316.1831 32
-5413.0427 3309.9329 37
-5412.7006 3303.6826 30
-5412.3584 3297.4324 47
-5412.0163 3291.1822 30
-5411.6741 3284.9320 1
-5411.3320 3278.6817 17
-5410.9898 3272.4315 1
-5410.6477 3266.1813 25
-5410.3055 3259.9311 19
-5409.9634 3253.6808 21
-5409.6213 3247.4306 11
-5409.2791 3241.1804 17
-5408.9370 3234.9302 15
-5408.5948 3228.6799 40
-5408.2527 3222.4297 35
-5407.9105 3216.1795 31
-5407.5684 3209.9293 43
-5407.2263 3203.6790 11
-5406.8841 3197.4288 24
-5406.5420 3191.1786 9
-5406.1998 3184.9284 29
-5405.8577 3178.6781 38
-5405.5155 3172.4279 23
-5405.1734 3166.1777 38
-5404.8313 3159.9275 47
-5404.4891 3153.6773 40
-5404.1470 3147.4270 25
-5403.8048 3141.1768 36
-5403.4627 3134.9266 22
-5403.1205 3128.6764 41
-5402.7784 3122.4261 35
-5402.4362 3116.1759 10
-5402.0941 3109.9257 31
-5401.7520 3103.6755 41
-5401.4098 3097.4252 4
-5401.0677 3091.1750 26
-5400.7255 3084.9248 42
-5400.3834 3078.6746 35
-5400.0412 3072.4243 33
-5399.6991 3066.1741 29
-5399.3570 3059.9239 16
-5399.0148 3053.6737 13
-5398.6727 3047.4234 32
-5398.3305 3041.1732 25
-5397.9884 3034.9230 40
-5397.6462 3028.6728 47
-5397.3041 3022.4225 21
-5396.9619 3016.1723 19
-5396.6198 3009.9221 19
-5396.2777 3003.6719 3
-5395.9355 2997.4216 19
-5395.5934 2991.1714 32
-5395.2512 2984.9212 49
-5394.9091 2978.6710 33
-5394.5669 2972.4208 6
-5394.2248 2966.1705 48
-5393.8827 2959.9203 49
-5393.5405 2953.6701 33
-5393.1984 2947.4199 46
-5392.8562 2941.1696 34
-5392.5141 2934.9194 18
-5392.1719 2928.6692 44
-5391.8298 2922.4190 34
-5391.4876 2916.1687 10
-5391.1455 2909.9185 45
-5390.8034 2903.6683 35
-5390.4612 2897.4181 38
-5390.1191 2891.1678 19
-5389.7769 2884.9176 6
-5389.4348 2878.6674 12
-5389.0926 2872.4172 5
-5388.7505 2866.1669 48
-5388.4084 2859.9167 24
-5388.0662 2853.6665 16
-5387.7241 2847.4163 46
-5387.3819 2841.1660 28
-5387.0398 2834.9158 12
-5386.6976 2828.6656 30
-5386.3555 2822.4154 39
-5386.0134 2816.1651 36
-5385.6712 2809.9149 15
-5385.3291 2803.6647 19
-5384.9869 2797.4145 23
-5384.6448 2791.1643 32
-5384.3026 2784.9140 5
-5383.9605 2778.6638 11
-5383.6183 2772.4136 42
-5383.2762 2766.1634 27
-5382.9341 2759.9131 12
-5382.5919 2753.6629 32
-5382.2498 2747.4127 34
-5381.9076 2741.1625 5
-5381.5655 2734.9122 38
-5381.2233 2728.6620 17
-5380.8812 2722.4118 48
-5380.5391 2716.1616 5
-5380.1969 2709.9113 17
-5379.8548 2703.6611 20
-5379.5126 2697.4109 10
-5379.1705 2691.1607 7
-5378.8283 2684.9104 7
-5378.4862 2678.6602 4
-5378.1440 2672.4100 47
-5377.8019 2666.1598 30
-5377.4598 2659.9095 1
-5377.1176 2653.6593 13
-5376.7755 2647.4091 47
-5376.4333 2641.1589 8
-5376.0912 2634.9086 6
-5375.7490 2628.6584 9
-5375.4069 2622.4082 36
-5375.0648 2616.1580 8
-5374.7226 2609.9078 1
-5374.3805 2603.6575 49
-5374.0383 2597.4073 44
-5373.6962 2591.1571 24
-5373.3540 2584.9069 4
-5373.0119 2578.6566 24
-5372.6698 2572.4064 40
-5372.3276 2566.1562 46
-5371.9855 2559.9060 16
-5371.6433 2553.6557 32
-5371.3012 2547.4055 17
-5370.9590 2541.1553 25
-5370.6169 2534.9051 18
-5370.2747 2528.6548 38
-5369.9326 2522.4046 20
-5369.5905 2516.1544 22
-5369.2483 2509.9042 28
-5368.9062 2503.6539 12
-5368.5640 2497.4037 31
-5368.2219 2491.1535 36
-5367.8797 2484.9033 47
-5367.5376 2478.6530 24
-5367.1955 2472.4028 29
-5366.8533 2466.1526 34
-5366.5112 2459.9024 10
-5366.1690 2453.6521 21
-5365.8269 2447.4019 47
-5365.4847 2441.1517 6
-5365.1426 2434.9015 34
-5364.8004 2428.6513 45
-5364.4583 2422.4010 14
-5364.1162 2416.1508 43
-5363.7740 2409.9006 7
-5363.4319 2403.6504 33
-5363.0897 2397.4001 46
-5362.7476 2391.1499 2
-5362.4054 2384.8997 41
-5362.0633 2378.6495 22
-5361.7212 2372.3992 22
-5361.3790 2366.1490 9
-5361.0369 2359.8988 49
-5360.6947 2353.6486 1
-5360.3526 2347.3983 37
-5360.0104 2341.1481 38
-5359.6683 2334.8979 4
-5359.3261 2328.6477 30
-5358.9840 2322.3974 26
-5358.6419 2316.1472 21
-5358.2997 2309.8970 20
-5357.9576 2303.6468 22
-5357.6154 2297.3965 13
-5357.2733 2291.1463 34
-5356.9311 2284.8961 5
-5356.5890 2278.6459 13
-5356.2469 2272.3956 10
-5355.9047 2266.1454 34
-5355.5626 2259.8952 10
-5355.2204 2253.6450 44
-5354.8783 2247.3948 23
-5354.5361 2241.1445 31
-5354.1940 2234.8943 22
-5353.8519 2228.6441 14
-5353.5097 2222.3939 29
-5353.1676 2216.1436 4
-5352.8254 2209.8934 28
-5352.4833 2203.6432 42
-5352.1411 2197.3930 43
-5351.7990 2191.1427 46
-5351.4568 2184.8925 45
-5351.1147 2178.6423 8
-5350.7726 2172.3921 35
-5350.4304 2166.1418 41
-5350.0883 2159.8916 22
-5349.7461 2153.6414 17
-5349.4040 2147.3912 18
-5349.0618 2141.1409 18
-5348.7197 2134.8907 23
-5348.3776 2128.6405 7
-5348.0354 2122.3903 36
-5347.6933 2116.1400 24
-5347.3511 2109.8898 37
-5347.0090 2103.6396 49
-5346.6668 2097.3894 27
-5346.3247 2091.1391 44
-5345.9825 2084.8889 16
-5345.6404 2078.6387 5
-5345.2983 2072.3885 9
-5344.9561 2066.1383 9
-5344.6140 2059.8880 24
-5344.2718 2053.6378 45
-5343.9297 2047.3876 29
-5343.5875 2041.1374 48
-5343.2454 2034.8871 47
-5342.9033 2028.6369 45
-5342.5611 2022.3867 32
-5342.2190 2016.1365 2
-5341.8768 2009.8862 11
-5341.5347 2003.6360 41
-5341.1925 1997.3858 30
-5340.8504 1991.1356 36
-5340.5082 1984.8853 29
-5340.1661 1978.6351 28
-5339.8240 1972.3849 11
-5339.4818 1966.1347 1
-5339.1397 1959.8844 15
-5338.7975 1953.6342 5
-5338.4554 1947.3840 26
-5338.1132 1941.1338 10
-5337.7711 1934.8835 46
-5337.4290 1928.6333 2
-5337.0868 1922.3831 38
-5336.7447 1916.1329 29
-5336.4025 1909.8826 29
-5336.0604 1903.6324 33
-5335.7182 1897.3822 19
-5335.3761 1891.1320 40
-5335.0340 1884.8818 9
-5334.6918 1878.6315 10
-5334.3497 1872.3813 10
-5334.0075 1866.1311 44
-5333.6654 1859.8809 34
-5333.3232 1853.6306 17
-5332.9811 1847.3804 33
-5332.6389 1841.1302 17
-5332.2968 1834.8800 44
-5331.9547 1828.6297 41
-5331.6125 1822.3795 4
-5331.2704 1816.1293 1
-5330.9282 1809.8791 5
-5330.5861 1803.6288 49
-5330.2439 1797.3786 38
-5329.9018 1791.1284 19
-5329.5597 1784.8782 33
-5329.2175 1778.6279 42
-5328.8754 1772.3777 45
-5328.5332 1766.1275 21
-5328.1911 1759.8773 13
-5327.8489 1753.6270 46
-5327.5068 1747.3768 44
-5327.1646 1741.1266 15
-5326.8225 1734.8764 2
-5326.4804 1728.6261 49
-5326.1382 1722.3759 47
-5325.7961 1716.1257 30
-5325.4539 1709.8755 46
-5325.1118 1703.6253 6
-5324.7696 1697.3750 34
-5324.4275 1691.1248 39
-5324.0854 1684.8746 25
-5323.7432 1678.6244 9
-5323.4011 1672.3741 37
-5323.0589 1666.1239 20
-5322.7168 1659.8737 12
-5322.3746 1653.6235 20
-5322.0325 1647.3732 11
-5321.6903 1641.1230 19
-5321.3482 1634.8728 25
-5321.0061 1628.6226 25
-5320.6639 1622.3723 40
-5320.3218 1616.1221 42
-5319.9796 1609.8719 30
-5319.6375 1603.6217 10
-5319.2953 1597.3714 27
-5318.9532 1591.1212 8
-5318.6111 1584.8710 4
-5318.2689 1578.6208 48
-5317.9268 1572.3705 9
-5317.5846 1566.1203 29
-5317.2425 1559.8701 28
-5316.9003 1553.6199 29
-5316.5582 1547.3696 10
-5316.2161 1541.1194 15
-5315.8739 1534.8692 35
-5315.5318 1528.6190 39
-5315.1896 1522.3688 44
-5314.8475 1516.1185 28
-5314.5053 1509.8683 49
-5314.1632 1503.6181 12
-5313.8210 1497.3679 29
-5313.4789 1491.1176 49
-5313.1368 1484.8674 32
-5312.7946 1478.6172 6
-5312.4525 1472.3670 4
-5312.1103 1466.1167 15
-5311.7682 1459.8665 31
-5311.4260 1453.6163 48
-5311.0839 1447.3661 21
-5310.7418 1441.1158 7
-5310.3996 1434.8656 18
-5310.0575 1428.6154 14
-5309.7153 1422.3652 32
-5309.3732 1416.1149 16
-5309.0310 1409.8647 8
-5308.6889 1403.6145 29
-5308.3467 1397.3643 14
-5308.0046 1391.1140 31
-5307.6625 1384.8638 40
-5307.3203 1378.6136 38
-5306.9782 1372.3634 4
-5306.6360 1366.1131 20
-5306.2939 1359.8629 35
-5305.9517 1353.6127 47
-5305.6096 1347.3625 40
-5305.2675 1341.1123 35
-5304.9253 1334.8620 37
-5304.5832 1328.6118 8
-5304.2410 1322.3616 10
-5303.8989 1316.1114 12
-5303.5567 1309.8611 38
-5303.2146 1303.6109 32
-5302.8724 1297.3607 18
-5302.5303 1291.1105 16
-5302.1882 1284.8602 15
-5301.8460 1278.6100 8
-5301.5039 1272.3598 27
-5301.1617 1266.1096 46
-5300.8196 1259.8593 5
-5300.4774 1253.6091 3
-5300.1353 1247.3589 34
-5299.7932 1241.1087 29
-5299.4510 1234.8584 4
-5299.1089 1228.6082 40
-5298.7667 1222.3580 49
-5298.4246 1216.1078 38
-5298.0824 1209.8575 41
-5297.7403 1203.6073 31
-5297.3982 1197.3571 14
-5297.0560 1191.1069 28
-5296.7139 1184.8566 16
-5296.3717 1178.6064 31
-5296.0296 1172.3562 17
-5295.6874 1166.1060 41
-5295.3453 1159.8558 35
-5295.0031 1153.6055 21
-5294.6610 1147.3553 32
-5294.3189 1141.1051 39
-5293.9767 1134.8549 26
-5293.6346 1128.6046 19
-5293.2924 1122.3544 25
-5292.9503 1116.1042 26
-5292.6081 1109.8540 1
-5292.2660 1103.6037 22
-5291.9239 1097.3535 8
-5291.5817 1091.1033 45
-5291.2396 1084.8531 10
-5290.8974 1078.6028 31
-5290.5553 1072.3526 40
-5290.2131 1066.1024 39
-5289.8710 1059.8522 35
-5289.5288 1053.6019 11
-5289.1867 1047.3517 32
-5288.8446 1041.1015 43
-5288.5024 1034.8513 22
-5288.1603 1028.6010 2
-5287.8181 1022.3508 17
-5287.4760 1016.1006 18
-5287.1338 1009.8504 3
-5286.7917 1003.6001 10
-5286.4496 997.3499 8
-5286.1074 991.0997 47
-5285.7653 984.8495 49
-5285.4231 978.5993 20
-5285.0810 972.3490 32
-5284.7388 966.0988 30
-5284.3967 959.8486 8
-5284.0546 953.5984 6
-5283.7124 947.3481 19
-5283.3703 941.0979 28
-5283.0281 934.8477 34
-5282.6860 928.5975 32
-5282.3438 922.3472 46
-5282.0017 916.0970 44
-5281.6595 909.8468 32
-5281.3174 903.5966 31
-5280.9753 897.3463 48
-5280.6331 891.0961 24
-5280.2910 884.8459 38
-5279.9488 878.5957 11
-5279.6067 872.3454 45
-5279.2645 866.0952 34
-5278.9224 859.8450 7
-5278.5803 853.5948 12
-5278.2381 847.3445 20
-5277.8960 841.0943 45
-5277.5538 834.8441 36
-5277.2117 828.5939 14
-5276.8695 822.3436 32
-5276.5274 816.0934 12
-5276.1852 809.8432 20
-5275.8431 803.5930 28
-5275.5010 797.3428 17
-5275.1588 791.0925 1
-5274.8167 784.8423 12
-5274.4745 778.5921 46
-5274.1324 772.3419 9
-5273.7902 766.0916 46
-5273.4481 759.8414 34
-5273.1060 753.5912 31
-5272.7638 747.3410 1
-5272.4217 741.0907 43
-5272.0795 734.8405 18
-5271.7374 728.5903 17
-5271.3952 722.3401 24
-5271.0531 716.0898 16
-5270.7109 709.8396 16
-5270.3688 703.5894 13
-5270.0267 697.3392 34
-5269.6845 691.0889 31
-5269.3424 684.8387 21
-5269.0002 678.5885 47
-5268.6581 672.3383 27
-5268.3159 666.0880 25
-5267.9738 659.8378 40
-5267.6317 653.5876 14
-5267.2895 647.3374 19
-5266.9474 641.0871 34
-5266.6052 634.8369 18
-5266.2631 628.5867 30
-5265.9209 622.3365 49
-5265.5788 616.0863 23
-5265.2367 609.8360 24
-5264.8945 603.5858 32
-5264.5524 597.3356 19
-5264.2102 591.0854 31
-5263.8681 584.8351 8
-5263.5259 578.5849 43
-5263.1838 572.3347 6
-5262.8416 566.0845 44
-5262.4995 559.8342 25
-5262.1574 553.5840 21
-5261.8152 547.3338 43
-5261.4731 541.0836 11
-5261.1309 534.8333 42
-5260.7888 528.5831 3
-5260.4466 522.3329 49
-5260.1045 516.0827 43
-5259.7624 509.8324 24
-5259.4202 503.5822 27
-5259.0781 497.3320 7
-5258.7359 491.0818 7
-5258.3938 484.8315 2
-5258.0516 478.5813 36
-5257.7095 472.3311 47
-5257.3673 466.0809 6
-5257.0252 459.8306 6
-5256.6831 453.5804 13
-5256.3409 447.3302 2
-5255.9988 441.0800 6
-5255.6566 434.8298 16
-5255.3145 428.5795 38
-5254.9723 422.3293 45
-5254.6302 416.0791 22
-5254.2881 409.8289 24
-5253.9459 403.5786 47
-5253.6038 397.3284 23
-5253.2616 391.0782 16
-5252.9195 384.8280 26
-5252.5773 378.5777 29
-5252.2352 372.3275 8
-5251.8930 366.0773 26
-5251.5509 359.8271 18
-5251.2088 353.5768 27
-5250.8666 347.3266 4
-5250.5245 341.0764 18
-5250.1823 334.8262 16
-5249.8402 328.5759 13
-5249.4980 322.3257 48
-5249.1559 316.0755 47
-5248.8138 309.8253 20
-5248.4716 303.5750 16
-5248.1295 297.3248 20
-5247.7873 291.0746 33
-5247.4452 284.8244 29
-5247.1030 278.5741 5
-5246.7609 272.3239 42
-5246.4188 266.0737 46
-5246.0766 259.8235 9
-5245.7345 253.5733 15
-5245.3923 247.3230 18
-5245.0502 241.0728 17
-5244.7080 234.8226 27
-5244.3659 228.5724 37
-5244.0237 222.3221 30
-5243.6816 216.0719 48
-5243.3395 209.8217 47
-5242.9973 203.5715 1
-5242.6552 197.3212 13
-5242.3130 191.0710 30
-5241.9709 184.8208 34
-5241.6287 178.5706 39
-5241.2866 172.3203 4
-5240.9445 166.0701 49
-5240.6023 159.8199 20
-5240.2602 153.5697 36
-5239.9180 147.3194 31
-5239.5759 141.0692 10
-5239.2337 134.8190 12
-5238.8916 128.5688 27
-5238.5494 122.3185 26
-5238.2073 116.0683 27
-5237.8652 109.8181 16
-5237.5230 103.5679 34
-5237.1809 97.3176 48
-5236.8387 91.0674 41
-5236.4966 84.8172 15
-5236.1544 78.5670 9
-5235.8123 72.3168 30
-5235.4702 66.0665 1
-5235.1280 59.8163 33
-5234.7859 53.5661 1
-5234.4437 47.3159 9
-5234.1016 41.0656 24
-5233.7594 34.8154 29
-5233.4173 28.5652 28
-5233.0751 22.3150 41
-5232.7330 16.0647 19
-5232.3909 9.8145 4
-5232.0487 3.5643 40
-5231.7066 -2.6859 33
-5231.3644 -8.9362 30
-5231.0223 -15.1864 48
-5230.6801 -21.4366 11
-5230.3380 -27.6868 1
-5229.9959 -33.9371 36
-5229.6537 -40.1873 42
-5229.3116 -46.4375 25
-5228.9694 -52.6877 29
-5228.6273 -58.9380 27
-5228.2851 -65.1882 19
-5227.9430 -71.4384 37
-5227.6009 -77.6886 18
-5227.2587 -83.9389 23
-5226.9166 -90.1891 46
-5226.5744 -96.4393 10
-5226.2323 -102.6895 49
-5225.8901 -108.9397 34
-5225.5480 -115.1900 19
-5225.2058 -121.4402 39
-5224.8637 -127.6904 20
-5224.5216 -133.9406 6
-5224.1794 -140.1909 43
-5223.8373 -146.4411 15
-5223.4951 -152.6913 32
-5223.1530 -158.9415 49
-5222.8108 -165.1918 10
-5222.4687 -171.4420 30
-5222.1266 -177.6922 23
-5221.7844 -183.9424 29
-5221.4423 -190.1927 40
-5221.1001 -196.4429 29
-5220.7580 -202.6931 45
-5220.4158 -208.9433 9
-5220.0737 -215.1936 10
-5219.7315 -221.4438 43
-5219.3894 -227.6940 1
-5219.0473 -233.9442 46
-5218.7051 -240.1945 25
-5218.3630 -246.4447 30
-5218.0208 -252.6949 47
-5217.6787 -258.9451 49
-5217.3365 -265.1954 48
-5216.9944 -271.4456 12
-5216.6523 -277.6958 24
-5216.3101 -283.9460 49
-5215.9680 -290.1962 34
-5215.6258 -296.4465 7
-5215.2837 -302.6967 46
-5214.9415 -308.9469 34
-5214.5994 -315.1971 36
-5214.2572 -321.4474 47
-5213.9151 -327.6976 11
-5213.5730 -333.9478 10
-5213.2308 -340.1980 36
-5212.8887 -346.4483 22
-5212.5465 -352.6985 47
-5212.2044 -358.9487 40
-5211.8622 -365.1989 38
-5211.5201 -371.4492 19
-5211.1780 -377.6994 34
-5210.8358 -383.9496 35
-5210.4937 -390.1998 10
-5210.1515 -396.4501 40
-5209.8094 -402.7003 10
-5209.4672 -408.9505 3
-5209.1251 -415.2007 42
-5208.7830 -421.4510 46
-5208.4408 -427.7012 21
-5208.0987 -433.9514 13
-5207.7565 -440.2016 38
-5207.4144 -446.4519 5
-5207.0722 -452.7021 37
-5206.7301 -458.9523 45
-5206.3879 -465.2025 20
-5206.0458 -471.4527 16
-5205.7037 -477.7030 14
-5205.3615 -483.9532 9
-5205.0194 -490.2034 40
-5204.6772 -496.4536 3
-5204.3351 -502.7039 40
-5203.9929 -508.9541 37
-5203.6508 -515.2043 35
-5203.3087 -521.4545 18
-5202.9665 -527.7048 2
-5202.6244 -533.9550 42
-5202.2822 -540.2052 14
-5201.9401 -546.4554 41
-5201.5979 -552.7057 48
-5201.2558 -558.9559 14
-5200.9136 -565.2061 3
-5200.5715 -571.4563 5
-5200.2294 -577.7066 9
-5199.8872 -583.9568 1
-5199.5451 -590.2070 14
-5199.2029 -596.4572 32
-5198.8608 -602.7075 21
-5198.5186 -608.9577 11
-5198.1765 -615.2079 13
-5197.8344 -621.4581 32
-5197.4922 -627.7084 35
-5197.1501 -633.9586 20
-5196.8079 -640.2088 2
-5196.4658 -646.4590 28
-5196.1236 -652.7092 42
-5195.7815 -658.9595 34
-5195.4394 -665.2097 14
-5195.0972 -671.4599 25
-5194.7551 -677.7101 21
-5194.4129 -683.9604 45
-5194.0708 -690.2106 17
-5193.7286 -696.4608 29
-5193.3865 -702.7110 6
-5193.0443 -708.9613 47
-5192.7022 -715.2115 42
-5192.3601 -721.4617 30
-5192.0179 -727.7119 11
-5191.6758 -733.9622 3
-5191.3336 -740.2124 34
-5190.9915 -746.4626 32
-5190.6493 -752.7128 40
-5190.3072 -758.9631 30
-5189.9651 -765.2133 7
-5189.6229 -771.4635 36
-5189.2808 -777.7137 16
-5188.9386 -783.9640 16
-5188.5965 -790.2142 32
-5188.2543 -796.4644 45
-5187.9122 -802.7146 31
-5187.5700 -808.9649 24
-5187.2279 -815.2151 18
-5186.8858 -821.4653 26
-5186.5436 -827.7155 3
-5186.2015 -833.9657 24
-5185.8593 -840.2160 30
-5185.5172 -846.4662 32
-5185.1750 -852.7164 2
-5184.8329 -858.9666 4
-5184.4908 -865.2169 47
-5184.1486 -871.4671 33
-5183.8065 -877.7173 42
-5183.4643 -883.9675 25
-5183.1222 -890.2178 42
-5182.7800 -896.4680 28
-5182.4379 -902.7182 25
-5182.0957 -908.9684 31
-5181.7536 -915.2187 35
-5181.4115 -921.4689 28
-5181.0693 -927.7191 13
-5180.7272 -933.9693 45
-5180.3850 -940.2196 44
-5180.0429 -946.4698 14
-5179.7007 -952.7200 48
-5179.3586 -958.9702 21
-5179.0165 -965.2205 47
-5178.6743 -971.4707 35
-5178.3322 -977.7209 3
-5177.9900 -983.9711 12
-5177.6479 -990.2214 9
-5177.3057 -996.4716 38
-5176.9636 -1002.7218 46
-5176.6215 -1008.9720 45
-5176.2793 -1015.2222 14
-5175.9372 -1021.4725 43
-5175.5950 -1027.7227 22
-5175.2529 -1033.9729 45
-5174.9107 -1040.2231 18
-5174.5686 -1046.4734 43
-5174.2264 -1052.7236 27
-5173.8843 -1058.9738 43
-5173.5422 -1065.2240 34
-5173.2000 -1071.4743 18
-5172.8579 -1077.7245 2
-5172.5157 -1083.9747 5
-5172.1736 -1090.2249 49
-5171.8314 -1096.4752 6
-5171.4893 -1102.7254 43
-5171.1472 -1108.9756 25
-5170.8050 -1115.2258 21
-5170.4629 -1121.4761 40
-5170.1207 -1127.7263 29
-5169.7786 -1133.9765 18
-5169.4364 -1140.2267 27
-5169.0943 -1146.4770 37
-5168.7521 -1152.7272 8
-5168.4100 -1158.9774 44
-5168.0679 -1165.2276 24
-5167.7257 -1171.4779 11
-5167.3836 -1177.7281 25
-5167.0414 -1183.9783 31
-5166.6993 -1190.2285 44
-5166.3571 -1196.4787 40
-5166.0150 -1202.7290 30
-5165.6729 -1208.9792 43
-5165.3307 -1215.2294 12
-5164.9886 -1221.4796 17
-5164.6464 -1227.7299 16
-5164.3043 -1233.9801 24
-5163.9621 -1240.2303 44
-5163.6200 -1246.4805 39
-5163.2778 -1252.7308 22
-5162.9357 -1258.9810 32
-5162.5936 -1265.2312 5
-5162.2514 -1271.4814 31
-5161.9093 -1277.7317 36
-5161.5671 -1283.9819 44
-5161.2250 -1290.2321 40
-5160.8828 -1296.4823 5
-5160.5407 -1302.7326 32
-5160.1986 -1308.9828 24
-5159.8564 -1315.2330 41
-5159.5143 -1321.4832 44
-5159.1721 -1327.7335 35
-5158.8300 -1333.9837 5
-5158.4878 -1340.2339 36
-5158.1457 -1346.4841 25
-5157.8036 -1352.7344 23
-5157.4614 -1358.9846 47
-5157.1193 -1365.2348 20
-5156.7771 -1371.4850 25
-5156.4350 -1377.7352 21
-5156.0928 -1383.9855 8
-5155.7507 -1390.2357 31
-5155.4085 -1396.4859 42
-5155.0664 -1402.7361 44
-5154.7243 -1408.9864 17
-5154.3821 -1415.2366 19
-5154.0400 -1421.4868 17
-5153.6978 -1427.7370 26
-5153.3557 -1433.9873 49
-5153.0135 -1440.2375 19
-5152.6714 -1446.4877 4
-5152.3293 -1452.7379 21
-5151.9871 -1458.9882 26
-5151.6450 -1465.2384 5
-5151.3028 -1471.4886 24
-5150.9607 -1477.7388 47
-5150.6185 -1483.9891 39
-5150.2764 -1490.2393 43
-5149.9342 -1496.4895 46
-5149.5921 -1502.7397 42
-5149.2500 -1508.9900 27
-5148.9078 -1515.2402 13
-5148.5657 -1521.4904 28
-5148.2235 -1527.7406 37
-5147.8814 -1533.9909 4
-5147.5392 -1540.2411 38
-5147.1971 -1546.4913 21
-5146.8550 -1552.7415 28
-5146.5128 -1558.9917 7
-5146.1707 -1565.2420 18
-5145.8285 -1571.4922 7
-5145.4864 -1577.7424 14
-5145.1442 -1583.9926 7
-5144.8021 -1590.2429 40
-5144.4599 -1596.4931 21
-5144.1178 -1602.7433 24
-5143.7757 -1608.9935 20
-5143.4335 -1615.2438 23
-5143.0914 -1621.4940 13
-5142.7492 -1627.7442 18
-5142.4071 -1633.9944 15
-5142.0649 -1640.2447 42
-5141.7228 -1646.4949 18
-5141.3807 -1652.7451 11
-5141.0385 -1658.9953 46
-5140.6964 -1665.2456 40
-5140.3542 -1671.4958 20
-5140.0121 -1677.7460 8
-5139.6699 -1683.9962 17
-5139.3278 -1690.2465 31
-5138.9857 -1696.4967 12
-5138.6435 -1702.7469 4
-5138.3014 -1708.9971 30
-5137.9592 -1715.2474 44
-5137.6171 -1721.4976 10
-5137.2749 -1727.7478 7
-5136.9328 -1733.9980 27
-5136.5906 -1740.2482 14
-5136.2485 -1746.4985 35
-5135.9064 -1752.7487 26
-5135.5642 -1758.9989 44
-5135.2221 -1765.2491 20
-5134.8799 -1771.4994 35
-5134.5378 -1777.7496 25
-5134.1956 -1783.9998 26
-5133.8535 -1790.2500 35
-5133.5114 -1796.5003 27
-5133.1692 -1802.7505 49
-5132.8271 -1809.0007 37
-5132.4849 -1815.2509 39
-5132.1428 -1821.5012 35
-5131.8006 -1827.7514 11
-5131.4585 -1834.0016 36
-5131.1163 -1840.2518 11
-5130.7742 -1846.5021 3
-5130.4321 -1852.7523 34
-5130.0899 -1859.0025 29
-5129.7478 -1865.2527 39
-5129.4056 -1871.5030 31
-5129.0635 -1877.7532 40
-5128.7213 -1884.0034 2
-5128.3792 -1890.2536 20
-5128.0371 -1896.5039 3
-5127.6949 -1902.7541 22
-5127.3528 -1909.0043 8
-5127.0106 -1915.2545 20
-5126.6685 -1921.5047 29
-5126.3263 -1927.7550 34
-5125.9842 -1934.0052 10
-5125.6421 -1940.2554 17
-5125.2999 -1946.5056 27
-5124.9578 -1952.7559 16
-5124.6156 -1959.0061 18
-5124.2735 -1965.2563 44
-5123.9313 -1971.5065 2
-5123.5892 -1977.7568 48
-5123.2470 -1984.0070 44
-5122.9049 -1990.2572 1
-5122.5628 -1996.5074 49
-5122.2206 -2002.7577 41
-5121.8785 -2009.0079 7
-5121.5363 -2015.2581 27
-5121.1942 -2021.5083 6
-5120.8520 -2027.7586 2
-5120.5099 -2034.0088 28
-5120.1678 -2040.2590 46
-5119.8256 -2046.5092 20
-5119.4835 -2052.7595 24
-5119.1413 -2059.0097 25
-5118.7992 -2065.2599 6
-5118.4570 -2071.5101 35
-5118.1149 -2077.7604 19
-5117.7727 -2084.0106 46
-5117.4306 -2090.2608 19
-5117.0885 -2096.5110 17
-5116.7463 -2102.7612 37
-5116.4042 -2109.0115 28
-5116.0620 -2115.2617 20
-5115.7199 -2121.5119 8
-5115.3777 -2127.7621 27
-5115.0356 -2134.0124 46
-5114.6935 -2140.2626 7
-5114.3513 -2146.5128 3
-5114.0092 -2152.7630 26
-5113.6670 -2159.0133 49
-5113.3249 -2165.2635 8
-5112.9827 -2171.5137 42
-5112.6406 -2177.7639 36
-5112.2984 -2184.0142 18
-5111.9563 -2190.2644 41
-5111.6142 -2196.5146 40
-5111.2720 -2202.7648 23
-5110.9299 -2209.0151 14
-5110.5877 -2215.2653 36
-5110.2456 -2221.5155 10
-5109.9034 -2227.7657 14
-5109.5613 -2234.0160 43
-5109.2192 -2240.2662 3
-5108.8770 -2246.5164 40
-5108.5349 -2252.7666 15
-5108.1927 -2259.0169 47
-5107.8506 -2265.2671 12
-5107.5084 -2271.5173 18
-5107.1663 -2277.7675 23
-5106.8242 -2284.0177 42
-5106.4820 -2290.2680 42
-5106.1399 -2296.5182 31
-5105.7977 -2302.7684 46
-5105.4556 -2309.0186 29
-5105.1134 -2315.2689 32
-5104.7713 -2321.5191 33
-5104.4291 -2327.7693 43
-5104.0870 -2334.0195 8
-5103.7449 -2340.2698 28
-5103.4027 -2346.5200 11
-5103.0606 -2352.7702 43
-5102.7184 -2359.0204 28
-5102.3763 -2365.2707 11
-5102.0341 -2371.5209 42
-5101.6920 -2377.7711 37
-5101.3499 -2384.0213 11
-5101.0077 -2390.2716 47
-5100.6656 -2396.5218 49
-5100.3234 -2402.7720 3
-5099.9813 -2409.0222 36
-5099.6391 -2415.2725 44
-5099.2970 -2421.5227 42
-5098.9548 -2427.7729 33
-5098.6127 -2434.0231 13
-5098.2706 -2440.2734 1
-5097.9284 -2446.5236 37
-5097.5863 -2452.7738 15
-5097.2441 -2459.0240 40
-5096.9020 -2465.2742 5
-5096.5598 -2471.5245 35
-5096.2177 -2477.7747 21
-5095.8756 -2484.0249 27
-5095.5334 -2490.2751 18
-5095.1913 -2496.5254 22
-5094.8491 -2502.7756 15
-5094.5070 -2509.0258 44
-5094.1648 -2515.2760 10
-5093.8227 -2521.5263 6
-5093.4805 -2527.7765 2
-5093.1384 -2534.0267 11
-5092.7963 -2540.2769 44
-5092.4541 -2546.5272 26
-5092.1120 -2552.7774 15
-5091.7698 -2559.0276 4
-5091.4277 -2565.2778 37
-5091.0855 -2571.5281 25
-5090.7434 -2577.7783 33
-5090.4013 -2584.0285 30
-5090.0591 -2590.2787 37
-5089.7170 -2596.5290 40
-5089.3748 -2602.7792 43
-5089.0327 -2609.0294 4
-5088.6905 -2615.2796 4
-5088.3484 -2621.5299 6
-5088.0063 -2627.7801 31
-5087.6641 -2634.0303 17
-5087.3220 -2640.2805 30
-5086.9798 -2646.5307 40
-5086.6377 -2652.7810 44
-5086.2955 -2659.0312 15
-5085.9534 -2665.2814 9
-5085.6112 -2671.5316 12
-5085.2691 -2677.7819 3
-5084.9270 -2684.0321 32
-5084.5848 -2690.2823 2
-5084.2427 -2696.5325 48
-5083.9005 -2702.7828 42
-5083.5584 -2709.0330 25
-5083.2162 -2715.2832 37
-5082.8741 -2721.5334 20
-5082.5320 -2727.7837 19
-5082.1898 -2734.0339 14
-5081.8477 -2740.2841 3
-5081.5055 -2746.5343 28
-5081.1634 -2752.7846 1
-5080.8212 -2759.0348 33
-5080.4791 -2765.2850 2
-5080.1369 -2771.5352 15
-5079.7948 -2777.7855 1
-5079.4527 -2784.0357 44
-5079.1105 -2790.2859 36
-5078.7684 -2796.5361 34
-5078.4262 -2802.7864 23
-5078.0841 -2809.0366 39
-5077.7419 -2815.2868 37
-5077.3998 -2821.5370 21
-5077.0577 -2827.7872 11
-5076.7155 -2834.0375 43
-5076.3734 -2840.2877 4
-5076.0312 -2846.5379 7
-5075.6891 -2852.7881 34
-5075.3469 -2859.0384 9
-5075.0048 -2865.2886 19
-5074.6626 -2871.5388 21
-5074.3205 -2877.7890 43
-5073.9784 -2884.0393 32
-5073.6362 -2890.2895 12
-5073.2941 -2896.5397 22
-5072.9519 -2902.7899 3
-5072.6098 -2909.0402 48
-5072.2676 -2915.2904 9
-5071.9255 -2921.5406 9
-5071.5834 -2927.7908 17
-5071.2412 -2934.0411 6
-5070.8991 -2940.2913 43
-5070.5569 -2946.5415 37
-5070.2148 -2952.7917 46
-5069.8726 -2959.0420 9
-5069.5305 -2965.2922 14
-5069.1884 -2971.5424 40
-5068.8462 -2977.7926 7
-5068.5041 -2984.0429 22
-5068.1619 -2990.2931 9
-5067.8198 -2996.5433 17
-5067.4776 -3002.7935 3
-5067.1355 -3009.0437 31
-5066.7933 -3015.2940 26
-5066.4512 -3021.5442 41
-5066.1091 -3027.7944 37
-5065.7669 -3034.0446 46
-5065.4248 -3040.2949 4
-5065.0826 -3046.5451 10
-5064.7405 -3052.7953 34
-5064.3983 -3059.0455 16
-5064.0562 -3065.2958 37
-5063.7141 -3071.5460 39
-5063.3719 -3077.7962 29
-5063.0298 -3084.0464 27
-5062.6876 -3090.2967 8
-5062.3455 -3096.5469 44
-5062.0033 -3102.7971 6
-5061.6612 -3109.0473 21
-5061.3190 -3115.2976 18
-5060.9769 -3121.5478 13
-5060.6348 -3127.7980 6
-5060.2926 -3134.0482 27
-5059.9505 -3140.2985 38
-5059.6083 -3146.5487 45
-5059.2662 -3152.7989 6
-5058.9240 -3159.0491 22
-5058.5819 -3165.2994 5
-5058.2398 -3171.5496 38
-5057.8976 -3177.7998 4
-5057.5555 -3184.0500 31
-5057.2133 -3190.3002 35
-5056.8712 -3196.5505 42
-5056.5290 -3202.8007 36
-5056.1869 -3209.0509 37
-5055.8447 -3215.3011 33
-5055.5026 -3221.5514 36
-5055.1605 -3227.8016 21
-5054.8183 -3234.0518 16
-5054.4762 -3240.3020 28
-5054.1340 -3246.5523 25
-5053.7919 -3252.8025 12
-5053.4497 -3259.0527 30
-5053.1076 -3265.3029 2
-5052.7655 -3271.5532 6
-5052.4233 -3277.8034 42
-5052.0812 -3284.0536 27
-5051.7390 -3290.3038 17
-5051.3969 -3296.5541 2
-5051.0547 -3302.8043 40
-5050.7126 -3309.0545 28
-5050.3705 -3315.3047 15
-5050.0283 -3321.5550 36
-5049.6862 -3327.8052 44
-5049.3440 -3334.0554 2
-5049.0019 -3340.3056 25
-5048.6597 -3346.5559 34
-5048.3176 -3352.8061 47
-5047.9754 -3359.0563 26
-5047.6333 -3365.3065 14
-5047.2912 -3371.5567 10
-5046.9490 -3377.8070 24
-5046.6069 -3384.0572 46
-5046.2647 -3390.3074 43
-5045.9226 -3396.5576 28
-5045.5804 -3402.8079 48
-5045.2383 -3409.0581 45
-5044.8962 -3415.3083 24
-5044.5540 -3421.5585 44
-5044.2119 -3427.8088 48
-5043.8697 -3434.0590 29
-5043.5276 -3440.3092 9
-5043.1854 -3446.5594 14
-5042.8433 -3452.8097 5
-5042.5011 -3459.0599 11
-5042.1590 -3465.3101 43
-5041.8169 -3471.5603 28
-5041.4747 -3477.8106 9
-5041.1326 -3484.0608 46
-5040.7904 -3490.3110 45
-5040.4483 -3496.5612 33
-5040.1061 -3502.8115 17
-5039.7640 -3509.0617 11
-5039.4219 -3515.3119 18
-5039.0797 -3521.5621 49
-5038.7376 -3527.8124 1
-5038.3954 -3534.0626 43
-5038.0533 -3540.3128 39
-5037.7111 -3546.5630 25
-5037.3690 -3552.8132 42
-5037.0269 -3559.0635 42
-5036.6847 -3565.3137 43
-5036.3426 -3571.5639 48
-5036.0004 -3577.8141 32
-5035.6583 -3584.0644 13
-5035.3161 -3590.3146 48
-5034.9740 -3596.5648 32
-5034.6318 -3602.8150 45
-5034.2897 -3609.0653 19
-5033.9476 -3615.3155 25
-5033.6054 -3621.5657 34
-5033.2633 -3627.8159 25
-5032.9211 -3634.0662 28
-5032.5790 -3640.3164 35
-5032.2368 -3646.5666 8
-5031.8947 -3652.8168 26
-5031.5526 -3659.0671 32
-5031.2104 -3665.3173 49
-5030.8683 -3671.5675 40
-5030.5261 -3677.8177 9
-5030.1840 -3684.0680 14
-5029.8418 -3690.3182 6
-5029.4997 -3696.5684 7
-5029.1575 -3702.8186 9
-5028.8154 -3709.0689 33
-5028.4733 -3715.3191 13
-5028.1311 -3721.5693 3
-5027.7890 -3727.8195 10
-5027.4468 -3734.0697 2
-5027.1047 -3740.3200 5
-5026.7625 -3746.5702 8
-5026.4204 -3752.8204 48
-5026.0783 -3759.0706 26
-5025.7361 -3765.3209 21
-5025.3940 -3771.5711 25
-5025.0518 -3777.8213 2
-5024.7097 -3784.0715 15
-5024.3675 -3790.3218 45
-5024.0254 -3796.5720 27
-5023.6832 -3802.8222 43
-5023.3411 -3809.0724 15
-5022.9990 -3815.3227 35
-5022.6568 -3821.5729 22
-5022.3147 -3827.8231 44
-5021.9725 -3834.0733 8
-5021.6304 -3840.3236 41
-5021.2882 -3846.5738 34
-5020.9461 -3852.8240 5
-5020.6040 -3859.0742 20
-5020.2618 -3865.3245 37
-5019.9197 -3871.5747 7
-5019.5775 -3877.8249 46
-5019.2354 -3884.0751 30
-5018.8932 -3890.3254 4
-5018.5511 -3896.5756 26
-5018.2090 -3902.8258 11
-5017.8668 -3909.0760 11
-5017.5247 -3915.3262 15
-5017.1825 -3921.5765 28
-5016.8404 -3927.8267 46
-5016.4982 -3934.0769 23
-5016.1561 -3940.3271 6
-5015.8139 -3946.5774 13
-5015.4718 -3952.8276 14
-5015.1297 -3959.0778 49
-5014.7875 -3965.3280 8
-5014.4454 -3971.5783 9
-5014.1032 -3977.8285 30
-5013.7611 -3984.0787 8
-5013.4189 -3990.3289 2
-5013.0768 -3996.5792 7
-5012.7347 -4002.8294 48
-5012.3925 -4009.0796 37
-5012.0504 -4015.3298 49
-5011.7082 -4021.5801 15
-5011.3661 -4027.8303 24
-5011.0239 -4034.0805 27
-5010.6818 -4040.3307 40
-5010.3396 -4046.5810 10
-5009.9975 -4052.8312 39
-5009.6554 -4059.0814 45
-5009.3132 -4065.3316 34
-5008.9711 -4071.5819 1
-5008.6289 -4077.8321 21
-5008.2868 -4084.0823 7
-5007.9446 -4090.3325 42
-5007.6025 -4096.5827 15
-5007.2604 -4102.8330 7
-5006.9182 -4109.0832 7
-5006.5761 -4115.3334 36
-5006.2339 -4121.5836 24
-5005.8918 -4127.8339 30
-5005.5496 -4134.0841 24
-5005.2075 -4140.3343 41
-5004.8653 -4146.5845 32
-5004.5232 -4152.8348 36
-5004.1811 -4159.0850 10
-5003.8389 -4165.3352 38
-5003.4968 -4171.5854 4
-5003.1546 -4177.8357 45
-5002.8125 -4184.0859 24
-5002.4703 -4190.3361 35
-5002.1282 -4196.5863 30
-5001.7861 -4202.8366 9
-5001.4439 -4209.0868 17
-5001.1018 -4215.3370 18
-5000.7596 -4221.5872 10
-5000.4175 -4227.8375 19
-5000.0753 -4234.0877 18
-4999.7332 -4240.3379 40
-4999.3911 -4246.5881 48
-4999.0489 -4252.8384 7
-4998.7068 -4259.0886 12
-4998.3646 -4265.3388 39
-4998.0225 -4271.5890 2
-4997.6803 -4277.8392 43
-4997.3382 -4284.0895 46
-4996.9960 -4290.3397 14
-4996.6539 -4296.5899 24
-4996.3118 -4302.8401 14
-4995.9696 -4309.0904 36
-4995.6275 -4315.3406 43
-4995.2853 -4321.5908 48
-4994.9432 -4327.8410 30
-4994.6010 -4334.0913 8
-4994.2589 -4340.3415 24
-4993.9168 -4346.5917 8
-4993.5746 -4352.8419 25
-4993.2325 -4359.0922 12
-4992.8903 -4365.3424 33
-4992.5482 -4371.5926 40
-4992.2060 -4377.8428 47
-4991.8639 -4384.0931 13
-4991.5217 -4390.3433 34
-4991.1796 -4396.5935 35
-4990.8375 -4402.8437 21
-4990.4953 -4409.0940 28
-4990.1532 -4415.3442 34
-4989.8110 -4421.5944 4
-4989.4689 -4427.8446 9
-4989.1267 -4434.0949 14
-4988.7846 -4440.3451 29
-4988.4425 -4446.5953 14
-4988.1003 -4452.8455 46
-4987.7582 -4459.0957 30
-4987.4160 -4465.3460 23
-4987.0739 -4471.5962 20
-4986.7317 -4477.8464 18
-4986.3896 -4484.0966 45
-4986.0474 -4490.3469 7
-4985.7053 -4496.5971 1
-4985.3632 -4502.8473 14
-4985.0210 -4509.0975 8
-4984.6789 -4515.3478 46
-4984.3367 -4521.5980 28
-4983.9946 -4527.8482 25
-4983.6524 -4534.0984 1
-4983.3103 -4540.3487 34
-4982.9682 -4546.5989 25
-4982.6260 -4552.8491 3
-4982.2839 -4559.0993 12
-4981.9417 -4565.3496 3
-4981.5996 -4571.5998 36
-4981.2574 -4577.8500 16
-4980.9153 -4584.1002 31
-4980.5732 -4590.3505 27
-4980.2310 -4596.6007 12
-4979.8889 -4602.8509 47
-4979.5467 -4609.1011 40
-4979.2046 -4615.3514 16
-4978.8624 -4621.6016 34
-4978.5203 -4627.8518 48
-4978.1781 -4634.1020 49
-4977.8360 -4640.3522 1
-4977.4939 -4646.6025 41
-4977.1517 -4652.8527 45
-4976.8096 -4659.1029 32
-4976.4674 -4665.3531 3
-4976.1253 -4671.6034 2
-4975.7831 -4677.8536 47
-4975.4410 -4684.1038 34
-4975.0989 -4690.3540 8
-4974.7567 -4696.6043 18
-4974.4146 -4702.8545 11
-4974.0724 -4709.1047 16
-4973.7303 -4715.3549 45
-4973.3881 -4721.6052 16
-4973.0460 -4727.8554 3
-4972.7038 -4734.1056 17
